5 Minutes	Lane 1 Flow (Veh/5 Minutes)	Lane 1 Speed (mph)	Lane 2 Flow (Veh/5 Minutes)	Lane 2 Speed (mph)	Lane 3 Flow (Veh/5 Minutes)	Lane 3 Speed (mph)	Lane 4 Flow (Veh/5 Minutes)	Lane 4 Speed (mph)	Lane 5 Flow (Veh/5 Minutes)	Lane 5 Speed (mph)	Flow (Veh/5 Minutes)	Speed (mph)	# Lane Points	% Observed
04/29/2006 00:00	15.0	76.5	26.0	74.0	36.0	72.0	40.0	69.2	33.0	64.5	150.0	70.4	5	100.0
04/29/2006 00:05	20.0	76.8	29.0	73.2	33.0	70.9	30.0	69.8	23.0	62.7	135.0	70.6	5	100.0
04/29/2006 00:10	23.0	78.4	30.0	71.3	38.0	74.7	28.0	58.3	19.0	59.2	138.0	69.1	5	100.0
04/29/2006 00:15	17.0	77.9	28.0	73.4	32.0	72.7	29.0	61.2	29.0	63.3	135.0	69.0	5	100.0
04/29/2006 00:20	21.0	77.7	34.0	70.8	34.0	73.9	30.0	63.1	30.0	66.5	149.0	70.1	5	100.0
04/29/2006 00:25	14.0	78.0	26.0	69.2	30.0	74.1	26.0	69.8	27.0	66.2	123.0	70.9	5	100.0
04/29/2006 00:30	21.0	80.2	16.0	72.1	31.0	75.4	27.0	65.8	22.0	60.3	117.0	70.8	5	100.0
04/29/2006 00:35	8.0	78.6	30.0	74.2	24.0	69.6	30.0	67.4	22.0	62.4	114.0	69.5	5	100.0
04/29/2006 00:40	14.0	78.5	23.0	73.8	23.0	72.3	23.0	62.8	26.0	59.1	109.0	68.3	5	100.0
04/29/2006 00:45	15.0	78.2	30.0	73.3	35.0	73.9	26.0	62.7	27.0	61.8	133.0	69.6	5	100.0
04/29/2006 00:50	8.0	77.6	25.0	72.0	25.0	72.5	24.0	62.3	25.0	60.9	107.0	67.8	5	100.0
04/29/2006 00:55	11.0	77.2	23.0	74.3	21.0	70.6	24.0	68.4	21.0	60.7	100.0	69.6	5	100.0
04/29/2006 01:00	12.0	76.7	18.0	73.0	19.0	68.5	18.0	69.9	16.0	63.1	83.0	69.9	5	100.0
04/29/2006 01:05	9.0	76.1	17.0	73.0	23.0	67.6	21.0	58.9	18.0	57.3	88.0	65.3	5	100.0
04/29/2006 01:10	12.0	76.1	22.0	73.6	25.0	70.3	22.0	55.1	19.0	63.2	100.0	67.0	5	100.0
04/29/2006 01:15	4.0	76.4	21.0	72.9	18.0	71.9	17.0	58.1	18.0	60.1	78.0	66.7	5	100.0
04/29/2006 01:20	8.0	76.3	21.0	72.6	24.0	69.6	22.0	62.6	17.0	56.7	92.0	66.8	5	100.0
04/29/2006 01:25	8.0	76.5	14.0	73.6	18.0	73.1	13.0	67.5	12.0	61.4	65.0	70.3	5	100.0
04/29/2006 01:30	10.0	76.7	16.0	72.6	21.0	73.5	21.0	66.8	22.0	63.1	90.0	69.6	5	100.0
04/29/2006 01:35	9.0	76.4	17.0	73.4	30.0	76.4	21.0	65.7	17.0	63.5	94.0	71.1	5	100.0
04/29/2006 01:40	14.0	75.8	27.0	75.4	23.0	73.3	24.0	65.7	19.0	57.6	107.0	69.7	5	100.0
04/29/2006 01:45	6.0	76.4	20.0	73.7	17.0	71.1	19.0	63.4	16.0	60.5	78.0	68.1	5	100.0
04/29/2006 01:50	8.0	76.6	16.0	73.8	14.0	71.9	17.0	69.2	19.0	63.0	74.0	69.9	5	100.0
04/29/2006 01:55	8.0	76.4	17.0	74.0	20.0	69.3	18.0	63.1	14.0	63.2	77.0	68.5	5	100.0
04/29/2006 02:00	9.0	76.6	24.0	71.4	18.0	68.7	10.0	63.6	5.0	64.2	66.0	69.6	5	100.0
04/29/2006 02:05	18.0	75.8	18.0	72.1	25.0	69.0	21.0	64.9	25.0	61.9	107.0	68.2	5	100.0
04/29/2006 02:10	11.0	76.0	21.0	71.1	26.0	69.4	22.0	60.0	25.0	58.8	105.0	65.9	5	100.0
04/29/2006 02:15	11.0	76.4	18.0	73.1	17.0	70.7	19.0	68.9	22.0	56.6	87.0	68.0	5	100.0
04/29/2006 02:20	5.0	76.5	16.0	72.8	21.0	69.9	22.0	64.0	19.0	60.3	83.0	67.1	5	100.0
04/29/2006 02:25	13.0	75.9	22.0	72.4	26.0	71.6	20.0	64.7	22.0	63.3	103.0	69.2	5	100.0
04/29/2006 02:30	10.0	75.6	13.0	72.8	13.0	70.7	17.0	67.0	14.0	65.3	67.0	69.8	5	100.0
04/29/2006 02:35	6.0	76.1	17.0	71.3	14.0	71.9	19.0	70.9	18.0	61.2	74.0	69.2	5	100.0
04/29/2006 02:40	9.0	76.4	13.0	72.7	15.0	73.4	16.0	65.7	17.0	62.6	70.0	69.3	5	100.0
04/29/2006 02:45	7.0	76.5	16.0	73.7	20.0	72.7	18.0	69.9	11.0	63.8	72.0	71.2	5	100.0
04/29/2006 02:50	5.0	76.6	16.0	73.7	20.0	74.3	14.0	67.1	15.0	65.0	70.0	70.9	5	100.0
04/29/2006 02:55	7.0	76.6	10.0	74.1	14.0	74.4	17.0	68.9	14.0	66.1	62.0	71.2	5	100.0
04/29/2006 03:00	9.0	76.6	16.0	74.8	10.0	74.1	10.0	70.0	13.0	65.2	58.0	72.0	5	100.0
04/29/2006 03:05	2.0	76.6	9.0	74.4	11.0	73.1	10.0	70.6	8.0	64.9	40.0	71.3	5	100.0
04/29/2006 03:10	4.0	76.6	9.0	73.9	11.0	73.0	12.0	68.1	14.0	66.2	50.0	70.4	5	100.0
04/29/2006 03:15	0.0	76.6	5.0	74.1	10.0	72.8	14.0	68.9	15.0	68.2	44.0	70.1	5	100.0
04/29/2006 03:20	0.0	76.6	10.0	74.4	10.0	73.3	10.0	67.3	10.0	67.7	40.0	70.7	5	100.0
04/29/2006 03:25	0.0	76.6	10.0	74.5	10.0	73.5	10.0	66.5	10.0	67.5	40.0	70.5	5	100.0
04/29/2006 03:30	0.0	76.6	10.0	74.6	10.0	73.6	10.0	66.1	10.0	67.4	40.0	70.4	5	100.0
04/29/2006 03:35	0.0	76.6	10.0	74.6	10.0	73.7	10.0	65.9	10.0	67.3	40.0	70.4	5	100.0
04/29/2006 03:40	0.0	76.6	10.0	74.6	10.0	73.7	10.0	65.8	10.0	67.3	40.0	70.3	5	100.0
04/29/2006 03:45	2.0	76.2	10.0	74.6	13.0	72.4	11.0	66.0	12.0	65.6	48.0	69.8	5	100.0
04/29/2006 03:50	1.0	76.4	7.0	73.9	12.0	72.8	13.0	65.4	8.0	65.1	41.0	69.2	5	100.0
04/29/2006 03:55	2.0	76.5	9.0	74.0	11.0	72.8	12.0	65.5	11.0	65.6	45.0	69.5	5	100.0
04/29/2006 04:00	7.0	76.2	10.0	73.7	13.0	72.7	12.0	68.7	10.0	64.1	52.0	70.8	5	100.0
04/29/2006 04:05	6.0	76.4	4.0	74.0	9.0	72.1	10.0	66.3	5.0	65.0	34.0	70.3	5	100.0
04/29/2006 04:10	3.0	76.5	11.0	73.7	10.0	72.6	12.0	65.2	10.0	62.7	46.0	69.0	5	100.0
04/29/2006 04:15	1.0	76.5	6.0	73.5	8.0	71.9	12.0	66.1	13.0	64.7	40.0	68.2	5	100.0
04/29/2006 04:20	1.0	76.5	5.0	73.6	10.0	72.5	11.0	66.8	9.0	63.8	36.0	68.8	5	100.0
04/29/2006 04:25	2.0	76.5	8.0	74.0	16.0	71.4	13.0	61.5	9.0	63.9	48.0	68.0	5	100.0
04/29/2006 04:30	3.0	76.5	11.0	72.8	12.0	68.9	17.0	61.4	9.0	62.0	52.0	66.5	5	100.0
04/29/2006 04:35	2.0	76.1	8.0	72.3	9.0	69.3	8.0	60.1	14.0	57.4	41.0	64.4	5	100.0
04/29/2006 04:40	1.0	76.3	11.0	73.5	12.0	68.6	11.0	63.2	12.0	58.4	47.0	66.0	5	100.0
04/29/2006 04:45	5.0	76.4	8.0	73.7	10.0	71.4	10.0	67.4	13.0	60.0	46.0	68.3	5	100.0
04/29/2006 04:50	10.0	76.5	9.0	74.1	6.0	70.8	12.0	64.9	9.0	62.5	46.0	69.5	5	100.0
04/29/2006 04:55	1.0	76.5	7.0	74.0	8.0	71.7	8.0	54.9	7.0	61.8	31.0	65.8	5	100.0
04/29/2006 05:00	0.0	76.5	7.0	73.4	12.0	72.0	8.0	63.3	12.0	60.6	39.0	67.0	5	100.0
04/29/2006 05:05	1.0	76.5	10.0	74.2	12.0	70.6	10.0	63.0	13.0	61.7	46.0	67.3	5	100.0
04/29/2006 05:10	0.0	76.5	8.0	74.2	12.0	69.9	13.0	66.0	6.0	63.0	39.0	68.4	5	100.0
04/29/2006 05:15	2.0	76.5	14.0	74.6	13.0	69.7	15.0	62.9	10.0	61.7	54.0	67.9	5	100.0
04/29/2006 05:20	4.0	76.5	9.0	74.7	15.0	72.4	13.0	67.0	8.0	62.2	49.0	70.1	5	100.0
04/29/2006 05:25	1.0	76.5	9.0	74.5	15.0	65.2	13.0	67.1	10.0	62.4	48.0	67.1	5	100.0
04/29/2006 05:30	6.0	76.5	10.0	73.3	10.0	68.4	11.0	68.0	13.0	57.3	50.0	67.4	5	100.0
04/29/2006 05:35	2.0	76.5	11.0	73.9	15.0	70.4	16.0	63.6	9.0	61.0	53.0	67.7	5	100.0
04/29/2006 05:40	2.0	76.5	12.0	73.5	12.0	70.4	11.0	61.0	10.0	63.4	47.0	67.8	5	100.0
04/29/2006 05:45	4.0	76.5	16.0	74.5	18.0	68.8	14.0	61.8	11.0	59.9	63.0	67.6	5	100.0
04/29/2006 05:50	8.0	75.5	17.0	72.0	14.0	69.9	17.0	68.5	18.0	64.1	74.0	69.3	5	100.0
04/29/2006 05:55	0.0	75.5	12.0	72.1	14.0	70.4	16.0	67.2	10.0	63.8	52.0	68.5	5	100.0
04/29/2006 06:00	7.0	76.1	19.0	73.6	19.0	68.6	13.0	67.0	11.0	64.3	69.0	69.8	5	100.0
04/29/2006 06:05	8.0	75.9	19.0	75.4	22.0	68.5	18.0	67.5	12.0	58.7	79.0	69.2	5	100.0
04/29/2006 06:10	13.0	75.8	20.0	74.7	22.0	65.9	15.0	65.6	13.0	58.6	83.0	68.4	5	100.0
04/29/2006 06:15	8.0	76.3	22.0	74.6	20.0	70.5	14.0	64.3	11.0	61.2	75.0	69.8	5	100.0
04/29/2006 06:20	9.0	76.3	27.0	74.6	23.0	72.3	22.0	65.1	18.0	57.5	99.0	69.0	5	100.0
04/29/2006 06:25	8.0	76.0	22.0	72.1	24.0	75.1	28.0	69.9	17.0	59.2	99.0	70.3	5	100.0
04/29/2006 06:30	7.0	71.6	29.0	76.3	26.0	66.8	22.0	71.6	13.0	61.5	97.0	70.4	5	100.0
04/29/2006 06:35	10.0	73.6	34.0	76.7	24.0	61.9	23.0	66.1	15.0	65.4	106.0	69.2	5	100.0
04/29/2006 06:40	14.0	75.1	28.0	75.9	25.0	64.4	20.0	66.4	18.0	63.5	105.0	69.1	5	100.0
04/29/2006 06:45	13.0	75.8	32.0	74.4	32.0	67.1	22.0	61.6	27.0	64.8	126.0	68.4	5	100.0
04/29/2006 06:50	11.0	76.1	27.0	76.2	27.0	70.2	26.0	66.4	24.0	65.0	115.0	70.2	5	100.0
04/29/2006 06:55	18.0	74.5	34.0	75.8	35.0	73.1	32.0	72.2	30.0	65.3	149.0	72.1	5	100.0
04/29/2006 07:00	15.0	76.7	31.0	76.3	29.0	75.5	26.0	71.0	20.0	68.4	121.0	73.7	5	100.0
04/29/2006 07:05	15.0	77.4	28.0	74.9	28.0	73.0	26.0	71.2	26.0	66.9	123.0	72.3	5	100.0
04/29/2006 07:10	20.0	77.4	27.0	74.0	25.0	69.1	24.0	62.5	26.0	68.4	122.0	70.1	5	100.0
04/29/2006 07:15	11.0	77.3	24.0	72.8	24.0	69.3	18.0	67.5	15.0	67.7	92.0	70.6	5	100.0
04/29/2006 07:20	24.0	74.6	44.0	74.9	38.0	70.0	35.0	68.1	23.0	66.0	164.0	71.0	5	100.0
04/29/2006 07:25	23.0	73.1	48.0	74.0	40.0	69.1	36.0	66.9	29.0	62.2	176.0	69.4	5	100.0
04/29/2006 07:30	22.0	72.3	39.0	71.8	43.0	68.8	34.0	63.9	31.0	59.0	169.0	67.2	5	100.0
04/29/2006 07:35	28.0	71.9	48.0	71.9	37.0	65.4	39.0	64.6	31.0	62.0	183.0	67.4	5	100.0
04/29/2006 07:40	31.0	74.0	43.0	71.6	39.0	62.8	40.0	65.8	40.0	60.6	193.0	66.7	5	100.0
04/29/2006 07:45	40.0	76.4	47.0	74.1	44.0	64.9	48.0	68.4	46.0	60.7	225.0	68.8	5	100.0
04/29/2006 07:50	34.0	74.2	50.0	73.4	37.0	65.1	39.0	71.0	43.0	63.6	203.0	69.5	5	100.0
04/29/2006 07:55	28.0	74.6	51.0	72.6	44.0	66.0	47.0	67.9	40.0	61.0	210.0	68.2	5	100.0
04/29/2006 08:00	28.0	74.2	54.0	69.3	46.0	66.0	42.0	63.7	37.0	64.8	207.0	67.3	5	100.0
04/29/2006 08:05	26.0	74.4	46.0	66.4	46.0	67.0	43.0	65.1	38.0	63.0	199.0	66.7	5	100.0
04/29/2006 08:10	35.0	74.2	49.0	64.1	47.0	67.8	42.0	64.6	43.0	63.1	216.0	66.4	5	100.0
04/29/2006 08:15	40.0	75.9	55.0	62.2	42.0	62.8	43.0	63.2	40.0	62.8	220.0	65.1	5	100.0
04/29/2006 08:20	36.0	78.5	54.0	64.1	45.0	63.7	37.0	59.4	45.0	60.1	217.0	64.8	5	100.0
04/29/2006 08:25	40.0	80.5	42.0	64.2	35.0	65.4	39.0	66.5	35.0	65.1	191.0	68.5	5	100.0
04/29/2006 08:30	41.0	77.1	52.0	63.9	48.0	67.2	45.0	65.6	41.0	63.6	227.0	67.3	5	100.0
04/29/2006 08:35	43.0	75.8	65.0	64.7	51.0	65.9	55.0	64.3	50.0	61.8	264.0	66.1	5	100.0
04/29/2006 08:40	43.0	73.9	59.0	64.3	60.0	67.4	55.0	64.1	54.0	59.1	271.0	65.4	5	100.0
04/29/2006 08:45	41.0	73.8	59.0	64.1	50.0	66.3	50.0	62.8	62.0	61.0	262.0	65.1	5	100.0
04/29/2006 08:50	46.0	74.1	50.0	65.0	50.0	67.5	54.0	65.4	43.0	61.1	243.0	66.6	5	100.0
04/29/2006 08:55	50.0	74.4	65.0	62.1	52.0	63.6	54.0	64.4	67.0	61.6	288.0	64.8	5	100.0
04/29/2006 09:00	47.0	66.9	58.0	61.7	57.0	65.7	54.0	65.4	49.0	63.8	265.0	64.6	5	100.0
04/29/2006 09:05	46.0	63.5	63.0	62.6	56.0	66.2	57.0	65.0	60.0	63.3	282.0	64.1	5	100.0
04/29/2006 09:10	51.0	63.5	58.0	63.6	50.0	64.4	60.0	65.8	55.0	63.5	274.0	64.2	5	100.0
04/29/2006 09:15	62.0	60.9	63.0	63.2	62.0	63.4	63.0	66.4	62.0	62.5	312.0	63.3	5	100.0
04/29/2006 09:20	55.0	59.9	58.0	61.5	64.0	64.3	55.0	63.7	61.0	59.5	293.0	61.8	5	100.0
04/29/2006 09:25	62.0	59.4	71.0	60.0	65.0	60.7	66.0	62.2	62.0	59.1	326.0	60.3	5	100.0
04/29/2006 09:30	51.0	60.9	73.0	61.9	62.0	63.3	61.0	63.5	59.0	59.5	306.0	61.9	5	100.0
04/29/2006 09:35	59.0	61.6	74.0	62.3	59.0	63.7	62.0	62.8	64.0	58.6	318.0	61.8	5	100.0
04/29/2006 09:40	53.0	60.8	68.0	61.5	57.0	63.1	63.0	64.6	69.0	60.4	310.0	62.1	5	100.0
04/29/2006 09:45	63.0	58.9	70.0	60.7	66.0	61.7	69.0	64.3	68.0	59.3	336.0	61.0	5	100.0
04/29/2006 09:50	59.0	56.5	74.0	61.1	68.0	62.5	66.0	62.5	74.0	58.1	341.0	60.2	5	100.0
04/29/2006 09:55	61.0	57.3	65.0	62.5	64.0	64.2	65.0	63.5	66.0	59.7	321.0	61.5	5	100.0
04/29/2006 10:00	63.0	57.9	65.0	62.5	66.0	64.3	64.0	63.8	74.0	59.9	332.0	61.7	5	100.0
04/29/2006 10:05	51.0	59.2	61.0	61.6	66.0	65.4	66.0	65.9	61.0	58.5	305.0	62.3	5	100.0
04/29/2006 10:10	61.0	57.6	73.0	61.1	63.0	64.8	61.0	63.5	65.0	59.7	323.0	61.3	5	100.0
04/29/2006 10:15	60.0	58.4	72.0	61.7	64.0	65.0	64.0	65.4	62.0	60.3	322.0	62.2	5	100.0
04/29/2006 10:20	60.0	58.8	80.0	62.3	64.0	62.8	65.0	64.9	68.0	60.8	337.0	62.0	5	100.0
04/29/2006 10:25	68.0	57.9	71.0	62.2	72.0	63.1	65.0	63.5	64.0	59.3	340.0	61.2	5	100.0
04/29/2006 10:30	64.0	57.3	74.0	61.3	76.0	63.5	74.0	63.5	69.0	59.1	357.0	61.1	5	100.0
04/29/2006 10:35	51.0	58.9	64.0	62.2	64.0	66.1	64.0	64.1	75.0	59.8	318.0	62.3	5	100.0
04/29/2006 10:40	66.0	56.8	80.0	61.7	73.0	62.3	73.0	62.1	68.0	56.6	360.0	60.0	5	100.0
04/29/2006 10:45	68.0	57.8	75.0	62.0	64.0	62.1	78.0	62.7	74.0	56.1	359.0	60.2	5	100.0
04/29/2006 10:50	73.0	58.2	79.0	61.8	80.0	61.3	77.0	61.8	83.0	56.0	392.0	59.8	5	100.0
04/29/2006 10:55	60.0	56.6	60.0	60.8	72.0	62.6	71.0	60.6	70.0	56.2	333.0	59.4	5	100.0
04/29/2006 11:00	64.0	55.1	80.0	61.0	67.0	59.8	73.0	59.4	77.0	54.8	361.0	58.1	5	100.0
04/29/2006 11:05	61.0	56.9	45.0	60.6	43.0	64.9	44.0	64.3	43.0	56.4	236.0	60.4	5	100.0
04/29/2006 11:10	62.0	56.5	71.0	60.1	70.0	63.2	72.0	65.0	77.0	56.7	352.0	60.3	5	100.0
04/29/2006 11:15	68.0	57.0	74.0	60.5	75.0	64.0	68.0	61.9	70.0	57.5	355.0	60.2	5	100.0
04/29/2006 11:20	73.0	57.8	71.0	61.0	78.0	65.4	75.0	62.1	75.0	57.6	372.0	60.8	5	100.0
04/29/2006 11:25	66.0	57.5	73.0	60.6	64.0	62.2	70.0	60.8	75.0	57.8	348.0	59.7	5	100.0
04/29/2006 11:30	61.0	56.7	78.0	59.6	74.0	62.8	69.0	59.3	87.0	56.0	369.0	58.9	5	100.0
04/29/2006 11:35	61.0	59.3	62.0	62.2	64.0	63.3	71.0	62.0	81.0	56.2	339.0	60.4	5	100.0
04/29/2006 11:40	67.0	58.0	73.0	59.8	65.0	60.0	79.0	60.9	78.0	54.2	362.0	58.5	5	100.0
04/29/2006 11:45	58.0	58.4	70.0	60.2	74.0	62.3	72.0	63.0	71.0	54.4	345.0	59.7	5	100.0
04/29/2006 11:50	63.0	56.8	67.0	60.0	61.0	61.5	69.0	62.4	77.0	55.5	337.0	59.1	5	100.0
04/29/2006 11:55	56.0	58.0	69.0	62.5	62.0	64.0	60.0	62.5	69.0	57.2	316.0	60.8	5	100.0
04/29/2006 12:00	61.0	58.7	73.0	63.1	70.0	63.1	66.0	61.6	73.0	57.8	343.0	60.9	5	100.0
04/29/2006 12:05	59.0	60.1	68.0	63.2	57.0	64.3	71.0	66.3	63.0	58.1	318.0	62.5	5	100.0
04/29/2006 12:10	41.0	59.9	43.0	63.4	44.0	67.4	38.0	67.8	47.0	60.3	213.0	63.7	5	100.0
04/29/2006 12:15	62.0	58.4	65.0	62.3	67.0	63.4	68.0	64.9	70.0	59.6	332.0	61.8	5	100.0
04/29/2006 12:20	64.0	57.9	75.0	63.3	70.0	63.1	68.0	62.1	72.0	56.2	349.0	60.6	5	100.0
04/29/2006 12:25	56.0	57.7	65.0	62.6	67.0	63.3	63.0	60.6	69.0	55.7	320.0	60.0	5	100.0
04/29/2006 12:30	52.0	59.2	73.0	62.6	74.0	66.1	65.0	59.4	78.0	56.0	342.0	60.7	5	100.0
04/29/2006 12:35	73.0	57.4	73.0	61.1	75.0	64.6	70.0	61.0	73.0	56.3	364.0	60.1	5	100.0
04/29/2006 12:40	67.0	57.4	67.0	60.8	77.0	65.6	71.0	63.5	71.0	58.0	353.0	61.2	5	100.0
04/29/2006 12:45	69.0	56.7	70.0	61.0	71.0	63.2	62.0	59.5	72.0	56.0	344.0	59.3	5	100.0
04/29/2006 12:50	68.0	55.9	83.0	61.1	71.0	62.8	67.0	61.4	74.0	55.6	363.0	59.4	5	100.0
04/29/2006 12:55	65.0	57.8	70.0	61.5	70.0	62.8	68.0	61.4	67.0	57.2	340.0	60.2	5	100.0
04/29/2006 13:00	57.0	57.4	74.0	61.8	60.0	64.0	74.0	63.8	63.0	59.3	328.0	61.4	5	100.0
04/29/2006 13:05	60.0	58.0	74.0	63.6	78.0	64.3	62.0	62.3	72.0	56.1	346.0	61.0	5	100.0
04/29/2006 13:10	64.0	58.7	70.0	63.0	67.0	63.3	61.0	62.9	70.0	59.1	332.0	61.4	5	100.0
04/29/2006 13:15	44.0	58.1	56.0	62.2	65.0	62.2	65.0	62.5	62.0	58.6	292.0	60.9	5	100.0
04/29/2006 13:20	79.0	48.8	72.0	52.5	71.0	52.1	67.0	53.6	73.0	51.2	362.0	51.6	5	100.0
04/29/2006 13:25	83.0	45.4	75.0	47.5	70.0	48.7	69.0	50.6	70.0	47.0	367.0	47.7	5	100.0
04/29/2006 13:30	80.0	42.1	76.0	46.4	68.0	46.3	64.0	48.8	72.0	45.8	360.0	45.7	5	100.0
04/29/2006 13:35	79.0	41.1	75.0	44.2	66.0	45.5	64.0	46.5	71.0	44.1	355.0	44.1	5	100.0
04/29/2006 13:40	84.0	43.5	71.0	47.2	68.0	48.1	67.0	49.6	64.0	46.4	354.0	46.8	5	100.0
04/29/2006 13:45	69.0	49.1	75.0	52.8	67.0	54.9	60.0	51.0	72.0	49.6	343.0	51.5	5	100.0
04/29/2006 13:50	59.0	53.7	68.0	57.1	73.0	58.5	70.0	56.0	66.0	54.6	336.0	56.1	5	100.0
04/29/2006 13:55	65.0	53.2	67.0	56.4	66.0	56.8	68.0	56.9	63.0	55.5	329.0	55.8	5	100.0
04/29/2006 14:00	72.0	46.1	60.0	49.3	55.0	50.8	43.0	50.9	25.0	36.4	255.0	47.7	5	100.0
04/29/2006 14:05	66.0	38.3	64.0	40.6	62.0	41.3	56.0	38.9	32.0	21.8	280.0	37.7	5	100.0
04/29/2006 14:10	74.0	31.7	65.0	33.8	57.0	34.6	60.0	33.8	50.0	18.4	306.0	30.9	5	100.0
04/29/2006 14:15	79.0	31.2	73.0	32.5	66.0	31.9	67.0	34.2	69.0	26.6	354.0	31.3	5	100.0
04/29/2006 14:20	81.0	34.3	75.0	36.6	69.0	38.3	72.0	40.1	75.0	33.2	372.0	36.4	5	100.0
04/29/2006 14:25	78.0	34.9	75.0	36.8	64.0	35.8	66.0	39.6	70.0	34.7	353.0	36.3	5	100.0
04/29/2006 14:30	72.0	36.1	69.0	37.7	57.0	40.7	62.0	40.5	70.0	38.0	330.0	38.5	5	100.0
04/29/2006 14:35	78.0	34.7	75.0	37.0	67.0	38.3	67.0	40.0	68.0	38.8	355.0	37.7	5	100.0
04/29/2006 14:40	82.0	33.4	73.0	35.1	67.0	38.4	70.0	39.6	67.0	38.4	359.0	36.8	5	100.0
04/29/2006 14:45	81.0	32.5	73.0	34.0	66.0	37.9	72.0	40.2	67.0	39.2	359.0	36.6	5	100.0
04/29/2006 14:50	71.0	31.4	68.0	32.7	61.0	35.2	65.0	35.7	69.0	34.1	334.0	33.8	5	100.0
04/29/2006 14:55	76.0	28.9	67.0	30.7	67.0	32.5	63.0	33.1	64.0	29.7	337.0	30.9	5	100.0
04/29/2006 15:00	69.0	30.7	68.0	33.5	66.0	35.9	60.0	38.1	66.0	35.1	329.0	34.6	5	100.0
04/29/2006 15:05	76.0	30.1	65.0	33.0	67.0	36.4	60.0	36.9	67.0	34.6	335.0	34.0	5	100.0
04/29/2006 15:10	71.0	30.8	68.0	34.1	61.0	37.2	62.0	37.8	62.0	34.5	324.0	34.7	5	100.0
04/29/2006 15:15	76.0	34.9	70.0	38.5	63.0	39.5	60.0	41.9	70.0	38.6	339.0	38.5	5	100.0
04/29/2006 15:20	75.0	37.8	70.0	41.6	71.0	44.0	61.0	44.2	70.0	40.7	347.0	41.5	5	100.0
04/29/2006 15:25	80.0	38.3	70.0	41.3	65.0	44.5	68.0	44.6	67.0	42.2	350.0	42.0	5	100.0
04/29/2006 15:30	77.0	39.9	74.0	42.8	67.0	45.5	64.0	46.9	63.0	42.9	345.0	43.5	5	100.0
04/29/2006 15:35	76.0	39.6	72.0	43.0	67.0	44.6	60.0	46.8	65.0	43.0	340.0	43.2	5	100.0
04/29/2006 15:40	79.0	38.9	70.0	42.3	66.0	44.8	63.0	46.7	64.0	44.3	342.0	43.2	5	100.0
04/29/2006 15:45	76.0	34.3	72.0	37.5	68.0	40.4	62.0	41.3	68.0	40.7	346.0	38.7	5	100.0
04/29/2006 15:50	81.0	36.2	69.0	40.0	74.0	44.5	66.0	43.7	70.0	41.1	360.0	41.0	5	100.0
04/29/2006 15:55	79.0	37.6	76.0	41.3	66.0	45.4	64.0	45.2	68.0	42.7	353.0	42.2	5	100.0
04/29/2006 16:00	76.0	37.0	76.0	41.2	69.0	44.4	67.0	44.0	70.0	39.8	358.0	41.2	5	100.0
04/29/2006 16:05	80.0	36.2	71.0	40.3	67.0	42.9	62.0	44.3	64.0	40.1	344.0	40.5	5	100.0
04/29/2006 16:10	77.0	38.7	70.0	43.0	68.0	45.9	65.0	47.5	63.0	43.7	343.0	43.6	5	100.0
04/29/2006 16:15	79.0	35.3	78.0	40.3	70.0	43.5	59.0	44.0	68.0	43.6	354.0	41.1	5	100.0
04/29/2006 16:20	83.0	33.9	73.0	36.2	69.0	39.4	67.0	40.7	66.0	38.9	358.0	37.6	5	100.0
04/29/2006 16:25	69.0	30.0	60.0	32.3	58.0	36.3	61.0	38.2	58.0	38.1	306.0	34.8	5	100.0
04/29/2006 16:30	65.0	30.6	63.0	33.1	56.0	36.4	63.0	37.8	58.0	35.3	305.0	34.6	5	100.0
04/29/2006 16:35	74.0	32.5	67.0	34.4	62.0	36.8	58.0	38.1	66.0	36.2	327.0	35.4	5	100.0
04/29/2006 16:40	78.0	34.5	63.0	36.1	67.0	38.6	61.0	39.4	70.0	37.8	339.0	37.2	5	100.0
04/29/2006 16:45	78.0	37.4	70.0	39.2	64.0	42.8	65.0	42.4	60.0	40.6	337.0	40.3	5	100.0
04/29/2006 16:50	70.0	35.2	69.0	37.6	59.0	40.6	65.0	41.0	63.0	39.9	326.0	38.8	5	100.0
04/29/2006 16:55	43.0	37.1	47.0	40.9	40.0	44.1	60.0	41.2	40.0	42.3	230.0	41.1	5	100.0
04/29/2006 17:00	75.0	34.6	67.0	37.9	66.0	41.1	66.0	39.9	65.0	38.9	339.0	38.4	5	100.0
04/29/2006 17:05	72.0	30.0	65.0	33.4	61.0	36.5	60.0	36.9	57.0	35.2	315.0	34.2	5	100.0
04/29/2006 17:10	55.0	31.2	53.0	34.6	48.0	36.9	45.0	38.4	56.0	35.0	257.0	35.1	5	100.0
04/29/2006 17:15	74.0	30.2	69.0	33.8	63.0	36.0	60.0	38.0	67.0	36.7	333.0	34.8	5	100.0
04/29/2006 17:20	74.0	31.3	66.0	36.0	67.0	38.0	63.0	39.9	66.0	37.1	336.0	36.3	5	100.0
04/29/2006 17:25	75.0	34.3	70.0	37.6	69.0	40.7	61.0	41.9	68.0	40.5	343.0	38.8	5	100.0
04/29/2006 17:30	80.0	38.0	75.0	41.3	65.0	43.2	55.0	44.3	62.0	41.0	337.0	41.3	5	100.0
04/29/2006 17:35	77.0	37.1	71.0	40.5	64.0	42.0	55.0	42.4	71.0	40.8	338.0	40.4	5	100.0
04/29/2006 17:40	78.0	40.0	73.0	43.1	61.0	45.4	71.0	46.2	70.0	44.8	353.0	43.8	5	100.0
04/29/2006 17:45	54.0	47.0	63.0	51.5	61.0	53.7	60.0	53.1	78.0	50.8	316.0	51.3	5	100.0
04/29/2006 17:50	56.0	52.3	68.0	59.6	64.0	60.5	67.0	56.8	72.0	54.2	327.0	56.8	5	100.0
04/29/2006 17:55	63.0	54.7	69.0	61.2	73.0	63.0	73.0	60.3	71.0	56.7	349.0	59.3	5	100.0
04/29/2006 18:00	61.0	56.0	70.0	61.8	62.0	64.1	63.0	62.0	70.0	54.6	326.0	59.6	5	100.0
04/29/2006 18:05	62.0	55.8	71.0	62.6	73.0	64.2	62.0	63.0	71.0	56.4	339.0	60.5	5	100.0
04/29/2006 18:10	71.0	57.0	73.0	61.9	63.0	65.2	71.0	64.5	73.0	59.4	351.0	61.5	5	100.0
04/29/2006 18:15	46.0	58.1	60.0	63.1	59.0	67.3	64.0	64.6	64.0	59.1	293.0	62.6	5	100.0
04/29/2006 18:20	66.0	56.1	70.0	60.4	62.0	63.3	71.0	62.5	67.0	56.3	336.0	59.7	5	100.0
04/29/2006 18:25	56.0	57.6	61.0	61.7	67.0	64.7	61.0	64.0	70.0	58.1	315.0	61.3	5	100.0
04/29/2006 18:30	62.0	57.9	64.0	62.4	66.0	65.6	58.0	63.2	63.0	58.5	313.0	61.5	5	100.0
04/29/2006 18:35	60.0	56.5	68.0	61.2	64.0	65.4	69.0	65.5	62.0	60.7	323.0	62.0	5	100.0
04/29/2006 18:40	57.0	57.5	62.0	61.8	62.0	64.2	60.0	65.3	71.0	61.5	312.0	62.1	5	100.0
04/29/2006 18:45	59.0	58.7	64.0	63.9	68.0	64.0	61.0	64.8	63.0	62.4	315.0	62.8	5	100.0
04/29/2006 18:50	64.0	57.4	63.0	61.3	70.0	64.6	67.0	64.4	62.0	62.3	326.0	62.1	5	100.0
04/29/2006 18:55	57.0	59.2	62.0	63.8	65.0	66.8	63.0	65.0	64.0	62.3	311.0	63.5	5	100.0
04/29/2006 19:00	61.0	60.1	62.0	64.7	64.0	68.1	60.0	63.1	64.0	60.0	311.0	63.2	5	100.0
04/29/2006 19:05	46.0	59.1	54.0	65.9	56.0	68.7	58.0	65.6	64.0	62.8	278.0	64.6	5	100.0
04/29/2006 19:10	56.0	59.1	62.0	63.8	66.0	68.3	64.0	65.2	70.0	61.3	318.0	63.6	5	100.0
04/29/2006 19:15	56.0	60.4	62.0	64.3	55.0	68.2	59.0	64.3	62.0	60.8	294.0	63.5	5	100.0
04/29/2006 19:20	51.0	60.9	60.0	65.5	54.0	70.2	62.0	66.9	56.0	62.0	283.0	65.2	5	100.0
04/29/2006 19:25	49.0	60.0	59.0	65.6	53.0	68.3	57.0	67.3	54.0	63.0	272.0	65.0	5	100.0
04/29/2006 19:30	46.0	59.6	51.0	64.9	59.0	69.7	55.0	70.6	62.0	62.9	273.0	65.7	5	100.0
04/29/2006 19:35	46.0	58.4	58.0	64.7	56.0	69.0	51.0	69.6	60.0	63.5	271.0	65.2	5	100.0
04/29/2006 19:40	57.0	59.7	50.0	63.8	50.0	68.4	49.0	68.2	50.0	61.4	256.0	64.2	5	100.0
04/29/2006 19:45	47.0	58.6	66.0	65.2	59.0	69.3	47.0	68.4	52.0	62.7	271.0	65.0	5	100.0
04/29/2006 19:50	48.0	58.7	68.0	64.6	59.0	69.8	53.0	66.4	57.0	63.2	285.0	64.7	5	100.0
04/29/2006 19:55	56.0	60.2	55.0	64.1	54.0	67.5	54.0	68.5	53.0	63.4	272.0	64.7	5	100.0
04/29/2006 20:00	45.0	68.4	53.0	64.5	52.0	69.0	52.0	69.6	45.0	61.6	247.0	66.7	5	100.0
04/29/2006 20:05	47.0	71.0	60.0	64.4	53.0	69.5	48.0	68.8	49.0	62.5	257.0	67.1	5	100.0
04/29/2006 20:10	49.0	73.3	58.0	63.6	53.0	69.7	49.0	67.3	51.0	63.8	260.0	67.4	5	100.0
04/29/2006 20:15	45.0	73.7	54.0	62.6	51.0	69.4	57.0	67.5	50.0	62.6	257.0	67.0	5	100.0
04/29/2006 20:20	39.0	74.6	53.0	64.2	49.0	68.4	52.0	67.4	46.0	64.6	239.0	67.5	5	100.0
04/29/2006 20:25	36.0	75.9	44.0	65.2	51.0	65.3	53.0	65.5	49.0	60.3	233.0	65.9	5	100.0
04/29/2006 20:30	31.0	77.1	42.0	67.2	42.0	66.8	53.0	65.0	45.0	62.7	213.0	67.1	5	100.0
04/29/2006 20:35	44.0	75.4	54.0	64.9	53.0	65.8	53.0	65.5	52.0	61.4	256.0	66.3	5	100.0
04/29/2006 20:40	52.0	77.2	57.0	63.0	60.0	66.2	52.0	64.0	56.0	61.6	277.0	66.3	5	100.0
04/29/2006 20:45	45.0	75.6	51.0	65.1	59.0	68.2	56.0	67.7	55.0	61.2	266.0	67.3	5	100.0
04/29/2006 20:50	36.0	77.2	50.0	64.0	56.0	67.9	53.0	68.5	53.0	60.6	248.0	67.0	5	100.0
04/29/2006 20:55	39.0	75.6	43.0	63.2	54.0	69.6	56.0	70.9	55.0	62.1	247.0	68.1	5	100.0
04/29/2006 21:00	45.0	76.2	53.0	69.1	51.0	71.4	59.0	72.0	47.0	62.6	255.0	70.3	5	100.0
04/29/2006 21:05	33.0	75.7	51.0	72.8	54.0	71.9	52.0	72.1	47.0	62.4	237.0	70.8	5	100.0
04/29/2006 21:10	45.0	73.7	54.0	73.5	51.0	71.5	54.0	69.5	53.0	61.8	257.0	69.9	5	100.0
04/29/2006 21:15	47.0	71.9	64.0	72.6	54.0	70.5	57.0	67.7	57.0	62.1	279.0	68.9	5	100.0
04/29/2006 21:20	44.0	72.2	54.0	71.9	58.0	68.0	56.0	66.6	53.0	60.0	265.0	67.6	5	100.0
04/29/2006 21:25	41.0	72.4	53.0	74.5	56.0	71.0	50.0	68.4	47.0	62.8	247.0	69.9	5	100.0
04/29/2006 21:30	43.0	74.2	52.0	74.0	48.0	69.9	64.0	70.8	61.0	63.0	268.0	70.0	5	100.0
04/29/2006 21:35	39.0	77.5	51.0	74.1	53.0	71.9	52.0	70.5	53.0	62.5	248.0	70.9	5	100.0
04/29/2006 21:40	39.0	76.8	54.0	74.1	43.0	69.7	54.0	69.1	44.0	63.8	234.0	70.7	5	100.0
04/29/2006 21:45	36.0	77.4	46.0	71.6	48.0	68.3	56.0	70.5	54.0	62.8	240.0	69.6	5	100.0
04/29/2006 21:50	45.0	74.5	52.0	72.0	50.0	64.8	56.0	68.7	50.0	64.5	253.0	68.8	5	100.0
04/29/2006 21:55	43.0	72.1	44.0	71.2	46.0	66.9	47.0	66.5	48.0	64.9	228.0	68.2	5	100.0
04/29/2006 22:00	35.0	73.9	54.0	72.7	50.0	68.8	47.0	66.3	42.0	65.5	228.0	69.4	5	100.0
04/29/2006 22:05	26.0	75.5	28.0	75.0	27.0	68.8	42.0	71.5	32.0	67.6	155.0	71.5	5	100.0
04/29/2006 22:10	43.0	74.3	57.0	74.6	52.0	69.6	58.0	70.0	57.0	65.7	267.0	70.7	5	100.0
04/29/2006 22:15	43.0	73.7	50.0	74.8	53.0	70.2	53.0	67.8	51.0	66.2	250.0	70.4	5	100.0
04/29/2006 22:20	44.0	75.6	51.0	74.5	48.0	68.5	54.0	70.4	52.0	65.0	249.0	70.7	5	100.0
04/29/2006 22:25	45.0	76.1	54.0	73.8	53.0	69.7	49.0	69.2	47.0	65.3	248.0	70.8	5	100.0
04/29/2006 22:30	39.0	75.2	49.0	73.1	56.0	70.4	56.0	70.6	50.0	64.5	250.0	70.5	5	100.0
04/29/2006 22:35	45.0	74.5	56.0	72.5	53.0	68.0	57.0	69.8	45.0	61.6	256.0	69.4	5	100.0
04/29/2006 22:40	36.0	76.2	43.0	70.1	47.0	69.8	56.0	72.7	51.0	65.0	233.0	70.5	5	100.0
04/29/2006 22:45	47.0	73.6	49.0	69.2	60.0	68.2	53.0	70.4	47.0	62.8	256.0	68.8	5	100.0
04/29/2006 22:50	33.0	76.0	52.0	71.4	47.0	69.3	51.0	68.4	43.0	66.3	226.0	70.0	5	100.0
04/29/2006 22:55	33.0	73.8	46.0	72.5	44.0	70.3	56.0	72.5	52.0	64.7	231.0	70.5	5	100.0
04/29/2006 23:00	36.0	71.9	51.0	71.5	48.0	69.3	47.0	69.7	46.0	63.8	228.0	69.2	5	100.0
04/29/2006 23:05	35.0	73.9	42.0	69.7	41.0	69.4	42.0	69.7	40.0	62.7	200.0	69.0	5	100.0
04/29/2006 23:10	31.0	73.2	37.0	69.5	45.0	67.7	40.0	70.3	43.0	62.5	196.0	68.3	5	100.0
04/29/2006 23:15	29.0	73.3	45.0	70.6	44.0	67.6	43.0	68.6	42.0	62.1	203.0	68.2	5	100.0
04/29/2006 23:20	30.0	76.3	40.0	74.2	46.0	69.6	51.0	68.2	40.0	63.9	207.0	70.0	5	100.0
04/29/2006 23:25	28.0	75.6	42.0	71.7	41.0	70.7	40.0	70.2	39.0	63.5	190.0	70.1	5	100.0
04/29/2006 23:30	25.0	78.1	42.0	73.0	42.0	73.5	39.0	70.9	38.0	62.0	186.0	71.1	5	100.0
04/29/2006 23:35	25.0	77.7	39.0	76.0	41.0	72.7	40.0	71.6	33.0	64.2	178.0	72.3	5	100.0
04/29/2006 23:40	23.0	78.7	36.0	75.3	38.0	72.2	44.0	74.1	33.0	67.3	174.0	73.3	5	100.0
04/29/2006 23:45	27.0	76.6	33.0	76.0	41.0	72.7	37.0	73.7	39.0	65.2	177.0	72.5	5	100.0
04/29/2006 23:50	21.0	78.3	37.0	74.8	35.0	76.1	36.0	72.5	32.0	66.8	161.0	73.4	5	100.0
04/29/2006 23:55	19.0	78.7	32.0	74.6	37.0	73.0	43.0	72.5	36.0	66.2	167.0	72.4	5	100.0
04/30/2006 00:00	20.0	76.5	32.0	74.0	39.0	72.0	40.0	69.2	31.0	64.5	162.0	70.8	5	100.0
04/30/2006 00:05	29.0	76.4	36.0	72.7	37.0	70.2	36.0	67.6	33.0	65.9	171.0	70.4	5	100.0
04/30/2006 00:10	18.0	75.8	32.0	73.5	40.0	70.7	39.0	68.3	32.0	65.6	161.0	70.2	5	100.0
04/30/2006 00:15	12.0	76.5	29.0	72.3	21.0	74.1	20.0	69.2	20.0	66.7	102.0	71.5	5	100.0
04/30/2006 00:20	20.0	76.0	32.0	73.3	30.0	68.6	31.0	71.0	31.0	63.1	144.0	70.0	5	100.0
04/30/2006 00:25	23.0	74.4	28.0	68.7	31.0	68.3	34.0	69.8	28.0	63.4	144.0	68.8	5	100.0
04/30/2006 00:30	19.0	74.1	27.0	72.9	34.0	69.0	30.0	65.3	28.0	60.9	138.0	68.0	5	100.0
04/30/2006 00:35	16.0	76.1	29.0	73.7	26.0	69.4	32.0	67.1	29.0	61.3	132.0	68.8	5	100.0
04/30/2006 00:40	15.0	76.6	26.0	74.2	33.0	73.2	33.0	69.0	25.0	64.4	132.0	71.1	5	100.0
04/30/2006 00:45	15.0	76.8	27.0	74.8	26.0	70.7	27.0	68.0	28.0	64.1	123.0	70.2	5	100.0
04/30/2006 00:50	12.0	77.0	21.0	75.9	24.0	68.8	30.0	70.1	29.0	65.7	116.0	70.5	5	100.0
04/30/2006 00:55	11.0	77.4	24.0	78.0	27.0	68.8	23.0	70.4	26.0	63.3	111.0	70.7	5	100.0
04/30/2006 01:00	16.0	76.5	24.0	78.1	23.0	68.7	22.0	71.9	18.0	64.6	103.0	72.1	5	100.0
04/30/2006 01:05	10.0	76.7	18.0	76.2	16.0	70.3	24.0	72.6	18.0	63.9	86.0	71.6	5	100.0
04/30/2006 01:10	12.0	76.2	17.0	73.0	21.0	69.0	24.0	75.1	21.0	66.1	95.0	71.5	5	100.0
04/30/2006 01:15	11.0	76.3	26.0	72.8	25.0	70.2	26.0	70.0	20.0	66.8	108.0	70.8	5	100.0
04/30/2006 01:20	12.0	76.0	19.0	73.8	18.0	68.4	23.0	68.9	16.0	66.8	88.0	70.4	5	100.0
04/30/2006 01:25	9.0	76.2	14.0	74.1	14.0	69.2	19.0	69.5	23.0	61.6	79.0	68.7	5	100.0
04/30/2006 01:30	9.0	75.9	15.0	74.8	12.0	70.0	18.0	68.8	24.0	56.9	78.0	67.3	5	100.0
04/30/2006 01:35	6.0	76.3	20.0	76.2	23.0	74.6	18.0	66.0	17.0	61.1	84.0	70.5	5	100.0
04/30/2006 01:40	6.0	75.9	16.0	75.5	18.0	74.8	14.0	68.7	14.0	63.3	68.0	71.4	5	100.0
04/30/2006 01:45	6.0	76.3	15.0	75.5	15.0	73.7	21.0	67.6	18.0	62.5	75.0	69.9	5	100.0
04/30/2006 01:50	4.0	76.5	16.0	74.6	13.0	71.8	19.0	70.1	18.0	64.8	70.0	70.4	5	100.0
04/30/2006 01:55	7.0	76.7	20.0	74.1	23.0	72.7	19.0	71.9	15.0	65.5	84.0	71.9	5	100.0
04/30/2006 02:00	10.0	76.8	18.0	73.3	15.0	71.2	20.0	69.5	17.0	65.8	80.0	70.8	5	100.0
04/30/2006 02:05	14.0	76.2	21.0	70.6	22.0	72.3	27.0	72.5	17.0	63.5	101.0	71.1	5	100.0
04/30/2006 02:10	16.0	74.6	19.0	70.8	25.0	68.4	28.0	71.0	11.0	64.3	99.0	70.1	5	100.0
04/30/2006 02:15	14.0	75.8	24.0	72.1	24.0	65.4	23.0	71.3	13.0	63.8	98.0	69.7	5	100.0
04/30/2006 02:20	11.0	76.4	18.0	71.5	22.0	67.8	26.0	70.7	21.0	64.4	98.0	69.5	5	100.0
04/30/2006 02:25	5.0	76.6	19.0	69.6	20.0	72.0	17.0	64.9	10.0	64.6	71.0	68.9	5	100.0
04/30/2006 02:30	10.0	76.8	20.0	71.1	23.0	71.3	21.0	63.7	18.0	64.6	92.0	68.8	5	100.0
04/30/2006 02:35	7.0	76.8	20.0	70.3	22.0	73.0	20.0	66.9	17.0	66.0	86.0	69.9	5	100.0
04/30/2006 02:40	7.0	76.8	16.0	72.8	17.0	73.8	16.0	68.2	14.0	64.9	70.0	70.8	5	100.0
04/30/2006 02:45	10.0	76.9	14.0	73.9	25.0	76.5	11.0	68.6	14.0	66.0	74.0	72.9	5	100.0
04/30/2006 02:50	6.0	75.6	13.0	74.7	18.0	75.3	17.0	66.4	13.0	65.2	67.0	71.0	5	100.0
04/30/2006 02:55	4.0	76.0	13.0	74.3	18.0	74.1	16.0	69.3	8.0	64.0	59.0	71.6	5	100.0
04/30/2006 03:00	4.0	76.3	11.0	74.5	14.0	72.3	12.0	67.7	12.0	65.6	53.0	70.5	5	100.0
04/30/2006 03:05	20.0	76.7	10.0	74.3	12.0	72.6	13.0	66.9	11.0	65.3	66.0	71.8	5	100.0
04/30/2006 03:10	4.0	76.6	14.0	74.0	11.0	72.2	14.0	65.2	7.0	59.0	50.0	69.2	5	100.0
04/30/2006 03:15	6.0	76.6	10.0	73.6	16.0	72.7	10.0	66.5	16.0	61.6	58.0	69.1	5	100.0
04/30/2006 03:20	2.0	76.6	12.0	73.5	17.0	71.3	20.0	70.0	9.0	63.8	60.0	70.4	5	100.0
04/30/2006 03:25	4.0	76.6	14.0	73.6	12.0	72.7	10.0	69.7	13.0	64.0	53.0	70.5	5	100.0
04/30/2006 03:30	5.0	76.6	8.0	74.1	13.0	72.5	17.0	65.4	13.0	64.9	56.0	69.2	5	100.0
04/30/2006 03:35	7.0	76.6	6.0	74.0	8.0	72.0	15.0	68.6	11.0	65.5	47.0	70.3	5	100.0
04/30/2006 03:40	0.0	76.6	8.0	74.0	11.0	72.3	13.0	67.4	9.0	64.3	41.0	69.3	5	100.0
04/30/2006 03:45	5.0	76.6	5.0	73.6	13.0	73.3	9.0	68.3	10.0	65.6	42.0	70.8	5	100.0
04/30/2006 03:50	8.0	76.6	11.0	74.2	9.0	72.4	11.0	68.9	5.0	64.8	44.0	71.9	5	100.0
04/30/2006 03:55	7.0	76.6	6.0	74.0	5.0	72.3	10.0	68.8	1.0	64.9	29.0	72.2	5	100.0
04/30/2006 04:00	0.0	76.6	20.0	74.3	20.0	74.4	1.0	69.1	10.0	61.7	51.0	71.8	5	100.0
04/30/2006 04:05	0.0	76.6	20.0	74.5	11.0	69.0	0.0	69.1	10.0	60.1	41.0	69.5	5	80.0
04/30/2006 04:10	0.0	76.6	20.0	74.6	11.0	69.1	0.0	69.1	10.0	59.3	41.0	69.4	5	80.0
04/30/2006 04:15	0.0	76.6	20.0	74.6	11.0	69.3	0.0	69.1	10.0	58.9	41.0	69.3	5	80.0
04/30/2006 04:20	0.0	76.6	20.0	74.6	11.0	69.3	0.0	69.1	10.0	58.7	41.0	69.3	5	80.0
04/30/2006 04:25	0.0	76.6	16.0	74.5	10.0	71.3	0.0	69.1	11.0	59.3	37.0	69.1	5	100.0
04/30/2006 04:30	8.0	76.5	6.0	74.3	7.0	72.0	6.0	67.4	3.0	61.6	30.0	71.7	5	100.0
04/30/2006 04:35	1.0	76.5	3.0	73.6	7.0	72.4	3.0	68.5	9.0	63.5	23.0	68.7	5	100.0
04/30/2006 04:40	0.0	76.5	2.0	73.5	10.0	71.8	5.0	69.0	8.0	64.6	25.0	69.1	5	100.0
04/30/2006 04:45	8.0	76.6	7.0	72.9	10.0	71.0	9.0	67.2	5.0	63.4	39.0	70.6	5	100.0
04/30/2006 04:50	2.0	76.5	5.0	72.9	7.0	71.9	10.0	67.2	4.0	63.4	28.0	69.5	5	100.0
04/30/2006 04:55	1.0	76.5	3.0	73.4	5.0	71.7	12.0	67.7	8.0	63.0	29.0	68.0	5	100.0
04/30/2006 05:00	5.0	76.5	4.0	73.7	3.0	72.1	6.0	68.7	4.0	63.5	22.0	70.9	5	100.0
04/30/2006 05:05	0.0	76.5	2.0	73.9	1.0	72.2	7.0	68.4	4.0	64.6	14.0	68.4	5	100.0
04/30/2006 05:10	0.0	76.5	9.0	73.7	4.0	72.0	9.0	68.6	6.0	64.0	28.0	69.7	5	100.0
04/30/2006 05:15	0.0	76.5	6.0	73.3	6.0	72.1	6.0	68.3	9.0	65.0	27.0	69.2	5	100.0
04/30/2006 05:20	0.0	76.5	1.0	73.7	7.0	71.9	10.0	69.6	9.0	64.7	27.0	68.7	5	100.0
04/30/2006 05:25	0.0	76.5	11.0	73.6	7.0	72.3	11.0	65.6	9.0	62.2	38.0	68.3	5	100.0
04/30/2006 05:30	5.0	76.5	9.0	73.2	9.0	72.4	8.0	67.5	8.0	64.2	39.0	70.4	5	100.0
04/30/2006 05:35	0.0	76.5	10.0	73.7	9.0	72.7	10.0	66.6	11.0	61.4	40.0	68.3	5	100.0
04/30/2006 05:40	0.0	76.5	11.0	73.9	6.0	72.7	9.0	67.5	8.0	63.8	34.0	69.6	5	100.0
04/30/2006 05:45	4.0	76.5	14.0	74.1	9.0	71.9	10.0	68.7	6.0	64.7	43.0	71.3	5	100.0
04/30/2006 05:50	0.0	76.5	5.0	74.1	8.0	71.5	9.0	68.5	7.0	64.8	29.0	69.4	5	100.0
04/30/2006 05:55	1.0	76.5	8.0	73.8	7.0	71.6	11.0	67.7	8.0	65.0	35.0	69.5	5	100.0
04/30/2006 06:00	0.0	76.5	12.0	73.9	12.0	71.4	9.0	67.0	9.0	65.1	42.0	69.8	5	100.0
04/30/2006 06:05	1.0	76.5	9.0	73.6	11.0	70.1	10.0	68.0	9.0	64.4	40.0	69.2	5	100.0
04/30/2006 06:10	2.0	76.5	14.0	73.5	12.0	67.3	14.0	69.2	10.0	64.9	52.0	69.4	5	100.0
04/30/2006 06:15	0.0	76.5	11.0	73.8	14.0	68.7	11.0	66.6	10.0	62.8	46.0	68.1	5	100.0
04/30/2006 06:20	5.0	75.9	12.0	73.1	13.0	69.8	11.0	68.6	11.0	62.4	52.0	69.3	5	100.0
04/30/2006 06:25	8.0	76.2	13.0	73.6	13.0	71.9	10.0	69.2	6.0	63.2	50.0	71.4	5	100.0
04/30/2006 06:30	7.0	76.4	20.0	73.0	16.0	71.7	17.0	70.1	14.0	62.5	74.0	70.4	5	100.0
04/30/2006 06:35	1.0	76.5	15.0	73.7	10.0	72.2	12.0	67.8	13.0	64.4	51.0	69.7	5	100.0
04/30/2006 06:40	7.0	76.5	18.0	72.3	18.0	72.7	17.0	65.0	13.0	64.6	73.0	69.7	5	100.0
04/30/2006 06:45	3.0	76.5	13.0	73.2	23.0	73.2	14.0	65.5	14.0	65.8	67.0	70.2	5	100.0
04/30/2006 06:50	10.0	75.4	21.0	72.8	16.0	71.8	16.0	64.5	24.0	64.8	87.0	69.2	5	100.0
04/30/2006 06:55	15.0	73.1	19.0	71.9	16.0	71.1	18.0	65.2	17.0	63.4	85.0	68.8	5	100.0
04/30/2006 07:00	8.0	75.0	20.0	73.2	17.0	71.9	14.0	67.7	15.0	63.2	74.0	70.0	5	100.0
04/30/2006 07:05	2.0	75.8	11.0	73.4	14.0	70.5	16.0	66.2	10.0	65.0	53.0	69.0	5	100.0
04/30/2006 07:10	7.0	76.3	24.0	74.8	19.0	72.1	21.0	65.0	16.0	65.0	87.0	70.2	5	100.0
04/30/2006 07:15	11.0	76.7	24.0	73.8	24.0	72.7	25.0	69.3	16.0	65.0	100.0	71.3	5	100.0
04/30/2006 07:20	17.0	76.9	23.0	72.3	11.0	72.2	17.0	64.7	20.0	67.7	88.0	70.7	5	100.0
04/30/2006 07:25	13.0	76.8	25.0	75.2	28.0	73.9	29.0	71.4	20.0	67.1	115.0	72.7	5	100.0
04/30/2006 07:30	8.0	76.6	19.0	75.9	18.0	73.5	19.0	72.4	16.0	65.0	80.0	72.4	5	100.0
04/30/2006 07:35	15.0	76.2	26.0	76.4	31.0	75.3	29.0	68.8	18.0	65.7	119.0	72.6	5	100.0
04/30/2006 07:40	14.0	76.0	27.0	74.3	29.0	72.4	31.0	71.5	26.0	66.3	127.0	71.7	5	100.0
04/30/2006 07:45	16.0	76.4	28.0	70.8	24.0	75.9	24.0	71.4	20.0	67.8	112.0	72.3	5	100.0
04/30/2006 07:50	13.0	75.6	34.0	72.8	30.0	76.3	33.0	68.3	27.0	66.2	137.0	71.4	5	100.0
04/30/2006 07:55	16.0	73.8	28.0	72.7	32.0	76.1	28.0	70.3	24.0	62.1	128.0	71.2	5	100.0
04/30/2006 08:00	13.0	75.9	24.0	76.2	29.0	77.0	23.0	66.3	24.0	65.3	113.0	72.0	5	100.0
04/30/2006 08:05	14.0	76.7	30.0	76.1	28.0	76.3	32.0	64.8	23.0	65.8	127.0	71.5	5	100.0
04/30/2006 08:10	25.0	73.5	28.0	74.7	27.0	76.5	30.0	66.8	30.0	61.9	140.0	70.4	5	100.0
04/30/2006 08:15	16.0	73.4	31.0	74.7	29.0	71.4	34.0	67.0	31.0	64.1	141.0	69.7	5	100.0
04/30/2006 08:20	11.0	75.5	31.0	73.1	32.0	72.1	38.0	67.6	35.0	66.5	147.0	70.1	5	100.0
04/30/2006 08:25	15.0	76.7	32.0	75.0	33.0	71.2	39.0	68.2	30.0	69.0	149.0	71.3	5	100.0
04/30/2006 08:30	30.0	75.4	41.0	73.9	43.0	69.0	41.0	66.7	31.0	65.1	186.0	70.0	5	100.0
04/30/2006 08:35	22.0	76.7	36.0	74.6	39.0	71.2	31.0	65.3	37.0	67.6	165.0	70.8	5	100.0
04/30/2006 08:40	18.0	75.9	30.0	74.5	42.0	71.1	36.0	64.4	40.0	65.1	166.0	69.3	5	100.0
04/30/2006 08:45	21.0	77.4	38.0	74.5	38.0	75.0	46.0	67.1	43.0	64.7	186.0	70.8	5	100.0
04/30/2006 08:50	21.0	79.9	31.0	73.0	45.0	74.8	45.0	66.2	37.0	64.3	179.0	70.8	5	100.0
04/30/2006 08:55	21.0	79.4	40.0	72.1	38.0	72.5	37.0	63.6	40.0	66.1	176.0	69.9	5	100.0
04/30/2006 09:00	23.0	78.1	33.0	65.8	29.0	67.2	36.0	62.4	45.0	63.8	166.0	66.5	5	100.0
04/30/2006 09:05	19.0	78.1	36.0	63.1	45.0	66.8	43.0	57.7	36.0	62.0	179.0	64.1	5	100.0
04/30/2006 09:10	26.0	79.7	40.0	62.2	41.0	65.4	42.0	61.4	38.0	61.1	187.0	64.9	5	100.0
04/30/2006 09:15	26.0	80.5	38.0	60.3	31.0	64.8	47.0	63.8	38.0	60.1	180.0	64.9	5	100.0
04/30/2006 09:20	30.0	79.1	46.0	59.3	51.0	63.9	50.0	63.2	45.0	61.8	222.0	64.4	5	100.0
04/30/2006 09:25	28.0	79.2	43.0	60.2	41.0	63.6	49.0	65.8	41.0	60.4	202.0	64.9	5	100.0
04/30/2006 09:30	29.0	76.5	48.0	58.6	49.0	62.6	55.0	65.0	48.0	56.9	229.0	62.9	5	100.0
04/30/2006 09:35	29.0	76.9	44.0	58.7	45.0	61.8	45.0	60.6	45.0	58.3	208.0	62.2	5	100.0
04/30/2006 09:40	39.0	74.3	56.0	57.6	53.0	60.2	53.0	62.1	51.0	56.2	252.0	61.4	5	100.0
04/30/2006 09:45	43.0	71.9	60.0	56.8	51.0	61.6	49.0	59.0	50.0	58.2	253.0	61.0	5	100.0
04/30/2006 09:50	36.0	72.6	60.0	57.2	49.0	61.1	59.0	59.0	61.0	57.8	265.0	60.6	5	100.0
04/30/2006 09:55	37.0	74.0	54.0	57.0	55.0	59.1	62.0	57.4	51.0	58.0	259.0	60.2	5	100.0
04/30/2006 10:00	35.0	79.8	51.0	56.1	55.0	59.2	52.0	60.3	51.0	57.4	244.0	61.4	5	100.0
04/30/2006 10:05	46.0	79.7	58.0	57.0	54.0	59.1	56.0	62.1	58.0	57.1	272.0	62.3	5	100.0
04/30/2006 10:10	33.0	80.4	55.0	56.3	54.0	60.7	61.0	62.2	57.0	57.1	260.0	61.8	5	100.0
04/30/2006 10:15	38.0	80.1	50.0	56.9	50.0	61.3	52.0	61.5	51.0	58.0	241.0	62.7	5	100.0
04/30/2006 10:20	45.0	77.7	60.0	55.8	57.0	61.4	68.0	59.9	58.0	58.1	288.0	61.8	5	100.0
04/30/2006 10:25	48.0	77.1	63.0	56.3	56.0	59.8	62.0	58.4	54.0	57.4	283.0	61.2	5	100.0
04/30/2006 10:30	43.0	78.6	59.0	56.4	58.0	57.9	57.0	55.4	59.0	57.0	276.0	60.1	5	100.0
04/30/2006 10:35	55.0	77.5	63.0	55.9	64.0	58.5	70.0	58.0	72.0	55.6	324.0	60.5	5	100.0
04/30/2006 10:40	52.0	77.6	66.0	57.0	63.0	60.4	63.0	59.2	67.0	58.0	311.0	61.8	5	100.0
04/30/2006 10:45	51.0	76.4	64.0	55.7	67.0	60.5	62.0	58.7	62.0	57.8	306.0	61.2	5	100.0
04/30/2006 10:50	57.0	75.2	69.0	55.3	66.0	57.5	66.0	58.2	69.0	55.5	327.0	59.8	5	100.0
04/30/2006 10:55	52.0	74.8	68.0	55.9	66.0	56.8	68.0	57.2	81.0	51.5	335.0	58.2	5	100.0
04/30/2006 11:00	54.0	65.4	61.0	55.4	63.0	56.9	68.0	57.2	70.0	53.0	316.0	57.3	5	100.0
04/30/2006 11:05	49.0	61.8	63.0	56.1	64.0	58.0	62.0	60.0	65.0	53.9	303.0	57.7	5	100.0
04/30/2006 11:10	42.0	58.6	56.0	57.1	55.0	57.9	62.0	60.3	55.0	53.9	270.0	57.6	5	100.0
04/30/2006 11:15	49.0	59.9	55.0	57.1	55.0	59.0	59.0	62.1	56.0	55.3	274.0	58.7	5	100.0
04/30/2006 11:20	49.0	57.7	66.0	56.3	62.0	57.8	64.0	60.7	71.0	54.6	312.0	57.3	5	100.0
04/30/2006 11:25	57.0	56.8	69.0	55.0	63.0	58.0	78.0	58.7	78.0	54.4	345.0	56.5	5	100.0
04/30/2006 11:30	56.0	57.4	63.0	55.2	70.0	59.7	67.0	58.3	70.0	54.2	326.0	57.0	5	100.0
04/30/2006 11:35	51.0	57.6	64.0	54.8	70.0	59.6	66.0	57.2	73.0	53.9	324.0	56.6	5	100.0
04/30/2006 11:40	54.0	56.4	68.0	54.7	57.0	57.3	73.0	58.2	73.0	52.7	325.0	55.8	5	100.0
04/30/2006 11:45	54.0	57.4	63.0	53.5	64.0	55.0	64.0	55.5	82.0	54.0	327.0	55.0	5	100.0
04/30/2006 11:50	61.0	57.1	69.0	54.8	63.0	54.5	67.0	55.9	80.0	55.2	340.0	55.5	5	100.0
04/30/2006 11:55	51.0	56.6	64.0	55.2	65.0	54.9	70.0	55.3	73.0	53.9	323.0	55.1	5	100.0
04/30/2006 12:00	57.0	56.3	72.0	54.3	65.0	56.2	73.0	56.2	73.0	53.7	340.0	55.3	5	100.0
04/30/2006 12:05	66.0	56.4	70.0	54.4	77.0	57.5	70.0	55.3	83.0	51.6	366.0	54.9	5	100.0
04/30/2006 12:10	49.0	57.3	59.0	55.5	62.0	57.7	70.0	56.8	72.0	51.6	312.0	55.6	5	100.0
04/30/2006 12:15	57.0	56.6	68.0	55.7	65.0	55.9	67.0	55.1	72.0	50.2	329.0	54.6	5	100.0
04/30/2006 12:20	54.0	56.3	70.0	55.4	69.0	57.0	73.0	57.1	70.0	50.6	336.0	55.2	5	100.0
04/30/2006 12:25	49.0	57.7	57.0	55.4	62.0	57.5	64.0	57.9	78.0	51.6	310.0	55.7	5	100.0
04/30/2006 12:30	58.0	56.9	71.0	55.1	69.0	55.6	66.0	55.7	76.0	52.6	340.0	55.1	5	100.0
04/30/2006 12:35	50.0	56.3	60.0	53.3	66.0	56.1	67.0	56.6	77.0	52.0	320.0	54.7	5	100.0
04/30/2006 12:40	62.0	55.6	62.0	54.6	70.0	56.1	63.0	53.4	80.0	52.3	337.0	54.3	5	100.0
04/30/2006 12:45	60.0	56.3	60.0	55.0	69.0	57.3	64.0	54.3	78.0	52.8	331.0	55.1	5	100.0
04/30/2006 12:50	64.0	56.5	70.0	54.5	70.0	57.2	70.0	55.3	74.0	52.5	348.0	55.1	5	100.0
04/30/2006 12:55	62.0	55.1	67.0	55.1	72.0	57.7	72.0	56.1	75.0	52.9	348.0	55.4	5	100.0
04/30/2006 13:00	68.0	55.0	75.0	54.3	71.0	56.2	69.0	55.5	79.0	52.8	362.0	54.7	5	100.0
04/30/2006 13:05	56.0	55.7	66.0	53.7	68.0	56.7	64.0	53.9	79.0	53.4	333.0	54.6	5	100.0
04/30/2006 13:10	76.0	55.0	75.0	52.6	67.0	55.7	70.0	52.4	76.0	51.2	364.0	53.3	5	100.0
04/30/2006 13:15	64.0	53.9	70.0	52.7	69.0	56.0	70.0	53.6	71.0	51.8	344.0	53.6	5	100.0
04/30/2006 13:20	59.0	54.4	61.0	53.5	72.0	57.1	64.0	55.9	71.0	51.5	327.0	54.5	5	100.0
04/30/2006 13:25	65.0	53.8	76.0	53.1	79.0	57.2	68.0	56.0	80.0	52.3	368.0	54.5	5	100.0
04/30/2006 13:30	58.0	54.3	75.0	54.0	62.0	56.0	70.0	56.9	72.0	53.4	337.0	54.9	5	100.0
04/30/2006 13:35	67.0	54.5	72.0	53.4	70.0	56.6	65.0	56.9	73.0	53.0	347.0	54.8	5	100.0
04/30/2006 13:40	66.0	53.9	73.0	53.5	78.0	55.6	72.0	54.8	74.0	53.2	363.0	54.2	5	100.0
04/30/2006 13:45	79.0	54.6	73.0	53.2	69.0	53.5	69.0	55.6	78.0	53.1	368.0	54.0	5	100.0
04/30/2006 13:50	62.0	53.8	75.0	53.6	63.0	54.9	69.0	55.8	75.0	52.4	344.0	54.1	5	100.0
04/30/2006 13:55	66.0	53.6	78.0	53.3	68.0	54.2	73.0	55.5	74.0	51.5	359.0	53.6	5	100.0
04/30/2006 14:00	61.0	54.5	71.0	53.2	67.0	53.7	68.0	53.7	75.0	51.0	342.0	53.1	5	100.0
04/30/2006 14:05	68.0	53.6	76.0	53.2	74.0	53.7	71.0	54.2	74.0	51.6	363.0	53.2	5	100.0
04/30/2006 14:10	63.0	53.7	74.0	53.2	69.0	54.2	71.0	54.4	73.0	50.2	350.0	53.1	5	100.0
04/30/2006 14:15	59.0	53.6	72.0	53.3	73.0	56.1	66.0	55.5	70.0	52.3	340.0	54.2	5	100.0
04/30/2006 14:20	71.0	54.3	64.0	53.8	75.0	55.5	68.0	56.6	65.0	52.1	343.0	54.5	5	100.0
04/30/2006 14:25	76.0	54.3	75.0	52.6	74.0	55.0	73.0	56.6	67.0	52.6	365.0	54.2	5	100.0
04/30/2006 14:30	60.0	54.7	71.0	51.8	65.0	55.1	63.0	56.7	72.0	51.7	331.0	53.9	5	100.0
04/30/2006 14:35	63.0	54.6	69.0	52.8	70.0	55.3	70.0	56.2	72.0	52.9	344.0	54.4	5	100.0
04/30/2006 14:40	74.0	54.0	71.0	53.5	73.0	55.6	68.0	57.2	68.0	53.6	354.0	54.8	5	100.0
04/30/2006 14:45	61.0	55.0	71.0	54.1	68.0	56.7	69.0	57.4	74.0	55.1	343.0	55.7	5	100.0
04/30/2006 14:50	74.0	53.2	69.0	52.1	74.0	56.4	69.0	57.2	59.0	55.3	345.0	54.8	5	100.0
04/30/2006 14:55	61.0	53.6	70.0	53.0	71.0	56.6	64.0	55.3	71.0	52.1	337.0	54.1	5	100.0
04/30/2006 15:00	56.0	53.9	59.0	51.6	69.0	56.7	63.0	54.4	68.0	51.2	315.0	53.6	5	100.0
04/30/2006 15:05	43.0	53.8	47.0	52.4	53.0	54.9	50.0	51.9	50.0	51.5	243.0	52.9	5	100.0
04/30/2006 15:10	81.0	50.7	76.0	50.9	74.0	53.6	66.0	53.0	71.0	49.8	368.0	51.6	5	100.0
04/30/2006 15:15	65.0	52.5	75.0	52.9	70.0	56.5	68.0	54.6	63.0	52.0	341.0	53.7	5	100.0
04/30/2006 15:20	54.0	54.2	58.0	52.6	65.0	57.3	57.0	55.5	66.0	52.8	300.0	54.5	5	100.0
04/30/2006 15:25	64.0	53.3	70.0	52.5	71.0	56.5	69.0	54.8	71.0	53.3	345.0	54.1	5	100.0
04/30/2006 15:30	39.0	51.4	46.0	51.9	45.0	57.8	41.0	54.5	44.0	54.2	215.0	54.0	5	100.0
04/30/2006 15:35	82.0	51.9	80.0	52.0	75.0	55.8	74.0	54.3	71.0	52.3	382.0	53.2	5	100.0
04/30/2006 15:40	69.0	52.7	74.0	51.4	77.0	54.2	69.0	53.7	74.0	51.1	363.0	52.6	5	100.0
04/30/2006 15:45	62.0	55.2	71.0	53.6	74.0	55.9	67.0	56.1	72.0	50.7	346.0	54.3	5	100.0
04/30/2006 15:50	61.0	56.4	72.0	54.3	72.0	57.1	69.0	56.3	71.0	53.4	345.0	55.5	5	100.0
04/30/2006 15:55	53.0	54.9	67.0	54.4	64.0	56.9	67.0	59.6	63.0	54.6	314.0	56.1	5	100.0
04/30/2006 16:00	67.0	53.4	70.0	52.9	76.0	55.8	69.0	57.8	69.0	55.1	351.0	55.0	5	100.0
04/30/2006 16:05	65.0	54.8	70.0	54.6	59.0	56.4	69.0	57.4	68.0	54.0	331.0	55.4	5	100.0
04/30/2006 16:10	56.0	55.2	55.0	55.5	62.0	54.6	41.0	53.3	62.0	56.8	276.0	55.2	5	100.0
04/30/2006 16:15	59.0	54.7	71.0	54.8	72.0	55.6	69.0	55.1	61.0	54.4	332.0	54.9	5	100.0
04/30/2006 16:20	66.0	54.0	74.0	54.3	71.0	54.5	62.0	54.9	55.0	54.8	328.0	54.5	5	100.0
04/30/2006 16:25	67.0	54.7	72.0	53.8	70.0	55.3	69.0	54.7	73.0	53.7	351.0	54.4	5	100.0
04/30/2006 16:30	70.0	53.9	70.0	53.6	66.0	53.6	63.0	55.1	64.0	53.3	333.0	53.9	5	100.0
04/30/2006 16:35	68.0	53.8	74.0	53.9	71.0	56.6	64.0	56.4	60.0	54.3	337.0	55.0	5	100.0
04/30/2006 16:40	67.0	54.0	71.0	52.7	76.0	56.1	68.0	55.8	67.0	56.5	349.0	55.0	5	100.0
04/30/2006 16:45	65.0	54.2	63.0	53.7	67.0	57.4	69.0	56.1	60.0	56.4	324.0	55.6	5	100.0
04/30/2006 16:50	56.0	54.2	69.0	54.9	65.0	56.9	64.0	58.1	69.0	56.8	323.0	56.2	5	100.0
04/30/2006 16:55	69.0	54.4	62.0	54.4	68.0	56.8	69.0	56.5	63.0	55.5	331.0	55.5	5	100.0
04/30/2006 17:00	64.0	55.6	62.0	53.2	70.0	57.3	68.0	57.4	68.0	54.9	332.0	55.7	5	100.0
04/30/2006 17:05	51.0	55.0	68.0	54.8	67.0	59.3	60.0	58.4	62.0	56.3	308.0	56.8	5	100.0
04/30/2006 17:10	63.0	56.5	64.0	54.6	60.0	58.3	60.0	57.6	67.0	56.7	314.0	56.7	5	100.0
04/30/2006 17:15	51.0	55.4	73.0	55.7	61.0	57.6	64.0	59.1	66.0	55.9	315.0	56.8	5	100.0
04/30/2006 17:20	57.0	54.2	63.0	54.3	62.0	57.4	63.0	59.4	64.0	54.7	309.0	56.0	5	100.0
04/30/2006 17:25	59.0	53.6	64.0	54.7	65.0	58.4	59.0	56.5	55.0	55.5	302.0	55.8	5	100.0
04/30/2006 17:30	56.0	53.9	57.0	54.7	62.0	58.2	56.0	56.6	60.0	54.3	291.0	55.6	5	100.0
04/30/2006 17:35	66.0	54.9	66.0	55.7	65.0	57.3	65.0	57.3	60.0	54.8	322.0	56.0	5	100.0
04/30/2006 17:40	51.0	54.3	58.0	54.0	68.0	57.5	67.0	57.4	67.0	54.4	311.0	55.6	5	100.0
04/30/2006 17:45	65.0	54.9	72.0	53.1	63.0	57.9	70.0	55.6	61.0	55.6	331.0	55.4	5	100.0
04/30/2006 17:50	64.0	53.3	68.0	53.6	69.0	58.9	71.0	55.8	61.0	55.0	333.0	55.4	5	100.0
04/30/2006 17:55	62.0	54.8	63.0	54.5	67.0	59.4	57.0	58.4	69.0	56.6	318.0	56.7	5	100.0
04/30/2006 18:00	59.0	54.5	61.0	54.4	58.0	60.2	63.0	60.7	53.0	56.4	294.0	57.3	5	100.0
04/30/2006 18:05	59.0	55.8	66.0	54.9	66.0	59.9	65.0	59.6	62.0	57.0	318.0	57.5	5	100.0
04/30/2006 18:10	50.0	55.4	61.0	54.9	66.0	57.4	58.0	58.8	62.0	56.2	297.0	56.6	5	100.0
04/30/2006 18:15	45.0	57.3	57.0	56.3	62.0	58.7	62.0	58.2	57.0	57.0	283.0	57.5	5	100.0
04/30/2006 18:20	46.0	57.4	54.0	57.4	56.0	60.3	61.0	57.7	55.0	58.0	272.0	58.2	5	100.0
04/30/2006 18:25	50.0	56.2	59.0	57.7	62.0	61.2	56.0	59.6	64.0	58.2	291.0	58.7	5	100.0
04/30/2006 18:30	41.0	57.8	54.0	56.5	63.0	60.7	54.0	59.4	59.0	58.3	271.0	58.6	5	100.0
04/30/2006 18:35	39.0	55.6	59.0	56.9	58.0	60.5	60.0	61.1	62.0	55.3	278.0	58.0	5	100.0
04/30/2006 18:40	45.0	56.9	56.0	56.4	57.0	59.5	59.0	60.1	59.0	56.6	276.0	58.0	5	100.0
04/30/2006 18:45	63.0	56.4	61.0	55.0	62.0	56.6	63.0	57.8	59.0	57.2	308.0	56.6	5	100.0
04/30/2006 18:50	63.0	56.1	65.0	55.4	64.0	55.5	59.0	55.7	65.0	55.3	316.0	55.6	5	100.0
04/30/2006 18:55	62.0	55.9	69.0	54.6	68.0	54.2	71.0	56.4	66.0	54.5	336.0	55.1	5	100.0
04/30/2006 19:00	43.0	54.8	54.0	56.6	54.0	57.8	50.0	56.0	49.0	55.2	250.0	56.2	5	100.0
04/30/2006 19:05	51.0	55.4	57.0	54.9	54.0	55.9	58.0	55.5	53.0	54.5	273.0	55.2	5	100.0
04/30/2006 19:10	54.0	57.8	57.0	54.8	49.0	56.2	65.0	57.9	59.0	57.2	284.0	56.8	5	100.0
04/30/2006 19:15	59.0	56.7	63.0	54.5	61.0	57.2	58.0	55.9	56.0	58.7	297.0	56.6	5	100.0
04/30/2006 19:20	45.0	56.0	56.0	53.8	59.0	59.6	61.0	61.0	51.0	58.5	272.0	57.9	5	100.0
04/30/2006 19:25	57.0	56.0	63.0	55.3	57.0	59.8	60.0	59.2	60.0	58.7	297.0	57.8	5	100.0
04/30/2006 19:30	57.0	55.2	58.0	54.4	59.0	58.1	54.0	58.2	58.0	58.4	286.0	56.9	5	100.0
04/30/2006 19:35	53.0	54.7	63.0	55.2	55.0	58.3	66.0	59.4	57.0	58.8	294.0	57.3	5	100.0
04/30/2006 19:40	51.0	54.2	59.0	55.9	61.0	57.3	50.0	58.2	49.0	58.9	270.0	56.9	5	100.0
04/30/2006 19:45	51.0	54.3	56.0	55.5	53.0	56.5	57.0	57.9	50.0	58.4	267.0	56.5	5	100.0
04/30/2006 19:50	52.0	53.0	53.0	54.2	55.0	55.8	48.0	57.4	48.0	56.3	256.0	55.3	5	100.0
04/30/2006 19:55	47.0	54.9	57.0	54.4	60.0	57.2	54.0	58.3	55.0	57.0	273.0	56.4	5	100.0
04/30/2006 20:00	48.0	56.0	58.0	54.3	49.0	57.6	50.0	60.4	43.0	56.2	248.0	56.8	5	100.0
04/30/2006 20:05	45.0	56.1	54.0	53.7	55.0	56.3	50.0	61.9	46.0	56.1	250.0	56.8	5	100.0
04/30/2006 20:10	52.0	53.9	58.0	54.3	55.0	57.4	48.0	58.3	54.0	57.4	267.0	56.2	5	100.0
04/30/2006 20:15	52.0	55.1	59.0	54.7	53.0	58.4	54.0	58.8	49.0	56.0	267.0	56.6	5	100.0
04/30/2006 20:20	44.0	56.0	61.0	57.0	58.0	57.2	61.0	58.0	49.0	55.6	273.0	56.9	5	100.0
04/30/2006 20:25	48.0	56.5	56.0	56.4	51.0	54.4	59.0	58.8	51.0	58.1	265.0	56.9	5	100.0
04/30/2006 20:30	51.0	57.6	53.0	56.5	60.0	55.9	57.0	56.4	50.0	55.9	271.0	56.4	5	100.0
04/30/2006 20:35	43.0	58.7	53.0	55.4	58.0	57.0	53.0	59.2	53.0	55.7	260.0	57.1	5	100.0
04/30/2006 20:40	45.0	56.1	51.0	55.8	54.0	56.2	51.0	55.7	43.0	54.1	244.0	55.6	5	100.0
04/30/2006 20:45	44.0	57.0	54.0	55.6	58.0	57.8	46.0	56.2	54.0	55.4	256.0	56.4	5	100.0
04/30/2006 20:50	41.0	56.0	52.0	54.8	58.0	57.9	59.0	59.3	52.0	56.3	262.0	57.0	5	100.0
04/30/2006 20:55	37.0	58.6	46.0	56.6	41.0	62.1	35.0	60.6	34.0	58.3	193.0	59.2	5	100.0
04/30/2006 21:00	43.0	68.6	56.0	64.1	55.0	66.3	48.0	62.2	44.0	63.0	246.0	64.8	5	100.0
04/30/2006 21:05	48.0	73.1	46.0	66.9	55.0	68.4	52.0	63.7	47.0	64.2	248.0	67.2	5	100.0
04/30/2006 21:10	38.0	73.3	54.0	70.9	48.0	70.4	53.0	67.6	51.0	64.2	244.0	69.1	5	100.0
04/30/2006 21:15	39.0	74.4	47.0	72.8	45.0	70.7	45.0	66.2	47.0	64.0	223.0	69.5	5	100.0
04/30/2006 21:20	38.0	74.0	52.0	72.5	44.0	70.6	50.0	68.6	48.0	62.5	232.0	69.5	5	100.0
04/30/2006 21:25	37.0	74.3	49.0	72.3	48.0	70.9	44.0	69.8	41.0	64.3	219.0	70.3	5	100.0
04/30/2006 21:30	45.0	75.4	55.0	73.3	54.0	70.0	52.0	68.2	45.0	64.8	251.0	70.4	5	100.0
04/30/2006 21:35	39.0	75.4	45.0	74.9	40.0	68.6	46.0	68.1	36.0	63.3	206.0	70.2	5	100.0
04/30/2006 21:40	23.0	74.8	48.0	72.2	36.0	71.9	31.0	69.1	30.0	63.9	168.0	70.4	5	100.0
04/30/2006 21:45	28.0	75.8	42.0	72.4	41.0	73.4	34.0	64.7	34.0	65.0	179.0	70.3	5	100.0
04/30/2006 21:50	37.0	75.9	46.0	73.4	43.0	71.7	49.0	65.8	39.0	65.4	214.0	70.3	5	100.0
04/30/2006 21:55	39.0	77.2	50.0	72.9	49.0	70.2	45.0	68.7	38.0	65.9	221.0	71.0	5	100.0
04/30/2006 22:00	32.0	74.0	43.0	73.2	45.0	71.9	46.0	70.7	43.0	65.5	209.0	70.9	5	100.0
04/30/2006 22:05	30.0	76.3	42.0	72.5	46.0	71.3	47.0	69.9	45.0	64.0	210.0	70.4	5	100.0
04/30/2006 22:10	32.0	75.2	47.0	73.1	49.0	72.2	52.0	68.6	43.0	61.4	223.0	69.9	5	100.0
04/30/2006 22:15	36.0	74.7	40.0	71.4	43.0	73.7	47.0	66.6	41.0	64.3	207.0	70.0	5	100.0
04/30/2006 22:20	24.0	75.3	45.0	71.6	40.0	73.1	37.0	67.1	35.0	61.8	181.0	69.6	5	100.0
04/30/2006 22:25	35.0	77.0	49.0	73.6	39.0	72.5	39.0	67.4	39.0	60.0	201.0	70.1	5	100.0
04/30/2006 22:30	15.0	75.2	24.0	75.5	28.0	71.8	22.0	69.7	20.0	62.2	109.0	70.9	5	100.0
04/30/2006 22:35	39.0	75.3	50.0	74.6	38.0	73.0	39.0	68.2	28.0	59.2	194.0	70.9	5	100.0
04/30/2006 22:40	27.0	74.5	39.0	75.4	31.0	72.3	37.0	73.2	32.0	63.6	166.0	71.9	5	100.0
04/30/2006 22:45	33.0	75.4	36.0	73.6	38.0	72.5	41.0	70.0	31.0	62.8	179.0	71.0	5	100.0
04/30/2006 22:50	29.0	75.9	37.0	73.7	41.0	74.7	38.0	69.1	34.0	64.7	179.0	71.6	5	100.0
04/30/2006 22:55	29.0	77.0	35.0	73.3	42.0	72.9	42.0	65.9	26.0	62.0	174.0	70.3	5	100.0
04/30/2006 23:00	17.0	74.9	23.0	69.5	29.0	74.7	28.0	69.0	34.0	66.3	131.0	70.4	5	100.0
04/30/2006 23:05	17.0	77.4	29.0	69.8	31.0	75.3	35.0	68.2	26.0	62.1	138.0	70.1	5	100.0
04/30/2006 23:10	19.0	77.5	35.0	72.8	36.0	75.3	29.0	69.0	25.0	60.3	144.0	71.1	5	100.0
04/30/2006 23:15	16.0	76.5	32.0	73.7	33.0	74.5	31.0	69.4	28.0	67.2	140.0	72.0	5	100.0
04/30/2006 23:20	26.0	76.7	29.0	71.9	29.0	70.6	31.0	71.1	26.0	66.8	141.0	71.4	5	100.0
04/30/2006 23:25	18.0	77.0	28.0	72.5	34.0	72.4	31.0	69.1	29.0	71.7	140.0	72.1	5	100.0
04/30/2006 23:30	15.0	76.2	29.0	72.1	31.0	70.2	31.0	72.6	21.0	69.2	127.0	71.8	5	100.0
04/30/2006 23:35	18.0	76.1	34.0	73.8	25.0	68.7	24.0	70.7	27.0	66.7	128.0	71.0	5	100.0
04/30/2006 23:40	23.0	74.2	26.0	73.0	25.0	72.2	34.0	68.1	22.0	67.2	130.0	70.8	5	100.0
04/30/2006 23:45	19.0	74.5	21.0	72.6	24.0	73.6	32.0	64.4	23.0	69.3	119.0	70.3	5	100.0
04/30/2006 23:50	11.0	75.6	23.0	72.7	27.0	73.6	23.0	68.6	22.0	67.0	106.0	71.2	5	100.0
04/30/2006 23:55	12.0	76.9	23.0	73.6	21.0	74.8	23.0	66.7	23.0	68.5	102.0	71.5	5	100.0
