5 Minutes	Lane 1 Flow (Veh/5 Minutes)	Lane 1 Occ (%)	Lane 2 Flow (Veh/5 Minutes)	Lane 2 Occ (%)	Lane 3 Flow (Veh/5 Minutes)	Lane 3 Occ (%)	Lane 4 Flow (Veh/5 Minutes)	Lane 4 Occ (%)	Lane 5 Flow (Veh/5 Minutes)	Lane 5 Occ (%)	Flow (Veh/5 Minutes)	Occupancy (%)	# Lane Points	% Observed
04/29/2006 00:00	15.0	1.8	26.0	3.2	36.0	5.0	40.0	6.4	33.0	5.3	150.0	4.3	5	100.0
04/29/2006 00:05	20.0	2.4	29.0	3.7	33.0	4.7	30.0	4.7	23.0	3.9	135.0	3.9	5	100.0
04/29/2006 00:10	23.0	2.6	30.0	4.0	38.0	4.8	28.0	6.6	19.0	3.6	138.0	4.3	5	100.0
04/29/2006 00:15	17.0	2.0	28.0	3.4	32.0	4.5	29.0	5.0	29.0	4.4	135.0	3.9	5	100.0
04/29/2006 00:20	21.0	2.5	34.0	4.6	34.0	4.5	30.0	5.1	30.0	4.4	149.0	4.2	5	100.0
04/29/2006 00:25	14.0	1.5	26.0	3.6	30.0	4.0	26.0	3.7	27.0	4.2	123.0	3.4	5	100.0
04/29/2006 00:30	21.0	2.1	16.0	1.9	31.0	4.0	27.0	4.8	22.0	4.2	117.0	3.4	5	100.0
04/29/2006 00:35	8.0	0.9	30.0	3.6	24.0	3.8	30.0	4.8	22.0	3.5	114.0	3.3	5	100.0
04/29/2006 00:40	14.0	1.5	23.0	2.9	23.0	3.0	23.0	4.4	26.0	4.8	109.0	3.3	5	100.0
04/29/2006 00:45	15.0	1.7	30.0	3.8	35.0	4.6	26.0	4.6	27.0	4.3	133.0	3.8	5	100.0
04/29/2006 00:50	8.0	0.9	25.0	3.3	25.0	3.5	24.0	4.3	25.0	4.3	107.0	3.3	5	100.0
04/29/2006 00:55	11.0	1.3	23.0	2.7	21.0	3.1	24.0	3.5	21.0	3.6	100.0	2.8	5	100.0
04/29/2006 01:00	12.0	1.3	18.0	2.3	19.0	2.9	18.0	2.6	16.0	2.3	83.0	2.3	5	100.0
04/29/2006 01:05	9.0	1.1	17.0	2.1	23.0	3.4	21.0	4.7	18.0	3.6	88.0	3.0	5	100.0
04/29/2006 01:10	12.0	1.3	22.0	2.6	25.0	3.3	22.0	4.6	19.0	2.5	100.0	2.9	5	100.0
04/29/2006 01:15	4.0	0.4	21.0	2.6	18.0	2.3	17.0	3.1	18.0	3.2	78.0	2.3	5	100.0
04/29/2006 01:20	8.0	0.9	21.0	2.6	24.0	3.5	22.0	3.5	17.0	3.3	92.0	2.8	5	100.0
04/29/2006 01:25	8.0	0.8	14.0	1.6	18.0	2.0	13.0	1.6	12.0	1.6	65.0	1.5	5	100.0
04/29/2006 01:30	10.0	1.0	16.0	2.1	21.0	2.7	21.0	3.4	22.0	3.3	90.0	2.5	5	100.0
04/29/2006 01:35	9.0	1.0	17.0	2.0	30.0	3.6	21.0	3.5	17.0	2.6	94.0	2.5	5	100.0
04/29/2006 01:40	14.0	1.6	27.0	3.0	23.0	3.2	24.0	3.9	19.0	3.7	107.0	3.1	5	100.0
04/29/2006 01:45	6.0	0.6	20.0	2.5	17.0	2.5	19.0	3.4	16.0	2.5	78.0	2.3	5	100.0
04/29/2006 01:50	8.0	0.8	16.0	1.9	14.0	1.8	17.0	2.1	19.0	2.8	74.0	1.9	5	100.0
04/29/2006 01:55	8.0	0.9	17.0	2.0	20.0	3.0	18.0	3.5	14.0	2.2	77.0	2.3	5	100.0
04/29/2006 02:00	9.0	0.9	24.0	3.1	18.0	2.6	10.0	2.0	5.0	0.6	66.0	1.8	5	100.0
04/29/2006 02:05	18.0	2.0	18.0	2.2	25.0	3.4	21.0	3.4	25.0	4.1	107.0	3.0	5	100.0
04/29/2006 02:10	11.0	1.2	21.0	2.7	26.0	3.5	22.0	4.3	25.0	4.4	105.0	3.2	5	100.0
04/29/2006 02:15	11.0	1.1	18.0	2.0	17.0	2.2	19.0	2.2	22.0	4.0	87.0	2.3	5	100.0
04/29/2006 02:20	5.0	0.5	16.0	2.0	21.0	2.9	22.0	4.0	19.0	2.9	83.0	2.5	5	100.0
04/29/2006 02:25	13.0	1.5	22.0	2.7	26.0	3.3	20.0	3.3	22.0	3.2	103.0	2.8	5	100.0
04/29/2006 02:30	10.0	1.2	13.0	1.6	13.0	1.9	17.0	2.6	14.0	1.8	67.0	1.8	5	100.0
04/29/2006 02:35	6.0	0.6	17.0	2.3	14.0	1.7	19.0	2.5	18.0	3.2	74.0	2.1	5	100.0
04/29/2006 02:40	9.0	0.9	13.0	1.5	15.0	1.6	16.0	3.0	17.0	2.6	70.0	1.9	5	100.0
04/29/2006 02:45	7.0	0.7	16.0	1.8	20.0	2.6	18.0	2.4	11.0	1.6	72.0	1.8	5	100.0
04/29/2006 02:50	5.0	0.5	16.0	1.9	20.0	2.3	14.0	2.5	15.0	2.1	70.0	1.9	5	100.0
04/29/2006 02:55	7.0	0.7	10.0	1.1	14.0	1.5	17.0	2.5	14.0	1.8	62.0	1.5	5	100.0
04/29/2006 03:00	9.0	0.9	16.0	1.6	10.0	1.0	10.0	1.4	13.0	2.0	58.0	1.4	5	100.0
04/29/2006 03:05	2.0	0.2	9.0	1.0	11.0	1.4	10.0	1.4	8.0	1.2	40.0	1.0	5	100.0
04/29/2006 03:10	4.0	0.4	9.0	1.1	11.0	1.3	12.0	2.3	14.0	1.8	50.0	1.4	5	100.0
04/29/2006 03:15	0.0	0.0	5.0	0.5	10.0	1.2	14.0	2.3	15.0	1.5	44.0	1.1	5	100.0
04/29/2006 03:20	0.0	0.0	10.0	1.0	10.0	1.0	10.0	2.0	10.0	1.0	40.0	1.0	5	100.0
04/29/2006 03:25	0.0	0.0	10.0	1.0	10.0	1.0	10.0	2.0	10.0	1.0	40.0	1.0	5	100.0
04/29/2006 03:30	0.0	0.0	10.0	1.0	10.0	1.0	10.0	2.0	10.0	1.0	40.0	1.0	5	100.0
04/29/2006 03:35	0.0	0.0	10.0	1.0	10.0	1.0	10.0	2.0	10.0	1.0	40.0	1.0	5	100.0
04/29/2006 03:40	0.0	0.0	10.0	1.0	10.0	1.0	10.0	2.0	10.0	1.0	40.0	1.0	5	100.0
04/29/2006 03:45	2.0	0.3	10.0	1.0	13.0	1.8	11.0	2.1	12.0	1.9	48.0	1.4	5	100.0
04/29/2006 03:50	1.0	0.1	7.0	0.9	12.0	1.4	13.0	2.5	8.0	1.2	41.0	1.2	5	100.0
04/29/2006 03:55	2.0	0.2	9.0	1.0	11.0	1.3	12.0	2.3	11.0	1.4	45.0	1.3	5	100.0
04/29/2006 04:00	7.0	0.8	10.0	1.2	13.0	1.7	12.0	1.7	10.0	1.8	52.0	1.4	5	100.0
04/29/2006 04:05	6.0	0.6	4.0	0.4	9.0	1.3	10.0	2.1	5.0	0.5	34.0	1.0	5	100.0
04/29/2006 04:10	3.0	0.3	11.0	1.3	10.0	1.2	12.0	2.4	10.0	2.0	46.0	1.4	5	100.0
04/29/2006 04:15	1.0	0.1	6.0	0.8	8.0	1.2	12.0	2.2	13.0	1.8	40.0	1.2	5	100.0
04/29/2006 04:20	1.0	0.1	5.0	0.6	10.0	1.2	11.0	2.0	9.0	1.6	36.0	1.1	5	100.0
04/29/2006 04:25	2.0	0.2	8.0	0.8	16.0	2.3	13.0	3.0	9.0	1.5	48.0	1.6	5	100.0
04/29/2006 04:30	3.0	0.3	11.0	1.5	12.0	2.1	17.0	3.3	9.0	1.9	52.0	1.8	5	100.0
04/29/2006 04:35	2.0	0.3	8.0	1.2	9.0	1.5	8.0	2.2	14.0	3.0	41.0	1.6	5	100.0
04/29/2006 04:40	1.0	0.1	11.0	1.1	12.0	2.0	11.0	2.1	12.0	2.3	47.0	1.5	5	100.0
04/29/2006 04:45	5.0	0.5	8.0	0.9	10.0	1.0	10.0	1.3	13.0	2.3	46.0	1.2	5	100.0
04/29/2006 04:50	10.0	1.0	9.0	0.9	6.0	1.1	12.0	2.5	9.0	1.3	46.0	1.4	5	100.0
04/29/2006 04:55	1.0	0.1	7.0	0.8	8.0	1.0	8.0	2.9	7.0	1.6	31.0	1.3	5	100.0
04/29/2006 05:00	0.0	0.0	7.0	1.0	12.0	1.6	8.0	0.9	12.0	2.3	39.0	1.2	5	100.0
04/29/2006 05:05	1.0	0.1	10.0	1.0	12.0	1.9	10.0	2.2	13.0	2.2	46.0	1.5	5	100.0
04/29/2006 05:10	0.0	0.0	8.0	0.9	12.0	1.9	13.0	2.2	6.0	1.0	39.0	1.2	5	100.0
04/29/2006 05:15	2.0	0.2	14.0	1.5	13.0	2.0	15.0	3.1	10.0	2.0	54.0	1.8	5	100.0
04/29/2006 05:20	4.0	0.4	9.0	0.9	15.0	1.7	13.0	2.0	8.0	1.5	49.0	1.3	5	100.0
04/29/2006 05:25	1.0	0.1	9.0	1.0	15.0	2.9	13.0	2.3	10.0	1.8	48.0	1.6	5	100.0
04/29/2006 05:30	6.0	0.6	10.0	1.4	10.0	1.4	11.0	1.9	13.0	2.9	50.0	1.6	5	100.0
04/29/2006 05:35	2.0	0.2	11.0	1.2	15.0	2.0	16.0	3.3	9.0	1.4	53.0	1.6	5	100.0
04/29/2006 05:40	2.0	0.2	12.0	1.5	12.0	1.8	11.0	2.6	10.0	1.4	47.0	1.5	5	100.0
04/29/2006 05:45	4.0	0.4	16.0	1.7	18.0	2.8	14.0	2.8	11.0	2.4	63.0	2.0	5	100.0
04/29/2006 05:50	8.0	1.1	17.0	2.3	14.0	2.0	17.0	2.4	18.0	2.6	74.0	2.1	5	100.0
04/29/2006 05:55	0.0	0.0	12.0	1.6	14.0	2.0	16.0	2.9	10.0	1.7	52.0	1.6	5	100.0
04/29/2006 06:00	7.0	0.7	19.0	2.2	19.0	2.9	13.0	2.3	11.0	1.7	69.0	2.0	5	100.0
04/29/2006 06:05	8.0	1.0	19.0	2.0	22.0	3.2	18.0	3.0	12.0	2.7	79.0	2.4	5	100.0
04/29/2006 06:10	13.0	1.5	20.0	2.4	22.0	3.5	15.0	2.8	13.0	2.5	83.0	2.5	5	100.0
04/29/2006 06:15	8.0	0.8	22.0	2.6	20.0	2.5	14.0	2.7	11.0	1.8	75.0	2.1	5	100.0
04/29/2006 06:20	9.0	1.0	27.0	3.2	23.0	3.0	22.0	3.8	18.0	3.5	99.0	2.9	5	100.0
04/29/2006 06:25	8.0	1.0	22.0	2.9	24.0	2.9	28.0	4.2	17.0	2.9	99.0	2.8	5	100.0
04/29/2006 06:30	7.0	1.7	29.0	3.1	26.0	4.4	22.0	3.3	13.0	2.1	97.0	2.9	5	100.0
04/29/2006 06:35	10.0	1.2	34.0	3.9	24.0	4.2	23.0	4.3	15.0	1.8	106.0	3.1	5	100.0
04/29/2006 06:40	14.0	1.5	28.0	3.3	25.0	3.7	20.0	3.4	18.0	3.0	105.0	3.0	5	100.0
04/29/2006 06:45	13.0	1.4	32.0	3.9	32.0	4.5	22.0	4.4	27.0	4.1	126.0	3.7	5	100.0
04/29/2006 06:50	11.0	1.2	27.0	3.0	27.0	3.6	26.0	4.1	24.0	3.7	115.0	3.1	5	100.0
04/29/2006 06:55	18.0	2.2	34.0	4.0	35.0	4.5	32.0	4.6	30.0	4.6	149.0	4.0	5	100.0
04/29/2006 07:00	15.0	1.5	31.0	3.8	29.0	3.7	26.0	3.8	20.0	2.6	121.0	3.1	5	100.0
04/29/2006 07:05	15.0	1.6	28.0	3.6	28.0	4.0	26.0	3.7	26.0	4.0	123.0	3.4	5	100.0
04/29/2006 07:10	20.0	2.3	27.0	3.5	25.0	3.9	24.0	4.6	26.0	3.7	122.0	3.6	5	100.0
04/29/2006 07:15	11.0	1.2	24.0	3.2	24.0	3.5	18.0	2.4	15.0	2.1	92.0	2.5	5	100.0
04/29/2006 07:20	24.0	3.1	44.0	5.4	38.0	5.4	35.0	5.2	23.0	3.6	164.0	4.5	5	100.0
04/29/2006 07:25	23.0	3.0	48.0	6.2	40.0	5.9	36.0	5.6	29.0	5.0	176.0	5.1	5	100.0
04/29/2006 07:30	22.0	2.9	39.0	5.3	43.0	6.3	34.0	5.7	31.0	5.6	169.0	5.2	5	100.0
04/29/2006 07:35	28.0	3.6	48.0	6.3	37.0	6.0	39.0	6.1	31.0	4.8	183.0	5.4	5	100.0
04/29/2006 07:40	31.0	3.7	43.0	5.7	39.0	6.5	40.0	6.1	40.0	6.8	193.0	5.8	5	100.0
04/29/2006 07:45	40.0	4.6	47.0	5.8	44.0	6.6	48.0	6.9	46.0	7.6	225.0	6.3	5	100.0
04/29/2006 07:50	34.0	4.3	50.0	6.5	37.0	5.7	39.0	5.4	43.0	6.5	203.0	5.7	5	100.0
04/29/2006 07:55	28.0	3.4	51.0	6.7	44.0	6.6	47.0	7.4	40.0	6.9	210.0	6.2	5	100.0
04/29/2006 08:00	28.0	3.7	54.0	7.0	46.0	6.8	42.0	7.2	37.0	5.3	207.0	6.0	5	100.0
04/29/2006 08:05	26.0	3.4	46.0	6.2	46.0	6.6	43.0	6.6	38.0	6.1	199.0	5.8	5	100.0
04/29/2006 08:10	35.0	4.6	49.0	6.8	47.0	6.7	42.0	6.7	43.0	6.7	216.0	6.3	5	100.0
04/29/2006 08:15	40.0	5.0	55.0	7.8	42.0	7.1	43.0	7.1	40.0	6.3	220.0	6.7	5	100.0
04/29/2006 08:20	36.0	4.3	54.0	7.0	45.0	6.8	37.0	6.8	45.0	7.7	217.0	6.5	5	100.0
04/29/2006 08:25	40.0	4.7	42.0	5.6	35.0	5.1	39.0	5.4	35.0	4.9	191.0	5.1	5	100.0
04/29/2006 08:30	41.0	5.4	52.0	7.0	48.0	6.8	45.0	7.1	41.0	6.5	227.0	6.6	5	100.0
04/29/2006 08:35	43.0	5.6	65.0	8.5	51.0	7.7	55.0	8.9	50.0	8.2	264.0	7.8	5	100.0
04/29/2006 08:40	43.0	5.8	59.0	7.9	60.0	8.5	55.0	8.8	54.0	9.4	271.0	8.1	5	100.0
04/29/2006 08:45	41.0	5.4	59.0	7.9	50.0	7.5	50.0	8.3	62.0	9.7	262.0	7.8	5	100.0
04/29/2006 08:50	46.0	6.0	50.0	6.5	50.0	7.1	54.0	8.1	43.0	6.9	243.0	6.9	5	100.0
04/29/2006 08:55	50.0	6.5	65.0	9.4	52.0	8.5	54.0	8.7	67.0	10.6	288.0	8.7	5	100.0
04/29/2006 09:00	47.0	6.1	58.0	8.1	57.0	8.2	54.0	8.3	49.0	7.3	265.0	7.6	5	100.0
04/29/2006 09:05	46.0	5.9	63.0	8.5	56.0	8.2	57.0	9.0	60.0	9.4	282.0	8.2	5	100.0
04/29/2006 09:10	51.0	6.2	58.0	7.7	50.0	7.8	60.0	9.2	55.0	8.5	274.0	7.9	5	100.0
04/29/2006 09:15	62.0	8.2	63.0	8.6	62.0	9.7	63.0	9.6	62.0	9.9	312.0	9.2	5	100.0
04/29/2006 09:20	55.0	7.2	58.0	8.3	64.0	9.6	55.0	9.2	61.0	10.6	293.0	9.0	5	100.0
04/29/2006 09:25	62.0	8.1	71.0	10.4	65.0	11.1	66.0	11.1	62.0	10.4	326.0	10.2	5	100.0
04/29/2006 09:30	51.0	6.3	73.0	9.8	62.0	9.2	61.0	9.6	59.0	9.7	306.0	8.9	5	100.0
04/29/2006 09:35	59.0	7.3	74.0	10.1	59.0	9.0	62.0	10.2	64.0	10.9	318.0	9.5	5	100.0
04/29/2006 09:40	53.0	6.8	68.0	9.6	57.0	8.9	63.0	9.7	69.0	10.9	310.0	9.2	5	100.0
04/29/2006 09:45	63.0	8.5	70.0	10.0	66.0	10.7	69.0	11.0	68.0	11.5	336.0	10.3	5	100.0
04/29/2006 09:50	59.0	8.4	74.0	10.3	68.0	10.5	66.0	11.1	74.0	12.8	341.0	10.6	5	100.0
04/29/2006 09:55	61.0	8.1	65.0	8.7	64.0	9.5	65.0	10.3	66.0	10.6	321.0	9.4	5	100.0
04/29/2006 10:00	63.0	8.3	65.0	8.9	66.0	10.0	64.0	10.2	74.0	12.1	332.0	9.9	5	100.0
04/29/2006 10:05	51.0	6.5	61.0	8.6	66.0	9.7	66.0	9.9	61.0	10.5	305.0	9.0	5	100.0
04/29/2006 10:10	61.0	8.4	73.0	10.3	63.0	9.6	61.0	10.2	65.0	10.5	323.0	9.8	5	100.0
04/29/2006 10:15	60.0	7.8	72.0	9.9	64.0	9.6	64.0	9.7	62.0	10.0	322.0	9.4	5	100.0
04/29/2006 10:20	60.0	7.8	80.0	10.9	64.0	10.3	65.0	10.3	68.0	10.9	337.0	10.0	5	100.0
04/29/2006 10:25	68.0	9.2	71.0	9.8	72.0	11.1	65.0	10.7	64.0	10.9	340.0	10.3	5	100.0
04/29/2006 10:30	64.0	8.7	74.0	10.5	76.0	11.6	74.0	11.9	69.0	11.5	357.0	10.8	5	100.0
04/29/2006 10:35	51.0	6.5	64.0	8.7	64.0	9.1	64.0	10.1	75.0	12.2	318.0	9.3	5	100.0
04/29/2006 10:40	66.0	9.3	80.0	11.2	73.0	12.2	73.0	12.4	68.0	12.5	360.0	11.5	5	100.0
04/29/2006 10:45	68.0	8.9	75.0	10.3	64.0	10.1	78.0	12.6	74.0	13.1	359.0	11.0	5	100.0
04/29/2006 10:50	73.0	9.6	79.0	11.0	80.0	12.9	77.0	12.9	83.0	14.6	392.0	12.2	5	100.0
04/29/2006 10:55	60.0	8.4	60.0	8.6	72.0	11.0	71.0	12.2	70.0	12.2	333.0	10.5	5	100.0
04/29/2006 11:00	64.0	9.2	80.0	11.2	67.0	11.5	73.0	12.8	77.0	14.2	361.0	11.8	5	100.0
04/29/2006 11:05	61.0	8.0	45.0	6.4	43.0	6.0	44.0	6.5	43.0	7.3	236.0	6.8	5	100.0
04/29/2006 11:10	62.0	8.5	71.0	10.2	70.0	11.1	72.0	11.2	77.0	13.3	352.0	10.9	5	100.0
04/29/2006 11:15	68.0	9.1	74.0	10.4	75.0	11.3	68.0	11.8	70.0	11.8	355.0	10.9	5	100.0
04/29/2006 11:20	73.0	9.6	71.0	9.9	78.0	11.4	75.0	12.3	75.0	12.8	372.0	11.2	5	100.0
04/29/2006 11:25	66.0	8.9	73.0	10.4	64.0	10.6	70.0	12.0	75.0	12.7	348.0	10.9	5	100.0
04/29/2006 11:30	61.0	8.4	78.0	11.4	74.0	11.4	69.0	12.2	87.0	15.8	369.0	11.8	5	100.0
04/29/2006 11:35	61.0	7.6	62.0	8.2	64.0	9.8	71.0	11.2	81.0	14.1	339.0	10.2	5	100.0
04/29/2006 11:40	67.0	9.1	73.0	10.9	65.0	11.2	79.0	13.5	78.0	14.7	362.0	11.9	5	100.0
04/29/2006 11:45	58.0	7.6	70.0	9.9	74.0	11.2	72.0	11.3	71.0	12.8	345.0	10.6	5	100.0
04/29/2006 11:50	63.0	8.8	67.0	9.6	61.0	9.8	69.0	11.4	77.0	13.4	337.0	10.6	5	100.0
04/29/2006 11:55	56.0	7.3	69.0	9.1	62.0	9.1	60.0	9.8	69.0	11.5	316.0	9.4	5	100.0
04/29/2006 12:00	61.0	7.9	73.0	9.8	70.0	11.0	66.0	11.1	73.0	12.3	343.0	10.4	5	100.0
04/29/2006 12:05	59.0	7.4	68.0	9.2	57.0	8.5	71.0	10.2	63.0	10.6	318.0	9.2	5	100.0
04/29/2006 12:10	41.0	5.3	43.0	5.8	44.0	6.1	38.0	5.6	47.0	7.4	213.0	6.0	5	100.0
04/29/2006 12:15	62.0	8.4	65.0	9.1	67.0	11.0	68.0	11.2	70.0	11.7	332.0	10.3	5	100.0
04/29/2006 12:20	64.0	8.6	75.0	10.0	70.0	10.9	68.0	11.7	72.0	13.4	349.0	10.9	5	100.0
04/29/2006 12:25	56.0	7.5	65.0	9.0	67.0	10.3	63.0	10.9	69.0	12.3	320.0	10.0	5	100.0
04/29/2006 12:30	52.0	6.6	73.0	10.0	74.0	10.5	65.0	11.4	78.0	13.6	342.0	10.4	5	100.0
04/29/2006 12:35	73.0	10.1	73.0	10.5	75.0	11.6	70.0	11.4	73.0	12.7	364.0	11.3	5	100.0
04/29/2006 12:40	67.0	9.0	67.0	9.5	77.0	11.3	71.0	11.0	71.0	11.7	353.0	10.5	5	100.0
04/29/2006 12:45	69.0	9.5	70.0	9.8	71.0	11.4	62.0	11.4	72.0	13.1	344.0	11.0	5	100.0
04/29/2006 12:50	68.0	9.5	83.0	11.6	71.0	11.1	67.0	10.8	74.0	13.2	363.0	11.2	5	100.0
04/29/2006 12:55	65.0	8.4	70.0	9.7	70.0	10.9	68.0	11.3	67.0	11.2	340.0	10.3	5	100.0
04/29/2006 13:00	57.0	7.7	74.0	10.2	60.0	9.0	74.0	11.4	63.0	10.1	328.0	9.7	5	100.0
04/29/2006 13:05	60.0	7.9	74.0	9.7	78.0	11.8	62.0	10.4	72.0	13.4	346.0	10.6	5	100.0
04/29/2006 13:10	64.0	8.3	70.0	9.6	67.0	10.5	61.0	9.8	70.0	11.1	332.0	9.9	5	100.0
04/29/2006 13:15	44.0	5.9	56.0	7.8	65.0	10.4	65.0	10.7	62.0	10.5	292.0	9.1	5	100.0
04/29/2006 13:20	79.0	15.4	72.0	14.4	71.0	16.5	67.0	15.3	73.0	16.4	362.0	15.6	5	100.0
04/29/2006 13:25	83.0	15.2	75.0	15.1	70.0	15.1	69.0	14.8	70.0	16.1	367.0	15.3	5	100.0
04/29/2006 13:30	80.0	15.9	76.0	14.4	68.0	15.1	64.0	13.9	72.0	15.9	360.0	15.0	5	100.0
04/29/2006 13:35	79.0	15.2	75.0	15.3	66.0	14.4	64.0	14.8	71.0	16.5	355.0	15.2	5	100.0
04/29/2006 13:40	84.0	14.1	71.0	12.1	68.0	13.1	67.0	13.0	64.0	12.9	354.0	13.0	5	100.0
04/29/2006 13:45	69.0	9.7	75.0	11.0	67.0	10.6	60.0	11.7	72.0	13.4	343.0	11.3	5	100.0
04/29/2006 13:50	59.0	7.8	68.0	9.5	73.0	11.5	70.0	11.7	66.0	10.9	336.0	10.3	5	100.0
04/29/2006 13:55	65.0	9.5	67.0	10.3	66.0	11.7	68.0	12.0	63.0	11.0	329.0	10.9	5	100.0
04/29/2006 14:00	72.0	14.2	60.0	12.2	55.0	12.0	43.0	9.8	25.0	14.2	255.0	12.5	5	100.0
04/29/2006 14:05	66.0	16.7	64.0	17.2	62.0	19.1	56.0	21.2	32.0	43.2	280.0	23.5	5	100.0
04/29/2006 14:10	74.0	22.8	65.0	20.6	57.0	19.9	60.0	21.4	50.0	32.7	306.0	23.5	5	100.0
04/29/2006 14:15	79.0	19.8	73.0	20.0	66.0	22.1	67.0	19.8	69.0	19.5	354.0	20.2	5	100.0
04/29/2006 14:20	81.0	16.7	75.0	15.8	69.0	15.1	72.0	16.0	75.0	18.5	372.0	16.4	5	100.0
04/29/2006 14:25	78.0	16.9	75.0	17.4	64.0	18.8	66.0	17.2	70.0	19.0	353.0	17.9	5	100.0
04/29/2006 14:30	72.0	14.9	69.0	15.3	57.0	12.2	62.0	15.3	70.0	16.7	330.0	14.9	5	100.0
04/29/2006 14:35	78.0	18.0	75.0	17.7	67.0	18.2	67.0	17.3	68.0	16.9	355.0	17.6	5	100.0
04/29/2006 14:40	82.0	19.7	73.0	18.8	67.0	17.0	70.0	18.2	67.0	17.3	359.0	18.2	5	100.0
04/29/2006 14:45	81.0	19.7	73.0	19.0	66.0	17.2	72.0	18.0	67.0	16.5	359.0	18.1	5	100.0
04/29/2006 14:50	71.0	18.0	68.0	18.5	61.0	18.3	65.0	21.3	69.0	23.4	334.0	19.9	5	100.0
04/29/2006 14:55	76.0	22.1	67.0	20.0	67.0	22.0	63.0	21.1	64.0	24.9	337.0	22.0	5	100.0
04/29/2006 15:00	69.0	16.4	68.0	16.0	66.0	16.4	60.0	14.2	66.0	16.0	329.0	15.8	5	100.0
04/29/2006 15:05	76.0	19.9	65.0	17.1	67.0	17.7	60.0	17.2	67.0	19.3	335.0	18.2	5	100.0
04/29/2006 15:10	71.0	17.4	68.0	16.5	61.0	15.7	62.0	16.4	62.0	17.7	324.0	16.7	5	100.0
04/29/2006 15:15	76.0	15.0	70.0	14.0	63.0	14.7	60.0	13.3	70.0	16.1	339.0	14.6	5	100.0
04/29/2006 15:20	75.0	14.2	70.0	13.4	71.0	14.3	61.0	13.4	70.0	16.1	347.0	14.3	5	100.0
04/29/2006 15:25	80.0	15.9	70.0	14.6	65.0	14.1	68.0	15.4	67.0	15.1	350.0	15.0	5	100.0
04/29/2006 15:30	77.0	14.3	74.0	14.3	67.0	14.1	64.0	13.3	63.0	14.2	345.0	14.0	5	100.0
04/29/2006 15:35	76.0	14.9	72.0	14.3	67.0	15.0	60.0	13.1	65.0	14.8	340.0	14.4	5	100.0
04/29/2006 15:40	79.0	15.9	70.0	14.4	66.0	14.3	63.0	13.8	64.0	13.8	342.0	14.4	5	100.0
04/29/2006 15:45	76.0	19.7	72.0	18.9	68.0	18.4	62.0	17.6	68.0	18.0	346.0	18.5	5	100.0
04/29/2006 15:50	81.0	16.4	69.0	13.9	74.0	14.9	66.0	14.6	70.0	16.6	360.0	15.3	5	100.0
04/29/2006 15:55	79.0	15.6	76.0	15.3	66.0	13.9	64.0	14.0	68.0	15.1	353.0	14.8	5	100.0
04/29/2006 16:00	76.0	16.1	76.0	15.8	69.0	15.5	67.0	16.0	70.0	18.7	358.0	16.4	5	100.0
04/29/2006 16:05	80.0	17.4	71.0	15.4	67.0	15.8	62.0	14.2	64.0	15.6	344.0	15.7	5	100.0
04/29/2006 16:10	77.0	14.4	70.0	13.1	68.0	13.6	65.0	13.1	63.0	13.1	343.0	13.5	5	100.0
04/29/2006 16:15	79.0	19.1	78.0	17.8	70.0	16.6	59.0	14.9	68.0	15.4	354.0	16.8	5	100.0
04/29/2006 16:20	83.0	19.7	73.0	19.5	69.0	19.1	67.0	18.3	66.0	19.0	358.0	19.1	5	100.0
04/29/2006 16:25	69.0	20.4	60.0	18.1	58.0	17.1	61.0	17.4	58.0	15.3	306.0	17.7	5	100.0
04/29/2006 16:30	65.0	16.0	63.0	15.9	56.0	15.0	63.0	17.2	58.0	17.5	305.0	16.3	5	100.0
04/29/2006 16:35	74.0	16.6	67.0	16.1	62.0	16.3	58.0	15.4	66.0	17.5	327.0	16.4	5	100.0
04/29/2006 16:40	78.0	16.5	63.0	14.3	67.0	16.2	61.0	15.3	70.0	17.5	339.0	16.0	5	100.0
04/29/2006 16:45	78.0	14.9	70.0	14.2	64.0	13.3	65.0	14.6	60.0	13.6	337.0	14.1	5	100.0
04/29/2006 16:50	70.0	16.3	69.0	16.4	59.0	15.0	65.0	16.8	63.0	15.8	326.0	16.1	5	100.0
04/29/2006 16:55	43.0	8.5	47.0	9.1	40.0	8.2	60.0	14.8	40.0	8.8	230.0	9.9	5	100.0
04/29/2006 17:00	75.0	18.0	67.0	16.4	66.0	16.9	66.0	17.5	65.0	18.0	339.0	17.4	5	100.0
04/29/2006 17:05	72.0	21.9	65.0	19.3	61.0	18.7	60.0	18.1	57.0	17.8	315.0	19.2	5	100.0
04/29/2006 17:10	55.0	13.1	53.0	12.7	48.0	12.6	45.0	11.5	56.0	15.8	257.0	13.1	5	100.0
04/29/2006 17:15	74.0	19.5	69.0	17.9	63.0	17.5	60.0	16.3	67.0	17.2	333.0	17.7	5	100.0
04/29/2006 17:20	74.0	17.6	66.0	14.8	67.0	16.4	63.0	15.4	66.0	17.3	336.0	16.3	5	100.0
04/29/2006 17:25	75.0	15.5	70.0	15.3	69.0	15.5	61.0	14.2	68.0	15.2	343.0	15.1	5	100.0
04/29/2006 17:30	80.0	14.8	75.0	14.3	65.0	13.9	55.0	12.0	62.0	14.7	337.0	13.9	5	100.0
04/29/2006 17:35	77.0	16.4	71.0	15.3	64.0	15.3	55.0	13.9	71.0	17.2	338.0	15.6	5	100.0
04/29/2006 17:40	78.0	14.0	73.0	13.7	61.0	12.2	71.0	14.5	70.0	14.1	353.0	13.7	5	100.0
04/29/2006 17:45	54.0	7.7	63.0	9.0	61.0	9.6	60.0	10.2	78.0	13.5	316.0	10.0	5	100.0
04/29/2006 17:50	56.0	7.5	68.0	8.6	64.0	9.3	67.0	11.3	72.0	12.3	327.0	9.8	5	100.0
04/29/2006 17:55	63.0	8.5	69.0	9.4	73.0	10.9	73.0	11.7	71.0	11.8	349.0	10.5	5	100.0
04/29/2006 18:00	61.0	8.2	70.0	9.6	62.0	9.3	63.0	10.1	70.0	13.1	326.0	10.1	5	100.0
04/29/2006 18:05	62.0	8.6	71.0	9.6	73.0	11.1	62.0	9.9	71.0	12.0	339.0	10.2	5	100.0
04/29/2006 18:10	71.0	9.4	73.0	10.2	63.0	9.3	71.0	11.0	73.0	11.5	351.0	10.3	5	100.0
04/29/2006 18:15	46.0	6.0	60.0	8.0	59.0	8.3	64.0	10.1	64.0	10.7	293.0	8.6	5	100.0
04/29/2006 18:20	66.0	9.4	70.0	10.4	62.0	10.2	71.0	12.0	67.0	12.3	336.0	10.9	5	100.0
04/29/2006 18:25	56.0	7.3	61.0	8.3	67.0	9.9	61.0	9.5	70.0	11.5	315.0	9.3	5	100.0
04/29/2006 18:30	62.0	8.2	64.0	8.7	66.0	9.7	58.0	9.5	63.0	10.5	313.0	9.3	5	100.0
04/29/2006 18:35	60.0	8.4	68.0	9.7	64.0	9.6	69.0	10.4	62.0	9.7	323.0	9.6	5	100.0
04/29/2006 18:40	57.0	7.5	62.0	8.5	62.0	9.6	60.0	9.4	71.0	11.2	312.0	9.2	5	100.0
04/29/2006 18:45	59.0	7.6	64.0	8.3	68.0	10.4	61.0	9.7	63.0	9.8	315.0	9.2	5	100.0
04/29/2006 18:50	64.0	8.8	63.0	9.2	70.0	10.5	67.0	10.7	62.0	9.8	326.0	9.8	5	100.0
04/29/2006 18:55	57.0	7.2	62.0	8.0	65.0	9.2	63.0	9.8	64.0	10.1	311.0	8.9	5	100.0
04/29/2006 19:00	61.0	7.7	62.0	8.1	64.0	9.0	60.0	10.0	64.0	10.9	311.0	9.1	5	100.0
04/29/2006 19:05	46.0	6.1	54.0	6.9	56.0	7.9	58.0	8.7	64.0	9.6	278.0	7.8	5	100.0
04/29/2006 19:10	56.0	7.3	62.0	8.6	66.0	9.5	64.0	10.1	70.0	11.5	318.0	9.4	5	100.0
04/29/2006 19:15	56.0	7.0	62.0	8.2	55.0	7.9	59.0	9.5	62.0	10.1	294.0	8.5	5	100.0
04/29/2006 19:20	51.0	6.4	60.0	7.7	54.0	7.3	62.0	9.1	56.0	8.7	283.0	7.8	5	100.0
04/29/2006 19:25	49.0	6.4	59.0	7.7	53.0	7.8	57.0	8.6	54.0	8.3	272.0	7.8	5	100.0
04/29/2006 19:30	46.0	6.0	51.0	6.8	59.0	8.1	55.0	7.6	62.0	9.7	273.0	7.6	5	100.0
04/29/2006 19:35	46.0	6.2	58.0	7.7	56.0	8.0	51.0	7.6	60.0	9.2	271.0	7.7	5	100.0
04/29/2006 19:40	57.0	7.2	50.0	6.8	50.0	7.2	49.0	7.5	50.0	8.3	256.0	7.4	5	100.0
04/29/2006 19:45	47.0	6.3	66.0	8.5	59.0	8.2	47.0	7.0	52.0	8.0	271.0	7.6	5	100.0
04/29/2006 19:50	48.0	6.3	68.0	9.1	59.0	8.2	53.0	8.4	57.0	8.8	285.0	8.2	5	100.0
04/29/2006 19:55	56.0	7.0	55.0	7.4	54.0	8.1	54.0	7.8	53.0	8.2	272.0	7.7	5	100.0
04/29/2006 20:00	45.0	5.8	53.0	7.0	52.0	7.2	52.0	7.5	45.0	7.4	247.0	7.0	5	100.0
04/29/2006 20:05	47.0	6.3	60.0	8.0	53.0	7.4	48.0	7.2	49.0	7.6	257.0	7.3	5	100.0
04/29/2006 20:10	49.0	6.4	58.0	7.9	53.0	7.4	49.0	7.6	51.0	7.7	260.0	7.4	5	100.0
04/29/2006 20:15	45.0	6.0	54.0	7.5	51.0	7.2	57.0	8.6	50.0	8.0	257.0	7.5	5	100.0
04/29/2006 20:20	39.0	5.1	53.0	6.9	49.0	7.1	52.0	7.9	46.0	6.8	239.0	6.8	5	100.0
04/29/2006 20:25	36.0	4.6	44.0	5.7	51.0	8.0	53.0	8.5	49.0	8.6	233.0	7.1	5	100.0
04/29/2006 20:30	31.0	3.9	42.0	5.2	42.0	6.0	53.0	8.4	45.0	6.8	213.0	6.1	5	100.0
04/29/2006 20:35	44.0	5.9	54.0	7.4	53.0	8.0	53.0	8.2	52.0	8.5	256.0	7.6	5	100.0
04/29/2006 20:40	52.0	6.5	57.0	8.0	60.0	8.8	52.0	8.5	56.0	8.9	277.0	8.1	5	100.0
04/29/2006 20:45	45.0	6.0	51.0	6.5	59.0	8.2	56.0	8.0	55.0	8.9	266.0	7.5	5	100.0
04/29/2006 20:50	36.0	4.5	50.0	6.8	56.0	8.1	53.0	7.8	53.0	8.7	248.0	7.2	5	100.0
04/29/2006 20:55	39.0	5.2	43.0	5.9	54.0	7.4	56.0	7.8	55.0	8.5	247.0	7.0	5	100.0
04/29/2006 21:00	45.0	5.6	53.0	6.9	51.0	7.0	59.0	8.4	47.0	7.5	255.0	7.1	5	100.0
04/29/2006 21:05	33.0	4.2	51.0	6.5	54.0	7.5	52.0	7.5	47.0	7.6	237.0	6.7	5	100.0
04/29/2006 21:10	45.0	6.0	54.0	7.1	51.0	7.2	54.0	8.4	53.0	8.7	257.0	7.5	5	100.0
04/29/2006 21:15	47.0	6.4	64.0	8.7	54.0	7.8	57.0	9.0	57.0	9.2	279.0	8.2	5	100.0
04/29/2006 21:20	44.0	5.8	54.0	7.4	58.0	8.9	56.0	8.9	53.0	9.2	265.0	8.0	5	100.0
04/29/2006 21:25	41.0	5.4	53.0	6.7	56.0	7.6	50.0	7.4	47.0	7.2	247.0	6.9	5	100.0
04/29/2006 21:30	43.0	5.4	52.0	6.9	48.0	7.0	64.0	9.1	61.0	9.7	268.0	7.6	5	100.0
04/29/2006 21:35	39.0	4.6	51.0	6.7	53.0	7.2	52.0	7.7	53.0	8.6	248.0	7.0	5	100.0
04/29/2006 21:40	39.0	4.9	54.0	7.1	43.0	6.4	54.0	8.3	44.0	6.8	234.0	6.7	5	100.0
04/29/2006 21:45	36.0	4.4	46.0	6.5	48.0	7.2	56.0	8.1	54.0	8.8	240.0	7.0	5	100.0
04/29/2006 21:50	45.0	6.0	52.0	7.0	50.0	8.2	56.0	8.7	50.0	7.6	253.0	7.5	5	100.0
04/29/2006 21:55	43.0	5.9	44.0	6.1	46.0	6.7	47.0	7.6	48.0	7.4	228.0	6.7	5	100.0
04/29/2006 22:00	35.0	4.4	54.0	7.1	50.0	7.0	47.0	7.4	42.0	6.4	228.0	6.5	5	100.0
04/29/2006 22:05	26.0	3.2	28.0	3.5	27.0	3.9	42.0	5.7	32.0	4.6	155.0	4.2	5	100.0
04/29/2006 22:10	43.0	5.6	57.0	7.5	52.0	7.3	58.0	8.8	57.0	9.0	267.0	7.6	5	100.0
04/29/2006 22:15	43.0	5.6	50.0	6.5	53.0	7.4	53.0	8.4	51.0	7.7	250.0	7.1	5	100.0
04/29/2006 22:20	44.0	5.4	51.0	6.7	48.0	7.1	54.0	7.7	52.0	8.2	249.0	7.0	5	100.0
04/29/2006 22:25	45.0	5.6	54.0	7.2	53.0	7.4	49.0	7.5	47.0	7.2	248.0	7.0	5	100.0
04/29/2006 22:30	39.0	5.0	49.0	6.6	56.0	7.8	56.0	8.1	50.0	7.9	250.0	7.1	5	100.0
04/29/2006 22:35	45.0	5.8	56.0	7.6	53.0	8.0	57.0	8.6	45.0	7.7	256.0	7.5	5	100.0
04/29/2006 22:40	36.0	4.4	43.0	6.2	47.0	6.5	56.0	7.7	51.0	7.5	233.0	6.5	5	100.0
04/29/2006 22:45	47.0	6.3	49.0	7.0	60.0	8.9	53.0	8.1	47.0	7.8	256.0	7.6	5	100.0
04/29/2006 22:50	33.0	4.0	52.0	6.9	47.0	6.6	51.0	8.0	43.0	6.2	226.0	6.3	5	100.0
04/29/2006 22:55	33.0	4.4	46.0	6.1	44.0	6.1	56.0	7.6	52.0	8.3	231.0	6.5	5	100.0
04/29/2006 23:00	36.0	4.8	51.0	6.9	48.0	6.9	47.0	7.1	46.0	7.2	228.0	6.6	5	100.0
04/29/2006 23:05	35.0	4.3	42.0	5.9	41.0	5.8	42.0	6.1	40.0	6.4	200.0	5.7	5	100.0
04/29/2006 23:10	31.0	4.0	37.0	5.1	45.0	6.7	40.0	5.7	43.0	6.8	196.0	5.7	5	100.0
04/29/2006 23:15	29.0	3.7	45.0	6.0	44.0	6.4	43.0	6.5	42.0	6.7	203.0	5.9	5	100.0
04/29/2006 23:20	30.0	3.5	40.0	4.9	46.0	6.3	51.0	7.6	40.0	6.0	207.0	5.7	5	100.0
04/29/2006 23:25	28.0	3.5	42.0	5.8	41.0	5.6	40.0	5.6	39.0	6.1	190.0	5.3	5	100.0
04/29/2006 23:30	25.0	2.8	42.0	5.4	42.0	5.4	39.0	5.5	38.0	6.2	186.0	5.1	5	100.0
04/29/2006 23:35	25.0	3.0	39.0	4.7	41.0	5.6	40.0	5.6	33.0	4.9	178.0	4.8	5	100.0
04/29/2006 23:40	23.0	2.6	36.0	4.6	38.0	5.2	44.0	5.8	33.0	4.6	174.0	4.6	5	100.0
04/29/2006 23:45	27.0	3.4	33.0	4.1	41.0	5.5	37.0	5.1	39.0	6.1	177.0	4.8	5	100.0
04/29/2006 23:50	21.0	2.3	37.0	4.8	35.0	4.3	36.0	5.1	32.0	4.6	161.0	4.2	5	100.0
04/29/2006 23:55	19.0	2.1	32.0	4.1	37.0	5.2	43.0	6.0	36.0	5.4	167.0	4.6	5	100.0
04/30/2006 00:00	20.0	2.6	32.0	4.2	39.0	5.5	40.0	5.6	31.0	5.2	162.0	4.6	5	100.0
04/30/2006 00:05	29.0	3.4	36.0	4.8	37.0	5.2	36.0	5.4	33.0	4.8	171.0	4.7	5	100.0
04/30/2006 00:10	18.0	2.2	32.0	4.1	40.0	5.4	39.0	5.6	32.0	4.8	161.0	4.4	5	100.0
04/30/2006 00:15	12.0	1.3	29.0	3.9	21.0	2.4	20.0	2.8	20.0	2.8	102.0	2.6	5	100.0
04/30/2006 00:20	20.0	2.4	32.0	4.1	30.0	4.6	31.0	4.2	31.0	5.1	144.0	4.1	5	100.0
04/30/2006 00:25	23.0	2.9	28.0	4.2	31.0	4.4	34.0	4.9	28.0	4.3	144.0	4.1	5	100.0
04/30/2006 00:30	19.0	2.4	27.0	3.3	34.0	4.7	30.0	4.9	28.0	4.7	138.0	4.0	5	100.0
04/30/2006 00:35	16.0	1.7	29.0	3.7	26.0	3.6	32.0	4.6	29.0	4.6	132.0	3.6	5	100.0
04/30/2006 00:40	15.0	1.7	26.0	3.3	33.0	4.1	33.0	4.6	25.0	3.6	132.0	3.5	5	100.0
04/30/2006 00:45	15.0	1.7	27.0	3.4	26.0	3.7	27.0	4.0	28.0	4.3	123.0	3.4	5	100.0
04/30/2006 00:50	12.0	1.3	21.0	2.5	24.0	3.5	30.0	4.1	29.0	4.2	116.0	3.1	5	100.0
04/30/2006 00:55	11.0	1.1	24.0	2.7	27.0	3.8	23.0	3.2	26.0	4.2	111.0	3.0	5	100.0
04/30/2006 01:00	16.0	1.8	24.0	2.7	23.0	3.2	22.0	2.8	18.0	2.6	103.0	2.6	5	100.0
04/30/2006 01:05	10.0	1.0	18.0	2.2	16.0	2.1	24.0	3.1	18.0	2.8	86.0	2.2	5	100.0
04/30/2006 01:10	12.0	1.4	17.0	2.4	21.0	3.0	24.0	2.8	21.0	2.9	95.0	2.5	5	100.0
04/30/2006 01:15	11.0	1.2	26.0	3.3	25.0	3.3	26.0	3.9	20.0	2.8	108.0	2.9	5	100.0
04/30/2006 01:20	12.0	1.4	19.0	2.3	18.0	2.7	23.0	3.3	16.0	2.2	88.0	2.4	5	100.0
04/30/2006 01:25	9.0	1.0	14.0	1.7	14.0	2.0	19.0	2.6	23.0	4.0	79.0	2.3	5	100.0
04/30/2006 01:30	9.0	1.1	15.0	1.7	12.0	1.7	18.0	2.6	24.0	4.5	78.0	2.3	5	100.0
04/30/2006 01:35	6.0	0.6	20.0	2.2	23.0	2.5	18.0	2.9	17.0	2.5	84.0	2.1	5	100.0
04/30/2006 01:40	6.0	0.8	16.0	1.9	18.0	2.1	14.0	1.7	14.0	2.0	68.0	1.7	5	100.0
04/30/2006 01:45	6.0	0.6	15.0	1.7	15.0	1.9	21.0	3.1	18.0	2.9	75.0	2.0	5	100.0
04/30/2006 01:50	4.0	0.4	16.0	2.0	13.0	1.9	19.0	2.4	18.0	2.5	70.0	1.8	5	100.0
04/30/2006 01:55	7.0	0.7	20.0	2.5	23.0	2.9	19.0	2.3	15.0	2.1	84.0	2.1	5	100.0
04/30/2006 02:00	10.0	1.0	18.0	2.2	15.0	2.1	20.0	2.8	17.0	2.3	80.0	2.1	5	100.0
04/30/2006 02:05	14.0	1.6	21.0	2.8	22.0	2.7	27.0	3.2	17.0	2.7	101.0	2.6	5	100.0
04/30/2006 02:10	16.0	2.0	19.0	2.4	25.0	3.6	28.0	3.7	11.0	1.5	99.0	2.6	5	100.0
04/30/2006 02:15	14.0	1.4	24.0	2.8	24.0	3.6	23.0	2.9	13.0	2.0	98.0	2.6	5	100.0
04/30/2006 02:20	11.0	1.1	18.0	2.3	22.0	2.9	26.0	3.4	21.0	3.0	98.0	2.5	5	100.0
04/30/2006 02:25	5.0	0.5	19.0	2.6	20.0	2.2	17.0	2.9	10.0	1.4	71.0	1.9	5	100.0
04/30/2006 02:30	10.0	1.0	20.0	2.4	23.0	3.0	21.0	3.2	18.0	2.6	92.0	2.4	5	100.0
04/30/2006 02:35	7.0	0.7	20.0	2.6	22.0	2.6	20.0	2.6	17.0	2.2	86.0	2.1	5	100.0
04/30/2006 02:40	7.0	0.7	16.0	1.7	17.0	1.9	16.0	2.1	14.0	2.1	70.0	1.7	5	100.0
04/30/2006 02:45	10.0	1.0	14.0	1.5	25.0	2.7	11.0	1.5	14.0	1.7	74.0	1.7	5	100.0
04/30/2006 02:50	6.0	1.0	13.0	1.3	18.0	2.1	17.0	2.6	13.0	1.9	67.0	1.8	5	100.0
04/30/2006 02:55	4.0	0.4	13.0	1.5	18.0	2.2	16.0	1.8	8.0	1.4	59.0	1.5	5	100.0
04/30/2006 03:00	4.0	0.4	11.0	1.1	14.0	1.9	12.0	1.9	12.0	1.3	53.0	1.3	5	100.0
04/30/2006 03:05	20.0	2.0	10.0	1.1	12.0	1.4	13.0	2.0	11.0	1.5	66.0	1.6	5	100.0
04/30/2006 03:10	4.0	0.4	14.0	1.6	11.0	1.4	14.0	2.3	7.0	2.1	50.0	1.6	5	100.0
04/30/2006 03:15	6.0	0.6	10.0	1.2	16.0	1.9	10.0	1.5	16.0	2.3	58.0	1.5	5	100.0
04/30/2006 03:20	2.0	0.2	12.0	1.4	17.0	2.3	20.0	2.3	9.0	1.0	60.0	1.4	5	100.0
04/30/2006 03:25	4.0	0.4	14.0	1.6	12.0	1.2	10.0	1.3	13.0	1.9	53.0	1.3	5	100.0
04/30/2006 03:30	5.0	0.5	8.0	0.8	13.0	1.6	17.0	2.8	13.0	1.7	56.0	1.5	5	100.0
04/30/2006 03:35	7.0	0.7	6.0	0.7	8.0	1.1	15.0	1.7	11.0	1.3	47.0	1.1	5	100.0
04/30/2006 03:40	0.0	0.0	8.0	0.9	11.0	1.3	13.0	2.0	9.0	1.5	41.0	1.1	5	100.0
04/30/2006 03:45	5.0	0.5	5.0	0.7	13.0	1.3	9.0	1.2	10.0	1.0	42.0	0.9	5	100.0
04/30/2006 03:50	8.0	0.8	11.0	1.1	9.0	1.2	11.0	1.4	5.0	0.8	44.0	1.1	5	100.0
04/30/2006 03:55	7.0	0.7	6.0	0.7	5.0	0.6	10.0	1.4	1.0	0.1	29.0	0.7	5	100.0
04/30/2006 04:00	0.0	0.0	20.0	2.0	20.0	2.0	1.0	0.1	10.0	2.0	51.0	1.2	5	100.0
04/30/2006 04:05	0.0	0.0	20.0	2.0	11.0	2.0	0.0	0.0	10.0	2.0	41.0	1.2	5	80.0
04/30/2006 04:10	0.0	0.0	20.0	2.0	11.0	2.0	0.0	0.0	10.0	2.0	41.0	1.2	5	80.0
04/30/2006 04:15	0.0	0.0	20.0	2.0	11.0	2.0	0.0	0.0	10.0	2.0	41.0	1.2	5	80.0
04/30/2006 04:20	0.0	0.0	20.0	2.0	11.0	2.0	0.0	0.0	10.0	2.0	41.0	1.2	5	80.0
04/30/2006 04:25	0.0	0.0	16.0	1.6	10.0	1.0	0.0	0.0	11.0	2.0	37.0	0.9	5	100.0
04/30/2006 04:30	8.0	0.8	6.0	0.6	7.0	0.7	6.0	1.3	3.0	0.6	30.0	0.8	5	100.0
04/30/2006 04:35	1.0	0.1	3.0	0.5	7.0	0.7	3.0	0.3	9.0	1.1	23.0	0.6	5	100.0
04/30/2006 04:40	0.0	0.0	2.0	0.3	10.0	1.3	5.0	0.6	8.0	0.9	25.0	0.6	5	100.0
04/30/2006 04:45	8.0	0.8	7.0	1.0	10.0	1.4	9.0	1.6	5.0	1.1	39.0	1.2	5	100.0
04/30/2006 04:50	2.0	0.2	5.0	0.7	7.0	0.7	10.0	1.6	4.0	0.8	28.0	0.8	5	100.0
04/30/2006 04:55	1.0	0.1	3.0	0.3	5.0	0.7	12.0	1.7	8.0	1.4	29.0	0.8	5	100.0
04/30/2006 05:00	5.0	0.5	4.0	0.4	3.0	0.3	6.0	0.7	4.0	0.7	22.0	0.5	5	100.0
04/30/2006 05:05	0.0	0.0	2.0	0.2	1.0	0.1	7.0	1.1	4.0	0.4	14.0	0.4	5	100.0
04/30/2006 05:10	0.0	0.0	9.0	1.0	4.0	0.5	9.0	1.2	6.0	1.1	28.0	0.8	5	100.0
04/30/2006 05:15	0.0	0.0	6.0	0.8	6.0	0.7	6.0	1.0	9.0	1.1	27.0	0.7	5	100.0
04/30/2006 05:20	0.0	0.0	1.0	0.1	7.0	0.9	10.0	1.0	9.0	1.4	27.0	0.7	5	100.0
04/30/2006 05:25	0.0	0.0	11.0	1.2	7.0	0.7	11.0	2.1	9.0	1.9	38.0	1.2	5	100.0
04/30/2006 05:30	5.0	0.5	9.0	1.1	9.0	1.0	8.0	1.0	8.0	0.9	39.0	0.9	5	100.0
04/30/2006 05:35	0.0	0.0	10.0	1.0	9.0	0.9	10.0	1.7	11.0	2.2	40.0	1.2	5	100.0
04/30/2006 05:40	0.0	0.0	11.0	1.1	6.0	0.6	9.0	1.3	8.0	0.9	34.0	0.8	5	100.0
04/30/2006 05:45	4.0	0.4	14.0	1.4	9.0	1.2	10.0	1.2	6.0	0.7	43.0	1.0	5	100.0
04/30/2006 05:50	0.0	0.0	5.0	0.5	8.0	1.1	9.0	1.3	7.0	1.0	29.0	0.8	5	100.0
04/30/2006 05:55	1.0	0.1	8.0	0.9	7.0	0.9	11.0	1.7	8.0	1.1	35.0	0.9	5	100.0
04/30/2006 06:00	0.0	0.0	12.0	1.3	12.0	1.6	9.0	1.6	9.0	1.2	42.0	1.1	5	100.0
04/30/2006 06:05	1.0	0.1	9.0	1.1	11.0	1.7	10.0	1.4	9.0	1.4	40.0	1.2	5	100.0
04/30/2006 06:10	2.0	0.2	14.0	1.6	12.0	2.1	14.0	1.8	10.0	1.3	52.0	1.4	5	100.0
04/30/2006 06:15	0.0	0.0	11.0	1.2	14.0	1.9	11.0	2.0	10.0	1.9	46.0	1.4	5	100.0
04/30/2006 06:20	5.0	0.7	12.0	1.5	13.0	1.7	11.0	1.3	11.0	1.9	52.0	1.4	5	100.0
04/30/2006 06:25	8.0	0.8	13.0	1.4	13.0	1.3	10.0	1.3	6.0	1.0	50.0	1.2	5	100.0
04/30/2006 06:30	7.0	0.7	20.0	2.3	16.0	2.0	17.0	2.2	14.0	2.3	74.0	1.9	5	100.0
04/30/2006 06:35	1.0	0.1	15.0	1.6	10.0	1.1	12.0	2.0	13.0	1.7	51.0	1.3	5	100.0
04/30/2006 06:40	7.0	0.7	18.0	2.2	18.0	2.1	17.0	2.8	13.0	1.9	73.0	1.9	5	100.0
04/30/2006 06:45	3.0	0.3	13.0	1.4	23.0	2.7	14.0	2.2	14.0	1.8	67.0	1.7	5	100.0
04/30/2006 06:50	10.0	1.3	21.0	2.4	16.0	2.1	16.0	2.6	24.0	3.6	87.0	2.4	5	100.0
04/30/2006 06:55	15.0	2.0	19.0	2.3	16.0	2.1	18.0	2.7	17.0	2.7	85.0	2.4	5	100.0
04/30/2006 07:00	8.0	0.8	20.0	2.4	17.0	2.2	14.0	1.9	15.0	2.4	74.0	1.9	5	100.0
04/30/2006 07:05	2.0	0.2	11.0	1.4	14.0	2.1	16.0	2.6	10.0	1.1	53.0	1.5	5	100.0
04/30/2006 07:10	7.0	0.7	24.0	2.8	19.0	2.4	21.0	3.3	16.0	2.4	87.0	2.3	5	100.0
04/30/2006 07:15	11.0	1.1	24.0	3.0	24.0	3.1	25.0	3.3	16.0	2.4	100.0	2.6	5	100.0
04/30/2006 07:20	17.0	1.8	23.0	3.0	11.0	1.5	17.0	3.0	20.0	2.6	88.0	2.4	5	100.0
04/30/2006 07:25	13.0	1.4	25.0	2.8	28.0	3.5	29.0	3.6	20.0	2.9	115.0	2.8	5	100.0
04/30/2006 07:30	8.0	0.9	19.0	2.1	18.0	2.3	19.0	2.4	16.0	2.6	80.0	2.1	5	100.0
04/30/2006 07:35	15.0	1.7	26.0	3.0	31.0	3.8	29.0	4.4	18.0	2.6	119.0	3.1	5	100.0
04/30/2006 07:40	14.0	1.6	27.0	3.4	29.0	4.0	31.0	4.1	26.0	3.8	127.0	3.4	5	100.0
04/30/2006 07:45	16.0	1.7	28.0	3.8	24.0	2.7	24.0	3.3	20.0	2.7	112.0	2.8	5	100.0
04/30/2006 07:50	13.0	1.6	34.0	4.1	30.0	3.7	33.0	5.0	27.0	4.1	137.0	3.7	5	100.0
04/30/2006 07:55	16.0	2.1	28.0	3.5	32.0	4.0	28.0	3.8	24.0	4.1	128.0	3.5	5	100.0
04/30/2006 08:00	13.0	1.4	24.0	2.7	29.0	3.6	23.0	3.7	24.0	3.4	113.0	3.0	5	100.0
04/30/2006 08:05	14.0	1.6	30.0	3.7	28.0	3.6	32.0	5.0	23.0	3.4	127.0	3.5	5	100.0
04/30/2006 08:10	25.0	3.4	28.0	3.6	27.0	3.4	30.0	4.3	30.0	5.1	140.0	4.0	5	100.0
04/30/2006 08:15	16.0	2.2	31.0	3.9	29.0	4.3	34.0	5.0	31.0	4.6	141.0	4.0	5	100.0
04/30/2006 08:20	11.0	1.2	31.0	4.1	32.0	4.3	38.0	5.5	35.0	5.0	147.0	4.0	5	100.0
04/30/2006 08:25	15.0	1.7	32.0	3.9	33.0	4.6	39.0	5.6	30.0	4.1	149.0	4.0	5	100.0
04/30/2006 08:30	30.0	3.8	41.0	5.3	43.0	6.3	41.0	6.2	31.0	5.0	186.0	5.3	5	100.0
04/30/2006 08:35	22.0	2.6	36.0	4.5	39.0	5.2	31.0	4.8	37.0	5.2	165.0	4.5	5	100.0
04/30/2006 08:40	18.0	2.3	30.0	3.8	42.0	5.8	36.0	5.6	40.0	6.3	166.0	4.8	5	100.0
04/30/2006 08:45	21.0	2.4	38.0	4.8	38.0	4.7	46.0	6.5	43.0	6.6	186.0	5.0	5	100.0
04/30/2006 08:50	21.0	2.1	31.0	4.1	45.0	5.9	45.0	6.8	37.0	5.7	179.0	4.9	5	100.0
04/30/2006 08:55	21.0	2.4	40.0	5.3	38.0	5.3	37.0	6.0	40.0	5.8	176.0	5.0	5	100.0
04/30/2006 09:00	23.0	2.8	33.0	4.2	29.0	4.0	36.0	5.3	45.0	6.6	166.0	4.6	5	100.0
04/30/2006 09:05	19.0	2.2	36.0	4.5	45.0	5.7	43.0	7.3	36.0	5.4	179.0	5.0	5	100.0
04/30/2006 09:10	26.0	2.9	40.0	4.9	41.0	5.4	42.0	5.8	38.0	5.7	187.0	4.9	5	100.0
04/30/2006 09:15	26.0	2.9	38.0	4.9	31.0	4.1	47.0	6.4	38.0	5.8	180.0	4.8	5	100.0
04/30/2006 09:20	30.0	3.6	46.0	5.9	51.0	6.8	50.0	7.2	45.0	6.4	222.0	6.0	5	100.0
04/30/2006 09:25	28.0	3.3	43.0	5.3	41.0	5.5	49.0	6.5	41.0	6.3	202.0	5.3	5	100.0
04/30/2006 09:30	29.0	3.7	48.0	6.3	49.0	6.7	55.0	7.7	48.0	8.1	229.0	6.5	5	100.0
04/30/2006 09:35	29.0	3.5	44.0	5.6	45.0	6.2	45.0	7.2	45.0	6.8	208.0	5.9	5	100.0
04/30/2006 09:40	39.0	5.1	56.0	7.4	53.0	7.6	53.0	7.5	51.0	8.5	252.0	7.2	5	100.0
04/30/2006 09:45	43.0	5.8	60.0	8.0	51.0	6.8	49.0	7.9	50.0	7.5	253.0	7.2	5	100.0
04/30/2006 09:50	36.0	4.6	60.0	7.8	49.0	6.8	59.0	9.0	61.0	9.6	265.0	7.6	5	100.0
04/30/2006 09:55	37.0	4.6	54.0	7.1	55.0	8.1	62.0	10.0	51.0	7.9	259.0	7.5	5	100.0
04/30/2006 10:00	35.0	4.0	51.0	6.9	55.0	7.8	52.0	7.4	51.0	8.1	244.0	6.8	5	100.0
04/30/2006 10:05	46.0	5.7	58.0	7.5	54.0	7.7	56.0	7.9	58.0	9.2	272.0	7.6	5	100.0
04/30/2006 10:10	33.0	4.0	55.0	7.4	54.0	7.3	61.0	8.8	57.0	9.0	260.0	7.3	5	100.0
04/30/2006 10:15	38.0	4.7	50.0	6.5	50.0	6.8	52.0	7.7	51.0	7.8	241.0	6.7	5	100.0
04/30/2006 10:20	45.0	5.9	60.0	8.2	57.0	7.8	68.0	10.5	58.0	9.0	288.0	8.3	5	100.0
04/30/2006 10:25	48.0	6.2	63.0	8.3	56.0	8.1	62.0	9.8	54.0	8.6	283.0	8.2	5	100.0
04/30/2006 10:30	43.0	5.3	59.0	7.8	58.0	8.7	57.0	9.8	59.0	9.4	276.0	8.2	5	100.0
04/30/2006 10:35	55.0	7.1	63.0	8.5	64.0	9.1	70.0	10.4	72.0	12.0	324.0	9.4	5	100.0
04/30/2006 10:40	52.0	6.6	66.0	8.5	63.0	8.5	63.0	9.4	67.0	10.0	311.0	8.6	5	100.0
04/30/2006 10:45	51.0	6.7	64.0	8.8	67.0	9.3	62.0	9.6	62.0	9.7	306.0	8.8	5	100.0
04/30/2006 10:50	57.0	7.6	69.0	9.4	66.0	10.2	66.0	10.3	69.0	11.7	327.0	9.8	5	100.0
04/30/2006 10:55	52.0	6.9	68.0	9.0	66.0	9.9	68.0	10.9	81.0	15.4	335.0	10.4	5	100.0
04/30/2006 11:00	54.0	7.1	61.0	8.3	63.0	9.3	68.0	10.7	70.0	11.6	316.0	9.4	5	100.0
04/30/2006 11:05	49.0	6.2	63.0	8.3	64.0	9.1	62.0	8.9	65.0	10.7	303.0	8.6	5	100.0
04/30/2006 11:10	42.0	5.6	56.0	7.2	55.0	8.0	62.0	9.2	55.0	9.2	270.0	7.8	5	100.0
04/30/2006 11:15	49.0	5.9	55.0	7.2	55.0	7.7	59.0	8.3	56.0	8.9	274.0	7.6	5	100.0
04/30/2006 11:20	49.0	6.5	66.0	8.9	62.0	9.2	64.0	9.7	71.0	11.9	312.0	9.2	5	100.0
04/30/2006 11:25	57.0	7.5	69.0	9.6	63.0	9.1	78.0	12.4	78.0	13.0	345.0	10.3	5	100.0
04/30/2006 11:30	56.0	7.1	63.0	8.5	70.0	9.6	67.0	10.4	70.0	11.7	326.0	9.5	5	100.0
04/30/2006 11:35	51.0	6.5	64.0	8.8	70.0	9.9	66.0	10.6	73.0	12.3	324.0	9.6	5	100.0
04/30/2006 11:40	54.0	7.2	68.0	9.3	57.0	8.7	73.0	11.1	73.0	12.8	325.0	9.8	5	100.0
04/30/2006 11:45	54.0	6.8	63.0	9.0	64.0	10.2	64.0	10.9	82.0	13.4	327.0	10.1	5	100.0
04/30/2006 11:50	61.0	7.9	69.0	9.2	63.0	9.8	67.0	10.7	80.0	12.8	340.0	10.1	5	100.0
04/30/2006 11:55	51.0	6.7	64.0	8.6	65.0	9.9	70.0	11.5	73.0	12.5	323.0	9.8	5	100.0
04/30/2006 12:00	57.0	7.5	72.0	10.1	65.0	9.5	73.0	11.5	73.0	12.3	340.0	10.2	5	100.0
04/30/2006 12:05	66.0	8.6	70.0	9.6	77.0	11.0	70.0	11.6	83.0	15.1	366.0	11.2	5	100.0
04/30/2006 12:10	49.0	6.2	59.0	7.8	62.0	9.0	70.0	10.8	72.0	12.6	312.0	9.3	5	100.0
04/30/2006 12:15	57.0	7.5	68.0	9.1	65.0	10.1	67.0	11.3	72.0	13.3	329.0	10.3	5	100.0
04/30/2006 12:20	54.0	7.1	70.0	9.5	69.0	10.0	73.0	11.1	70.0	12.4	336.0	10.0	5	100.0
04/30/2006 12:25	49.0	6.1	57.0	7.7	62.0	9.0	64.0	9.8	78.0	13.4	310.0	9.2	5	100.0
04/30/2006 12:30	58.0	7.6	71.0	9.7	69.0	10.8	66.0	11.1	76.0	12.8	340.0	10.4	5	100.0
04/30/2006 12:35	50.0	6.6	60.0	8.7	66.0	9.8	67.0	10.5	77.0	13.5	320.0	9.8	5	100.0
04/30/2006 12:40	62.0	8.3	62.0	8.3	70.0	10.5	63.0	11.3	80.0	13.7	337.0	10.4	5	100.0
04/30/2006 12:45	60.0	7.7	60.0	8.1	69.0	9.9	64.0	10.5	78.0	13.2	331.0	9.9	5	100.0
04/30/2006 12:50	64.0	8.3	70.0	9.7	70.0	10.3	70.0	11.2	74.0	12.8	348.0	10.5	5	100.0
04/30/2006 12:55	62.0	8.5	67.0	9.0	72.0	10.4	72.0	11.4	75.0	12.7	348.0	10.4	5	100.0
04/30/2006 13:00	68.0	9.1	75.0	10.5	71.0	10.9	69.0	11.3	79.0	13.5	362.0	11.1	5	100.0
04/30/2006 13:05	56.0	7.3	66.0	9.3	68.0	10.0	64.0	11.0	79.0	13.2	333.0	10.2	5	100.0
04/30/2006 13:10	76.0	10.3	75.0	10.9	67.0	10.3	70.0	12.4	76.0	14.0	364.0	11.6	5	100.0
04/30/2006 13:15	64.0	8.9	70.0	9.9	69.0	10.3	70.0	11.5	71.0	12.2	344.0	10.6	5	100.0
04/30/2006 13:20	59.0	7.9	61.0	8.4	72.0	10.4	64.0	9.9	71.0	12.5	327.0	9.8	5	100.0
04/30/2006 13:25	65.0	9.0	76.0	10.8	79.0	11.6	68.0	10.9	80.0	13.6	368.0	11.2	5	100.0
04/30/2006 13:30	58.0	7.8	75.0	10.2	62.0	9.5	70.0	10.9	72.0	11.9	337.0	10.1	5	100.0
04/30/2006 13:35	67.0	9.0	72.0	10.2	70.0	10.3	65.0	10.3	73.0	12.5	347.0	10.5	5	100.0
04/30/2006 13:40	66.0	9.1	73.0	10.2	78.0	12.0	72.0	12.3	74.0	12.5	363.0	11.2	5	100.0
04/30/2006 13:45	79.0	10.5	73.0	10.3	69.0	11.3	69.0	11.0	78.0	13.3	368.0	11.3	5	100.0
04/30/2006 13:50	62.0	8.6	75.0	10.4	63.0	9.4	69.0	11.1	75.0	13.1	344.0	10.5	5	100.0
04/30/2006 13:55	66.0	9.1	78.0	11.0	68.0	10.7	73.0	11.9	74.0	13.2	359.0	11.2	5	100.0
04/30/2006 14:00	61.0	8.1	71.0	10.0	67.0	10.6	68.0	11.8	75.0	13.4	342.0	10.8	5	100.0
04/30/2006 14:05	68.0	9.5	76.0	10.7	74.0	11.6	71.0	11.7	74.0	12.8	363.0	11.3	5	100.0
04/30/2006 14:10	63.0	8.6	74.0	10.4	69.0	10.6	71.0	11.7	73.0	13.5	350.0	11.0	5	100.0
04/30/2006 14:15	59.0	8.1	72.0	10.1	73.0	10.6	66.0	10.5	70.0	11.6	340.0	10.2	5	100.0
04/30/2006 14:20	71.0	9.5	64.0	8.8	75.0	11.5	68.0	10.6	65.0	11.3	343.0	10.3	5	100.0
04/30/2006 14:25	76.0	10.3	75.0	10.9	74.0	11.4	73.0	11.6	67.0	11.4	365.0	11.1	5	100.0
04/30/2006 14:30	60.0	8.0	71.0	10.4	65.0	9.9	63.0	10.0	72.0	12.8	331.0	10.2	5	100.0
04/30/2006 14:35	63.0	8.5	69.0	9.6	70.0	10.6	70.0	11.3	72.0	12.0	344.0	10.4	5	100.0
04/30/2006 14:40	74.0	10.2	71.0	9.8	73.0	11.0	68.0	10.5	68.0	11.3	354.0	10.6	5	100.0
04/30/2006 14:45	61.0	8.0	71.0	9.7	68.0	9.9	69.0	10.8	74.0	11.8	343.0	10.0	5	100.0
04/30/2006 14:50	74.0	10.6	69.0	10.3	74.0	11.1	69.0	10.9	59.0	9.6	345.0	10.5	5	100.0
04/30/2006 14:55	61.0	8.3	70.0	9.7	71.0	10.5	64.0	10.8	71.0	13.1	337.0	10.5	5	100.0
04/30/2006 15:00	56.0	7.6	59.0	8.8	69.0	10.2	63.0	10.6	68.0	12.2	315.0	9.9	5	100.0
04/30/2006 15:05	43.0	5.9	47.0	6.6	53.0	8.4	50.0	9.1	50.0	8.7	243.0	7.7	5	100.0
04/30/2006 15:10	81.0	12.5	76.0	11.5	74.0	11.9	66.0	11.0	71.0	13.3	368.0	12.0	5	100.0
04/30/2006 15:15	65.0	8.8	75.0	10.2	70.0	9.9	68.0	10.9	63.0	10.5	341.0	10.1	5	100.0
04/30/2006 15:20	54.0	7.1	58.0	8.3	65.0	9.4	57.0	9.1	66.0	11.1	300.0	9.0	5	100.0
04/30/2006 15:25	64.0	9.0	70.0	10.0	71.0	10.7	69.0	11.5	71.0	11.9	345.0	10.6	5	100.0
04/30/2006 15:30	39.0	5.8	46.0	6.7	45.0	6.4	41.0	6.8	44.0	7.2	215.0	6.6	5	100.0
04/30/2006 15:35	82.0	11.5	80.0	11.5	75.0	11.7	74.0	12.3	71.0	12.7	382.0	11.9	5	100.0
04/30/2006 15:40	69.0	9.5	74.0	10.9	77.0	12.3	69.0	11.7	74.0	13.4	363.0	11.6	5	100.0
04/30/2006 15:45	62.0	7.9	71.0	9.5	74.0	10.8	67.0	10.3	72.0	12.9	346.0	10.3	5	100.0
04/30/2006 15:50	61.0	7.8	72.0	9.8	72.0	10.4	69.0	11.0	71.0	11.4	345.0	10.1	5	100.0
04/30/2006 15:55	53.0	7.3	67.0	9.2	64.0	9.5	67.0	9.6	63.0	10.2	314.0	9.2	5	100.0
04/30/2006 16:00	67.0	9.5	70.0	10.2	76.0	11.7	69.0	11.1	69.0	11.2	351.0	10.7	5	100.0
04/30/2006 16:05	65.0	8.5	70.0	9.3	59.0	8.7	69.0	10.9	68.0	11.6	331.0	9.8	5	100.0
04/30/2006 16:10	56.0	7.4	55.0	7.3	62.0	9.9	41.0	7.5	62.0	9.4	276.0	8.3	5	100.0
04/30/2006 16:15	59.0	8.0	71.0	9.8	72.0	10.7	69.0	10.9	61.0	10.6	332.0	10.0	5	100.0
04/30/2006 16:20	66.0	9.1	74.0	10.3	71.0	11.2	62.0	10.2	55.0	9.0	328.0	10.0	5	100.0
04/30/2006 16:25	67.0	8.9	72.0	10.1	70.0	10.5	69.0	11.4	73.0	12.5	351.0	10.7	5	100.0
04/30/2006 16:30	70.0	9.7	70.0	9.8	66.0	10.7	63.0	10.2	64.0	10.9	333.0	10.3	5	100.0
04/30/2006 16:35	68.0	9.3	74.0	10.2	71.0	10.0	64.0	10.0	60.0	9.8	337.0	9.9	5	100.0
04/30/2006 16:40	67.0	9.1	71.0	10.3	76.0	11.5	68.0	11.1	67.0	10.3	349.0	10.5	5	100.0
04/30/2006 16:45	65.0	8.8	63.0	8.6	67.0	9.6	69.0	11.0	60.0	9.6	324.0	9.5	5	100.0
04/30/2006 16:50	56.0	7.6	69.0	9.2	65.0	9.7	64.0	9.6	69.0	10.9	323.0	9.4	5	100.0
04/30/2006 16:55	69.0	9.3	62.0	8.6	68.0	10.1	69.0	11.3	63.0	10.5	331.0	10.0	5	100.0
04/30/2006 17:00	64.0	8.3	62.0	8.9	70.0	10.2	68.0	10.5	68.0	11.3	332.0	9.8	5	100.0
04/30/2006 17:05	51.0	6.9	68.0	9.0	67.0	9.2	60.0	9.1	62.0	9.7	308.0	8.8	5	100.0
04/30/2006 17:10	63.0	8.0	64.0	8.8	60.0	8.8	60.0	9.5	67.0	10.6	314.0	9.1	5	100.0
04/30/2006 17:15	51.0	6.9	73.0	9.6	61.0	9.0	64.0	9.5	66.0	10.8	315.0	9.2	5	100.0
04/30/2006 17:20	57.0	7.9	63.0	8.9	62.0	9.1	63.0	9.5	64.0	10.8	309.0	9.2	5	100.0
04/30/2006 17:25	59.0	8.2	64.0	8.7	65.0	9.2	59.0	9.9	55.0	8.8	302.0	9.0	5	100.0
04/30/2006 17:30	56.0	7.6	57.0	7.8	62.0	9.0	56.0	8.9	60.0	10.2	291.0	8.7	5	100.0
04/30/2006 17:35	66.0	8.7	66.0	8.7	65.0	9.7	65.0	10.1	60.0	9.8	322.0	9.4	5	100.0
04/30/2006 17:40	51.0	7.0	58.0	8.3	68.0	9.9	67.0	10.5	67.0	11.2	311.0	9.4	5	100.0
04/30/2006 17:45	65.0	8.6	72.0	10.3	63.0	9.1	70.0	11.7	61.0	9.7	331.0	9.9	5	100.0
04/30/2006 17:50	64.0	9.1	68.0	9.4	69.0	9.7	71.0	11.4	61.0	10.1	333.0	9.9	5	100.0
04/30/2006 17:55	62.0	8.1	63.0	8.5	67.0	9.4	57.0	8.4	69.0	10.7	318.0	9.0	5	100.0
04/30/2006 18:00	59.0	8.0	61.0	8.4	58.0	8.0	63.0	9.0	53.0	8.5	294.0	8.4	5	100.0
04/30/2006 18:05	59.0	7.6	66.0	8.9	66.0	9.3	65.0	10.0	62.0	9.7	318.0	9.1	5	100.0
04/30/2006 18:10	50.0	6.7	61.0	8.3	66.0	10.1	58.0	9.0	62.0	10.1	297.0	8.8	5	100.0
04/30/2006 18:15	45.0	5.6	57.0	7.4	62.0	8.7	62.0	9.7	57.0	8.9	283.0	8.1	5	100.0
04/30/2006 18:20	46.0	5.9	54.0	6.9	56.0	7.6	61.0	9.6	55.0	8.4	272.0	7.7	5	100.0
04/30/2006 18:25	50.0	6.7	59.0	7.6	62.0	8.4	56.0	8.2	64.0	9.9	291.0	8.2	5	100.0
04/30/2006 18:30	41.0	5.1	54.0	7.3	63.0	8.8	54.0	8.2	59.0	9.1	271.0	7.7	5	100.0
04/30/2006 18:35	39.0	5.4	59.0	7.7	58.0	8.1	60.0	8.6	62.0	10.7	278.0	8.1	5	100.0
04/30/2006 18:40	45.0	5.7	56.0	7.5	57.0	8.2	59.0	9.0	59.0	9.2	276.0	7.9	5	100.0
04/30/2006 18:45	63.0	8.3	61.0	8.5	62.0	9.7	63.0	10.2	59.0	9.2	308.0	9.2	5	100.0
04/30/2006 18:50	63.0	8.3	65.0	8.7	64.0	9.9	59.0	9.9	65.0	11.0	316.0	9.6	5	100.0
04/30/2006 18:55	62.0	8.2	69.0	9.6	68.0	10.8	71.0	11.2	66.0	11.1	336.0	10.2	5	100.0
04/30/2006 19:00	43.0	5.9	54.0	6.9	54.0	7.4	50.0	8.1	49.0	7.9	250.0	7.2	5	100.0
04/30/2006 19:05	51.0	6.7	57.0	8.0	54.0	8.4	58.0	9.5	53.0	8.9	273.0	8.3	5	100.0
04/30/2006 19:10	54.0	6.6	57.0	7.8	49.0	7.3	65.0	9.7	59.0	8.9	284.0	8.1	5	100.0
04/30/2006 19:15	59.0	7.8	63.0	8.7	61.0	8.8	58.0	9.7	56.0	8.4	297.0	8.7	5	100.0
04/30/2006 19:20	45.0	6.0	56.0	7.9	59.0	8.0	61.0	8.3	51.0	7.9	272.0	7.6	5	100.0
04/30/2006 19:25	57.0	7.5	63.0	8.3	57.0	8.0	60.0	9.4	60.0	9.2	297.0	8.5	5	100.0
04/30/2006 19:30	57.0	7.7	58.0	8.1	59.0	8.8	54.0	8.5	58.0	9.0	286.0	8.4	5	100.0
04/30/2006 19:35	53.0	7.2	63.0	8.4	55.0	7.9	66.0	9.8	57.0	8.7	294.0	8.4	5	100.0
04/30/2006 19:40	51.0	7.0	59.0	7.8	61.0	9.1	50.0	7.9	49.0	7.5	270.0	7.9	5	100.0
04/30/2006 19:45	51.0	6.9	56.0	7.6	53.0	8.0	57.0	8.9	50.0	7.8	267.0	7.8	5	100.0
04/30/2006 19:50	52.0	7.4	53.0	7.5	55.0	8.4	48.0	7.6	48.0	8.0	256.0	7.8	5	100.0
04/30/2006 19:55	47.0	6.1	57.0	7.8	60.0	8.6	54.0	8.2	55.0	8.6	273.0	7.9	5	100.0
04/30/2006 20:00	48.0	6.2	58.0	8.0	49.0	7.1	50.0	7.2	43.0	7.0	248.0	7.1	5	100.0
04/30/2006 20:05	45.0	5.9	54.0	7.6	55.0	8.4	50.0	7.1	46.0	7.4	250.0	7.3	5	100.0
04/30/2006 20:10	52.0	7.4	58.0	7.9	55.0	7.9	48.0	7.9	54.0	8.3	267.0	7.9	5	100.0
04/30/2006 20:15	52.0	6.8	59.0	8.0	53.0	7.5	54.0	8.2	49.0	8.1	267.0	7.7	5	100.0
04/30/2006 20:20	44.0	5.7	61.0	7.7	58.0	8.7	61.0	9.6	49.0	8.0	273.0	7.9	5	100.0
04/30/2006 20:25	48.0	6.2	56.0	7.5	51.0	8.3	59.0	8.9	51.0	7.6	265.0	7.7	5	100.0
04/30/2006 20:30	51.0	6.4	53.0	7.0	60.0	8.8	57.0	9.5	50.0	8.4	271.0	8.0	5	100.0
04/30/2006 20:35	43.0	5.3	53.0	7.3	58.0	8.4	53.0	7.7	53.0	8.6	260.0	7.5	5	100.0
04/30/2006 20:40	45.0	6.2	51.0	6.8	54.0	8.2	51.0	8.8	43.0	7.4	244.0	7.5	5	100.0
04/30/2006 20:45	44.0	5.6	54.0	7.3	58.0	8.2	46.0	7.3	54.0	8.6	256.0	7.4	5	100.0
04/30/2006 20:50	41.0	5.5	52.0	7.2	58.0	8.4	59.0	8.5	52.0	8.2	262.0	7.6	5	100.0
04/30/2006 20:55	37.0	4.5	46.0	5.9	41.0	5.2	35.0	5.1	34.0	5.1	193.0	5.2	5	100.0
04/30/2006 21:00	43.0	5.4	56.0	7.7	55.0	8.0	48.0	8.0	44.0	6.7	246.0	7.2	5	100.0
04/30/2006 21:05	48.0	6.1	46.0	6.5	55.0	8.0	52.0	8.5	47.0	7.4	248.0	7.3	5	100.0
04/30/2006 21:10	38.0	5.1	54.0	7.1	48.0	6.8	53.0	7.9	51.0	8.2	244.0	7.0	5	100.0
04/30/2006 21:15	39.0	5.1	47.0	6.2	45.0	6.5	45.0	7.4	47.0	7.6	223.0	6.6	5	100.0
04/30/2006 21:20	38.0	5.1	52.0	7.1	44.0	6.4	50.0	7.5	48.0	8.1	232.0	6.8	5	100.0
04/30/2006 21:25	37.0	4.9	49.0	6.7	48.0	6.9	44.0	6.6	41.0	6.4	219.0	6.3	5	100.0
04/30/2006 21:30	45.0	5.8	55.0	7.3	54.0	8.0	52.0	8.3	45.0	7.1	251.0	7.3	5	100.0
04/30/2006 21:35	39.0	5.1	45.0	5.8	40.0	6.1	46.0	7.2	36.0	6.0	206.0	6.0	5	100.0
04/30/2006 21:40	23.0	3.1	48.0	6.8	36.0	4.9	31.0	4.7	30.0	4.8	168.0	4.9	5	100.0
04/30/2006 21:45	28.0	3.6	42.0	5.7	41.0	5.6	34.0	6.0	34.0	5.3	179.0	5.2	5	100.0
04/30/2006 21:50	37.0	4.8	46.0	6.1	43.0	6.3	49.0	7.8	39.0	6.1	214.0	6.2	5	100.0
04/30/2006 21:55	39.0	4.9	50.0	6.8	49.0	7.3	45.0	6.7	38.0	5.9	221.0	6.3	5	100.0
04/30/2006 22:00	32.0	4.3	43.0	5.6	45.0	6.2	46.0	6.7	43.0	6.6	209.0	5.9	5	100.0
04/30/2006 22:05	30.0	3.6	42.0	5.6	46.0	6.6	47.0	7.2	45.0	7.2	210.0	6.0	5	100.0
04/30/2006 22:10	32.0	4.1	47.0	6.1	49.0	6.8	52.0	8.2	43.0	7.3	223.0	6.5	5	100.0
04/30/2006 22:15	36.0	4.6	40.0	5.5	43.0	5.8	47.0	7.7	41.0	6.1	207.0	5.9	5	100.0
04/30/2006 22:20	24.0	3.0	45.0	6.0	40.0	5.6	37.0	5.8	35.0	5.9	181.0	5.3	5	100.0
04/30/2006 22:25	35.0	4.2	49.0	6.2	39.0	5.5	39.0	6.1	39.0	6.7	201.0	5.7	5	100.0
04/30/2006 22:30	15.0	2.1	24.0	2.9	28.0	4.0	22.0	3.2	20.0	3.1	109.0	3.1	5	100.0
04/30/2006 22:35	39.0	4.9	50.0	6.5	38.0	5.2	39.0	6.2	28.0	5.0	194.0	5.6	5	100.0
04/30/2006 22:40	27.0	3.5	39.0	4.9	31.0	4.4	37.0	5.0	32.0	4.7	166.0	4.5	5	100.0
04/30/2006 22:45	33.0	4.1	36.0	4.8	38.0	5.3	41.0	6.5	31.0	5.0	179.0	5.1	5	100.0
04/30/2006 22:50	29.0	3.6	37.0	4.8	41.0	5.4	38.0	5.9	34.0	5.1	179.0	5.0	5	100.0
04/30/2006 22:55	29.0	3.5	35.0	4.6	42.0	6.0	42.0	7.1	26.0	4.4	174.0	5.1	5	100.0
04/30/2006 23:00	17.0	2.3	23.0	3.3	29.0	3.7	28.0	4.1	34.0	4.8	131.0	3.6	5	100.0
04/30/2006 23:05	17.0	1.7	29.0	3.8	31.0	4.0	35.0	5.5	26.0	4.5	138.0	3.9	5	100.0
04/30/2006 23:10	19.0	2.2	35.0	4.2	36.0	4.7	29.0	4.4	25.0	4.3	144.0	4.0	5	100.0
04/30/2006 23:15	16.0	2.0	32.0	3.9	33.0	4.4	31.0	4.7	28.0	3.7	140.0	3.7	5	100.0
04/30/2006 23:20	26.0	3.1	29.0	3.8	29.0	4.3	31.0	4.5	26.0	3.9	141.0	3.9	5	100.0
04/30/2006 23:25	18.0	2.1	28.0	3.5	34.0	4.5	31.0	4.9	29.0	3.7	140.0	3.7	5	100.0
04/30/2006 23:30	15.0	1.9	29.0	3.7	31.0	4.5	31.0	4.3	21.0	3.1	127.0	3.5	5	100.0
04/30/2006 23:35	18.0	2.2	34.0	4.1	25.0	3.7	24.0	3.7	27.0	4.2	128.0	3.6	5	100.0
04/30/2006 23:40	23.0	3.0	26.0	3.3	25.0	3.2	34.0	5.5	22.0	3.2	130.0	3.6	5	100.0
04/30/2006 23:45	19.0	2.4	21.0	2.7	24.0	3.1	32.0	5.6	23.0	3.1	119.0	3.4	5	100.0
04/30/2006 23:50	11.0	1.3	23.0	2.9	27.0	3.6	23.0	3.3	22.0	3.4	106.0	2.9	5	100.0
04/30/2006 23:55	12.0	1.2	23.0	2.8	21.0	2.6	23.0	3.8	23.0	3.2	102.0	2.7	5	100.0
