5 Minutes	Lane 1 Flow (Veh/5 Minutes)	Lane 1 Speed (mph)	Lane 2 Flow (Veh/5 Minutes)	Lane 2 Speed (mph)	Lane 3 Flow (Veh/5 Minutes)	Lane 3 Speed (mph)	Lane 4 Flow (Veh/5 Minutes)	Lane 4 Speed (mph)	Lane 5 Flow (Veh/5 Minutes)	Lane 5 Speed (mph)	Flow (Veh/5 Minutes)	Speed (mph)	# Lane Points	% Observed
03/29/2006 00:00	7.0	76.5	19.0	74.0	21.0	72.0	21.0	69.2	18.0	64.5	86.0	70.6	5	100.0
03/29/2006 00:05	12.0	75.8	24.0	72.5	24.0	72.8	23.0	72.9	19.0	64.4	102.0	71.5	5	100.0
03/29/2006 00:10	10.0	76.3	25.0	72.8	19.0	72.5	17.0	74.5	21.0	66.2	92.0	71.9	5	100.0
03/29/2006 00:15	4.0	76.4	17.0	73.0	17.0	73.1	13.0	76.0	10.0	66.0	61.0	72.7	5	100.0
03/29/2006 00:20	5.0	76.5	18.0	74.6	13.0	73.4	10.0	75.3	8.0	65.5	54.0	73.3	5	100.0
03/29/2006 00:25	10.0	76.3	20.0	74.6	20.0	68.0	17.0	74.9	14.0	62.6	81.0	71.2	5	100.0
03/29/2006 00:30	7.0	76.5	17.0	74.1	13.0	68.8	21.0	79.2	14.0	62.6	72.0	72.6	5	100.0
03/29/2006 00:35	5.0	76.4	17.0	74.9	20.0	69.8	15.0	68.5	9.0	61.1	66.0	70.1	5	100.0
03/29/2006 00:40	8.0	76.5	16.0	75.2	16.0	70.9	13.0	71.8	14.0	63.1	67.0	71.1	5	100.0
03/29/2006 00:45	8.0	76.6	17.0	75.0	16.0	70.8	15.0	70.5	11.0	63.0	67.0	71.2	5	100.0
03/29/2006 00:50	11.0	75.9	18.0	74.5	11.0	71.0	15.0	70.4	10.0	63.7	65.0	71.5	5	100.0
03/29/2006 00:55	8.0	76.3	15.0	75.3	13.0	71.0	10.0	71.0	11.0	62.1	57.0	71.2	5	100.0
03/29/2006 01:00	6.0	76.4	14.0	74.6	12.0	70.8	13.0	70.6	4.0	63.4	49.0	71.9	5	100.0
03/29/2006 01:05	5.0	76.5	9.0	74.0	15.0	72.4	11.0	71.3	7.0	62.6	47.0	71.4	5	100.0
03/29/2006 01:10	2.0	76.5	11.0	74.5	12.0	66.8	14.0	71.0	7.0	64.6	46.0	70.0	5	100.0
03/29/2006 01:15	5.0	76.5	14.0	73.7	13.0	69.9	15.0	75.8	2.0	64.7	49.0	73.3	5	100.0
03/29/2006 01:20	5.0	76.5	11.0	73.7	9.0	71.7	8.0	73.9	4.0	65.6	37.0	72.8	5	100.0
03/29/2006 01:25	2.0	76.5	11.0	74.3	11.0	72.0	10.0	70.3	12.0	67.8	46.0	71.3	5	100.0
03/29/2006 01:30	0.0	76.5	9.0	73.9	6.0	71.8	8.0	68.2	8.0	67.9	31.0	70.5	5	100.0
03/29/2006 01:35	1.0	76.5	6.0	73.9	13.0	69.4	8.0	69.1	7.0	67.2	35.0	69.9	5	100.0
03/29/2006 01:40	3.0	76.7	11.0	73.4	8.0	70.7	17.0	75.4	6.0	66.8	45.0	73.0	5	100.0
03/29/2006 01:45	3.0	76.6	5.0	73.6	5.0	71.9	8.0	71.4	10.0	67.0	31.0	70.9	5	100.0
03/29/2006 01:50	4.0	76.6	5.0	73.7	13.0	71.4	10.0	62.4	10.0	66.5	42.0	68.9	5	100.0
03/29/2006 01:55	2.0	76.6	14.0	73.3	13.0	72.7	14.0	69.1	10.0	66.6	53.0	70.9	5	100.0
03/29/2006 02:00	1.0	76.6	11.0	73.7	11.0	73.1	9.0	58.4	9.0	67.6	41.0	68.9	5	100.0
03/29/2006 02:05	4.0	76.6	9.0	73.9	9.0	72.1	9.0	63.7	10.0	67.3	41.0	69.9	5	100.0
03/29/2006 02:10	7.0	76.6	10.0	73.3	16.0	72.4	9.0	67.3	6.0	67.4	48.0	71.6	5	100.0
03/29/2006 02:15	0.0	76.6	5.0	73.8	9.0	68.9	10.0	68.2	9.0	67.6	33.0	69.1	5	100.0
03/29/2006 02:20	1.0	76.6	11.0	74.0	8.0	70.5	12.0	68.5	6.0	66.6	38.0	70.4	5	100.0
03/29/2006 02:25	0.0	76.6	6.0	73.6	4.0	70.6	9.0	66.9	0.0	66.6	19.0	69.8	5	100.0
03/29/2006 02:30	3.0	76.6	12.0	74.3	6.0	71.2	9.0	70.3	7.0	64.9	37.0	71.2	5	100.0
03/29/2006 02:35	0.0	76.6	7.0	74.1	5.0	70.7	6.0	67.6	3.0	65.5	21.0	70.2	5	100.0
03/29/2006 02:40	0.0	76.6	3.0	73.6	4.0	71.5	6.0	69.1	5.0	65.5	18.0	69.4	5	100.0
03/29/2006 02:45	1.0	76.6	4.0	73.6	5.0	70.9	10.0	68.0	11.0	66.4	31.0	68.9	5	100.0
03/29/2006 02:50	8.0	76.6	8.0	74.0	2.0	71.2	9.0	70.6	8.0	66.9	35.0	71.9	5	100.0
03/29/2006 02:55	0.0	76.6	4.0	73.3	4.0	72.0	10.0	63.6	4.0	63.7	22.0	66.9	5	100.0
03/29/2006 03:00	0.0	76.6	8.0	73.6	8.0	73.0	5.0	67.3	5.0	63.0	26.0	70.2	5	100.0
03/29/2006 03:05	0.0	76.6	4.0	74.0	11.0	71.6	8.0	67.8	6.0	63.8	29.0	69.3	5	100.0
03/29/2006 03:10	1.0	76.6	6.0	73.6	5.0	71.5	10.0	70.0	8.0	65.5	30.0	70.0	5	100.0
03/29/2006 03:15	0.0	76.6	6.0	74.1	10.0	65.9	7.0	72.0	10.0	65.9	33.0	68.7	5	100.0
03/29/2006 03:20	0.0	76.6	4.0	74.2	3.0	68.8	9.0	74.6	7.0	64.6	23.0	70.7	5	100.0
03/29/2006 03:25	0.0	76.6	4.0	73.5	9.0	71.0	8.0	70.4	10.0	62.9	31.0	68.6	5	100.0
03/29/2006 03:30	0.0	76.6	7.0	73.7	10.0	68.9	10.0	69.8	6.0	64.2	33.0	69.3	5	100.0
03/29/2006 03:35	0.0	76.6	1.0	73.9	4.0	71.0	9.0	72.7	8.0	59.4	22.0	67.6	5	100.0
03/29/2006 03:40	0.0	76.6	9.0	73.6	8.0	71.9	9.0	75.0	9.0	60.6	35.0	70.2	5	100.0
03/29/2006 03:45	0.0	76.6	2.0	73.9	8.0	73.1	11.0	60.9	3.0	62.3	24.0	66.2	5	100.0
03/29/2006 03:50	0.0	76.6	5.0	74.1	11.0	72.1	9.0	63.8	3.0	62.5	28.0	68.8	5	100.0
03/29/2006 03:55	0.0	76.6	3.0	73.8	7.0	72.0	12.0	70.6	10.0	64.4	32.0	69.3	5	100.0
03/29/2006 04:00	0.0	76.6	5.0	73.8	7.0	72.0	12.0	67.4	9.0	64.9	33.0	68.7	5	100.0
03/29/2006 04:05	4.0	76.5	9.0	74.2	13.0	66.1	13.0	63.4	7.0	62.3	46.0	67.2	5	100.0
03/29/2006 04:10	0.0	76.5	7.0	73.0	6.0	65.2	9.0	67.8	10.0	65.1	32.0	67.6	5	100.0
03/29/2006 04:15	1.0	76.5	4.0	73.6	10.0	70.1	11.0	59.6	10.0	61.4	36.0	65.0	5	100.0
03/29/2006 04:20	0.0	76.5	7.0	74.0	8.0	70.5	10.0	61.5	7.0	60.6	32.0	66.3	5	100.0
03/29/2006 04:25	0.0	76.5	7.0	74.2	8.0	71.0	13.0	58.3	10.0	65.3	38.0	65.7	5	100.0
03/29/2006 04:30	0.0	76.5	8.0	73.7	12.0	68.6	16.0	62.5	13.0	63.6	49.0	66.1	5	100.0
03/29/2006 04:35	0.0	76.5	9.0	74.1	10.0	67.1	13.0	58.8	4.0	64.3	36.0	65.5	5	100.0
03/29/2006 04:40	1.0	76.3	14.0	69.7	14.0	56.9	13.0	50.4	18.0	60.0	60.0	59.7	5	100.0
03/29/2006 04:45	6.0	76.5	12.0	69.5	10.0	60.4	15.0	61.3	11.0	64.2	54.0	65.2	5	100.0
03/29/2006 04:50	8.0	76.5	7.0	71.7	12.0	60.0	12.0	67.0	5.0	64.6	44.0	67.3	5	100.0
03/29/2006 04:55	8.0	76.5	11.0	72.5	12.0	62.5	16.0	69.2	12.0	63.3	59.0	68.2	5	100.0
03/29/2006 05:00	2.0	76.5	11.0	73.1	14.0	69.1	16.0	62.5	9.0	54.9	52.0	65.7	5	100.0
03/29/2006 05:05	0.0	76.5	14.0	73.7	14.0	64.3	15.0	57.5	11.0	52.8	54.0	62.5	5	100.0
03/29/2006 05:10	0.0	76.5	11.0	74.1	17.0	71.4	13.0	65.2	15.0	55.4	56.0	66.2	5	100.0
03/29/2006 05:15	0.0	76.5	13.0	74.3	18.0	73.9	17.0	64.2	15.0	61.2	63.0	68.3	5	100.0
03/29/2006 05:20	0.0	76.5	11.0	74.0	15.0	73.0	18.0	67.1	18.0	61.1	62.0	68.0	5	100.0
03/29/2006 05:25	5.0	76.5	24.0	69.4	27.0	67.1	17.0	69.2	15.0	56.6	88.0	66.9	5	100.0
03/29/2006 05:30	2.0	76.5	24.0	71.5	22.0	60.3	24.0	71.0	19.0	61.8	91.0	66.7	5	100.0
03/29/2006 05:35	3.0	76.5	27.0	72.3	27.0	59.7	24.0	72.7	23.0	58.2	104.0	66.1	5	100.0
03/29/2006 05:40	4.0	76.5	29.0	73.1	27.0	63.1	26.0	71.0	24.0	61.7	110.0	67.8	5	100.0
03/29/2006 05:45	4.0	76.5	18.0	73.1	26.0	63.6	24.0	71.9	30.0	63.4	102.0	67.7	5	100.0
03/29/2006 05:50	4.0	76.5	25.0	71.8	30.0	63.4	18.0	65.8	28.0	65.5	105.0	66.9	5	100.0
03/29/2006 05:55	6.0	76.5	31.0	70.8	32.0	63.1	25.0	65.1	33.0	71.1	127.0	68.1	5	100.0
03/29/2006 06:00	7.0	77.1	36.0	69.2	28.0	59.7	30.0	62.5	31.0	60.7	132.0	64.1	5	100.0
03/29/2006 06:05	5.0	77.2	35.0	68.2	29.0	58.5	36.0	56.3	21.0	61.7	126.0	61.8	5	100.0
03/29/2006 06:10	0.0	77.2	47.0	67.8	38.0	58.0	37.0	57.1	31.0	57.2	153.0	60.6	5	100.0
03/29/2006 06:15	7.0	77.4	51.0	67.4	42.0	58.4	35.0	54.5	31.0	54.6	166.0	60.4	5	100.0
03/29/2006 06:20	7.0	77.3	49.0	67.3	43.0	66.3	45.0	53.0	36.0	53.0	180.0	61.0	5	100.0
03/29/2006 06:25	7.0	77.4	52.0	67.8	39.0	64.4	40.0	54.0	41.0	55.0	179.0	61.4	5	100.0
03/29/2006 06:30	4.0	76.7	58.0	69.4	41.0	67.1	43.0	59.3	33.0	62.1	179.0	65.3	5	100.0
03/29/2006 06:35	6.0	76.2	54.0	65.7	44.0	69.8	45.0	61.0	43.0	61.0	192.0	64.8	5	100.0
03/29/2006 06:40	18.0	76.8	69.0	64.2	49.0	64.0	50.0	62.6	40.0	58.7	226.0	63.8	5	100.0
03/29/2006 06:45	12.0	76.7	65.0	65.3	46.0	65.0	52.0	64.3	43.0	58.9	218.0	64.4	5	100.0
03/29/2006 06:50	10.0	76.8	66.0	63.6	51.0	59.6	53.0	60.3	43.0	57.5	223.0	61.3	5	100.0
03/29/2006 06:55	9.0	75.1	56.0	64.4	46.0	61.2	45.0	59.4	47.0	61.0	203.0	62.3	5	100.0
03/29/2006 07:00	9.0	74.6	58.0	63.9	45.0	59.2	47.0	57.7	46.0	60.2	205.0	61.1	5	100.0
03/29/2006 07:05	12.0	76.4	64.0	62.3	45.0	54.2	52.0	57.2	52.0	57.4	225.0	59.1	5	100.0
03/29/2006 07:10	13.0	76.2	70.0	59.6	57.0	56.3	52.0	51.2	56.0	53.7	248.0	56.6	5	100.0
03/29/2006 07:15	16.0	75.1	74.0	57.0	53.0	56.9	60.0	52.9	58.0	51.5	261.0	55.9	5	100.0
03/29/2006 07:20	18.0	73.6	82.0	57.2	60.0	56.3	69.0	57.1	64.0	53.4	293.0	57.2	5	100.0
03/29/2006 07:25	15.0	74.6	76.0	57.0	53.0	53.8	57.0	57.0	55.0	53.7	256.0	56.7	5	100.0
03/29/2006 07:30	11.0	73.9	78.0	56.3	61.0	55.5	54.0	53.7	63.0	53.0	267.0	55.5	5	100.0
03/29/2006 07:35	11.0	73.6	70.0	56.4	57.0	54.7	54.0	53.5	63.0	54.6	255.0	55.7	5	100.0
03/29/2006 07:40	16.0	72.4	85.0	53.2	60.0	49.2	63.0	51.5	66.0	51.3	290.0	52.6	5	100.0
03/29/2006 07:45	21.0	71.2	81.0	53.4	68.0	50.7	59.0	50.3	67.0	50.9	296.0	52.9	5	100.0
03/29/2006 07:50	15.0	72.7	92.0	53.8	67.0	50.9	61.0	48.4	78.0	49.7	313.0	52.0	5	100.0
03/29/2006 07:55	18.0	75.5	87.0	55.2	60.0	53.8	54.0	51.1	64.0	54.1	283.0	55.2	5	100.0
03/29/2006 08:00	12.0	75.1	83.0	55.0	65.0	55.2	69.0	57.2	66.0	55.1	295.0	56.4	5	100.0
03/29/2006 08:05	15.0	76.5	79.0	56.3	56.0	53.2	65.0	58.4	75.0	53.3	290.0	56.4	5	100.0
03/29/2006 08:10	18.0	65.9	81.0	51.1	63.0	49.1	66.0	54.8	68.0	49.4	296.0	52.0	5	100.0
03/29/2006 08:15	19.0	67.4	82.0	51.7	57.0	48.6	61.0	53.1	73.0	49.4	292.0	51.8	5	100.0
03/29/2006 08:20	18.0	66.9	82.0	50.1	61.0	47.4	61.0	53.1	77.0	48.8	299.0	50.8	5	100.0
03/29/2006 08:25	13.0	69.5	79.0	54.8	58.0	51.6	64.0	54.8	74.0	51.7	288.0	54.0	5	100.0
03/29/2006 08:30	15.0	73.1	82.0	54.9	67.0	53.8	67.0	56.3	75.0	51.3	306.0	55.0	5	100.0
03/29/2006 08:35	11.0	70.9	82.0	54.3	64.0	54.3	67.0	56.0	67.0	47.0	291.0	53.6	5	100.0
03/29/2006 08:40	10.0	72.0	43.0	53.1	36.0	47.7	42.0	55.6	44.0	49.4	175.0	52.7	5	100.0
03/29/2006 08:45	26.0	64.3	64.0	52.1	48.0	46.7	50.0	50.9	62.0	46.4	250.0	50.7	5	100.0
03/29/2006 08:50	19.0	64.5	68.0	51.6	53.0	44.1	59.0	48.5	65.0	46.4	264.0	49.0	5	100.0
03/29/2006 08:55	17.0	65.3	74.0	49.6	51.0	39.2	64.0	48.3	76.0	44.9	282.0	47.1	5	100.0
03/29/2006 09:00	18.0	64.7	74.0	49.3	50.0	39.8	59.0	47.0	76.0	46.1	277.0	47.2	5	100.0
03/29/2006 09:05	19.0	63.7	53.0	47.6	58.0	40.8	42.0	44.3	61.0	45.7	233.0	46.1	5	100.0
03/29/2006 09:10	15.0	64.4	68.0	47.5	62.0	41.9	55.0	44.7	63.0	46.2	263.0	46.2	5	100.0
03/29/2006 09:15	19.0	59.2	78.0	47.2	55.0	39.6	65.0	44.6	77.0	45.3	294.0	45.5	5	100.0
03/29/2006 09:20	20.0	60.3	80.0	48.9	62.0	43.6	65.0	46.7	78.0	47.7	305.0	47.8	5	100.0
03/29/2006 09:25	19.0	62.4	84.0	49.7	59.0	42.8	70.0	45.8	72.0	45.5	304.0	47.3	5	100.0
03/29/2006 09:30	22.0	68.9	53.0	48.7	50.0	40.2	51.0	45.6	50.0	44.7	226.0	47.2	5	100.0
03/29/2006 09:35	20.0	74.0	76.0	53.9	58.0	47.0	58.0	49.4	67.0	46.4	279.0	51.2	5	100.0
03/29/2006 09:40	19.0	75.9	82.0	57.6	64.0	52.1	72.0	52.6	69.0	51.2	306.0	55.0	5	100.0
03/29/2006 09:45	21.0	75.4	80.0	60.5	62.0	52.6	60.0	52.0	77.0	51.5	300.0	55.9	5	100.0
03/29/2006 09:50	20.0	77.9	78.0	61.7	61.0	57.5	61.0	53.8	62.0	53.7	282.0	58.5	5	100.0
03/29/2006 09:55	21.0	79.5	73.0	63.7	62.0	55.5	56.0	50.2	52.0	53.6	264.0	58.2	5	100.0
03/29/2006 10:00	31.0	76.9	45.0	64.7	38.0	56.1	54.0	45.9	52.0	57.1	220.0	58.5	5	100.0
03/29/2006 10:05	41.0	75.9	61.0	64.9	49.0	56.6	59.0	51.1	54.0	53.9	264.0	59.7	5	100.0
03/29/2006 10:10	45.0	77.0	62.0	64.8	50.0	56.2	57.0	51.5	66.0	52.2	280.0	59.5	5	100.0
03/29/2006 10:15	42.0	77.3	61.0	64.3	43.0	47.7	59.0	54.4	64.0	51.8	269.0	58.5	5	100.0
03/29/2006 10:20	38.0	78.6	54.0	66.5	52.0	53.2	52.0	55.1	57.0	55.8	253.0	60.8	5	100.0
03/29/2006 10:25	42.0	79.9	59.0	67.6	58.0	57.1	62.0	59.9	67.0	56.6	288.0	63.1	5	100.0
03/29/2006 10:30	40.0	80.1	65.0	66.2	54.0	55.9	58.0	55.6	69.0	54.0	286.0	61.1	5	100.0
03/29/2006 10:35	36.0	80.2	60.0	67.5	57.0	57.7	54.0	54.0	68.0	53.0	275.0	60.9	5	100.0
03/29/2006 10:40	42.0	80.7	63.0	67.4	55.0	62.6	57.0	56.7	67.0	58.3	284.0	64.1	5	100.0
03/29/2006 10:45	47.0	81.1	69.0	66.7	59.0	64.9	60.0	56.8	62.0	57.1	297.0	64.6	5	100.0
03/29/2006 10:50	29.0	80.7	60.0	68.7	56.0	64.0	52.0	59.7	60.0	56.3	257.0	64.3	5	100.0
03/29/2006 10:55	15.0	79.9	42.0	72.2	44.0	67.8	41.0	61.0	54.0	60.3	196.0	66.2	5	100.0
03/29/2006 11:00	32.0	71.6	56.0	70.4	52.0	62.4	55.0	57.9	65.0	57.3	260.0	63.0	5	100.0
03/29/2006 11:05	35.0	68.4	56.0	70.4	59.0	62.5	57.0	56.9	66.0	58.9	273.0	62.8	5	100.0
03/29/2006 11:10	31.0	65.8	60.0	68.8	44.0	56.1	53.0	59.1	65.0	59.0	253.0	61.7	5	100.0
03/29/2006 11:15	39.0	63.1	55.0	67.6	58.0	58.6	50.0	54.3	65.0	59.8	267.0	60.6	5	100.0
03/29/2006 11:20	16.0	68.6	29.0	73.4	22.0	58.7	22.0	48.8	21.0	65.8	110.0	63.4	5	100.0
03/29/2006 11:25	10.0	72.5	20.0	76.5	10.0	62.8	10.0	40.5	10.0	66.9	60.0	66.0	5	100.0
03/29/2006 11:30	10.0	74.5	20.0	78.0	10.0	64.8	10.0	36.4	10.0	67.5	60.0	66.5	5	100.0
03/29/2006 11:35	10.0	75.5	20.0	78.8	10.0	65.8	10.0	34.3	10.0	67.8	60.0	66.8	5	100.0
03/29/2006 11:40	10.0	76.0	20.0	79.2	10.0	66.3	10.0	33.3	10.0	67.9	60.0	67.0	5	100.0
03/29/2006 11:45	10.0	76.2	20.0	79.4	10.0	66.6	10.0	32.8	10.0	68.0	60.0	67.1	5	100.0
03/29/2006 11:50	10.0	76.3	20.0	79.5	10.0	66.7	10.0	32.5	10.0	68.0	60.0	67.1	5	100.0
03/29/2006 11:55	42.0	67.0	48.0	72.2	48.0	61.6	49.0	43.5	64.0	60.0	251.0	60.6	5	100.0
03/29/2006 12:00	44.0	62.7	68.0	67.3	53.0	56.9	60.0	50.7	70.0	55.5	295.0	58.6	5	100.0
03/29/2006 12:05	51.0	58.4	62.0	65.3	60.0	56.8	62.0	54.3	63.0	55.4	298.0	58.0	5	100.0
03/29/2006 12:10	61.0	56.9	69.0	63.4	60.0	52.6	58.0	53.6	76.0	55.6	324.0	56.6	5	100.0
03/29/2006 12:15	43.0	57.0	66.0	63.9	60.0	55.4	66.0	57.1	66.0	58.0	301.0	58.4	5	100.0
03/29/2006 12:20	53.0	56.3	66.0	64.5	58.0	54.9	58.0	59.0	67.0	57.5	302.0	58.6	5	100.0
03/29/2006 12:25	53.0	56.3	61.0	64.1	54.0	53.0	62.0	56.3	63.0	54.3	293.0	56.9	5	100.0
03/29/2006 12:30	53.0	56.7	59.0	63.6	52.0	56.4	62.0	58.8	70.0	56.7	296.0	58.5	5	100.0
03/29/2006 12:35	53.0	56.1	71.0	63.2	64.0	58.4	58.0	55.4	73.0	55.5	319.0	57.9	5	100.0
03/29/2006 12:40	51.0	56.8	56.0	63.4	59.0	59.4	63.0	60.8	68.0	57.4	297.0	59.5	5	100.0
03/29/2006 12:45	47.0	56.6	59.0	64.0	58.0	60.5	54.0	59.6	72.0	58.6	290.0	59.9	5	100.0
03/29/2006 12:50	47.0	58.4	60.0	64.8	57.0	61.1	58.0	61.1	65.0	58.3	287.0	60.8	5	100.0
03/29/2006 12:55	51.0	56.3	67.0	64.5	49.0	56.1	68.0	61.3	64.0	56.4	299.0	59.3	5	100.0
03/29/2006 13:00	50.0	56.3	55.0	63.4	59.0	56.4	55.0	57.8	65.0	57.5	284.0	58.3	5	100.0
03/29/2006 13:05	60.0	55.4	66.0	59.0	58.0	53.0	55.0	56.3	57.0	58.4	296.0	56.5	5	100.0
03/29/2006 13:10	55.0	54.3	58.0	59.1	60.0	53.0	58.0	56.6	71.0	58.7	302.0	56.4	5	100.0
03/29/2006 13:15	61.0	54.9	75.0	60.6	64.0	51.8	58.0	58.8	67.0	57.6	325.0	56.9	5	100.0
03/29/2006 13:20	60.0	55.7	66.0	62.5	53.0	54.1	75.0	61.5	58.0	59.0	312.0	58.9	5	100.0
03/29/2006 13:25	64.0	56.6	68.0	64.8	67.0	55.5	67.0	62.2	68.0	57.5	334.0	59.4	5	100.0
03/29/2006 13:30	60.0	56.9	71.0	65.7	59.0	58.5	68.0	64.1	57.0	56.3	315.0	60.6	5	100.0
03/29/2006 13:35	57.0	57.5	63.0	65.4	59.0	60.3	62.0	62.7	72.0	58.5	313.0	60.9	5	100.0
03/29/2006 13:40	60.0	56.3	66.0	64.3	62.0	58.5	67.0	63.9	67.0	56.9	322.0	60.1	5	100.0
03/29/2006 13:45	62.0	55.3	73.0	64.4	59.0	55.8	60.0	61.6	70.0	58.0	324.0	59.2	5	100.0
03/29/2006 13:50	65.0	55.2	66.0	65.1	58.0	56.0	64.0	62.7	72.0	60.4	325.0	60.0	5	100.0
03/29/2006 13:55	63.0	54.0	71.0	63.9	60.0	57.3	60.0	58.7	72.0	57.0	326.0	58.3	5	100.0
03/29/2006 14:00	69.0	52.5	76.0	62.0	63.0	56.5	67.0	57.6	71.0	55.7	346.0	57.0	5	100.0
03/29/2006 14:05	73.0	53.0	75.0	62.0	60.0	56.3	68.0	56.7	68.0	54.8	344.0	56.6	5	100.0
03/29/2006 14:10	80.0	51.0	76.0	59.4	68.0	52.4	71.0	55.5	69.0	52.4	364.0	54.2	5	100.0
03/29/2006 14:15	84.0	49.7	82.0	58.0	63.0	51.8	66.0	54.3	71.0	55.2	366.0	53.8	5	100.0
03/29/2006 14:20	79.0	48.5	75.0	56.3	68.0	52.5	67.0	53.7	64.0	55.2	353.0	53.1	5	100.0
03/29/2006 14:25	75.0	49.3	75.0	58.4	62.0	50.5	66.0	52.3	63.0	57.7	341.0	53.7	5	100.0
03/29/2006 14:30	66.0	43.4	69.0	52.5	56.0	46.6	57.0	51.1	55.0	52.0	303.0	49.1	5	100.0
03/29/2006 14:35	75.0	39.5	71.0	47.7	50.0	41.4	62.0	48.0	66.0	46.4	324.0	44.6	5	100.0
03/29/2006 14:40	76.0	35.5	67.0	42.1	57.0	36.4	62.0	46.4	63.0	43.7	325.0	40.7	5	100.0
03/29/2006 14:45	68.0	28.2	65.0	36.1	61.0	33.5	63.0	40.1	60.0	38.5	317.0	35.2	5	100.0
03/29/2006 14:50	61.0	23.5	62.0	30.0	49.0	28.2	53.0	31.7	58.0	32.6	283.0	29.1	5	100.0
03/29/2006 14:55	57.0	20.2	59.0	24.8	49.0	25.1	60.0	30.6	60.0	30.8	285.0	26.4	5	100.0
03/29/2006 15:00	58.0	22.8	63.0	23.1	52.0	23.6	61.0	28.0	60.0	28.1	294.0	25.2	5	100.0
03/29/2006 15:05	61.0	24.7	53.0	19.7	50.0	20.5	57.0	24.3	61.0	25.8	282.0	23.2	5	100.0
03/29/2006 15:10	27.0	20.4	36.0	15.1	33.0	18.1	39.0	22.0	43.0	20.9	178.0	19.4	5	100.0
03/29/2006 15:15	50.0	27.3	63.0	19.9	50.0	18.9	60.0	23.0	60.0	22.3	283.0	22.2	5	100.0
03/29/2006 15:20	42.0	29.7	58.0	18.7	45.0	17.9	55.0	22.7	58.0	21.1	258.0	21.7	5	100.0
03/29/2006 15:25	45.0	31.8	64.0	22.0	52.0	21.8	63.0	28.9	56.0	25.4	280.0	25.8	5	100.0
03/29/2006 15:30	42.0	35.5	61.0	23.6	57.0	26.3	57.0	31.4	59.0	30.0	276.0	28.9	5	100.0
03/29/2006 15:35	49.0	35.9	67.0	26.5	50.0	27.0	65.0	33.9	57.0	33.0	288.0	31.1	5	100.0
03/29/2006 15:40	54.0	37.5	73.0	32.2	58.0	33.3	67.0	39.6	61.0	37.0	313.0	35.8	5	100.0
03/29/2006 15:45	44.0	36.4	64.0	26.7	58.0	30.5	66.0	36.8	61.0	36.0	293.0	33.1	5	100.0
03/29/2006 15:50	58.0	28.8	63.0	23.6	50.0	25.8	58.0	29.8	58.0	31.1	287.0	27.8	5	100.0
03/29/2006 15:55	65.0	27.9	67.0	22.5	57.0	24.7	58.0	28.4	62.0	27.8	309.0	26.2	5	100.0
03/29/2006 16:00	56.0	31.3	61.0	21.5	57.0	24.4	67.0	30.4	57.0	30.0	298.0	27.5	5	100.0
03/29/2006 16:05	52.0	34.3	61.0	25.6	52.0	27.6	54.0	33.6	55.0	33.3	274.0	30.8	5	100.0
03/29/2006 16:10	59.0	33.9	69.0	25.1	59.0	26.7	68.0	32.5	65.0	30.8	320.0	29.7	5	100.0
03/29/2006 16:15	66.0	33.9	68.0	25.3	64.0	26.4	68.0	33.1	64.0	31.7	330.0	30.1	5	100.0
03/29/2006 16:20	68.0	35.7	49.0	33.7	70.0	33.6	43.0	38.0	41.0	35.8	271.0	35.2	5	100.0
03/29/2006 16:25	62.0	32.1	67.0	31.6	61.0	32.8	65.0	39.8	62.0	36.9	317.0	34.6	5	100.0
03/29/2006 16:30	67.0	26.8	69.0	28.1	59.0	29.7	69.0	37.7	66.0	35.5	330.0	31.6	5	100.0
03/29/2006 16:35	73.0	29.2	69.0	32.7	65.0	32.8	68.0	40.9	58.0	37.8	333.0	34.5	5	100.0
03/29/2006 16:40	54.0	30.9	50.0	30.9	50.0	32.0	46.0	37.1	54.0	37.0	254.0	33.5	5	100.0
03/29/2006 16:45	64.0	29.6	71.0	25.9	63.0	28.8	66.0	36.6	63.0	35.5	327.0	31.2	5	100.0
03/29/2006 16:50	70.0	31.2	71.0	29.3	63.0	31.2	69.0	38.0	63.0	37.1	336.0	33.3	5	100.0
03/29/2006 16:55	60.0	31.8	75.0	28.5	60.0	28.8	70.0	36.4	69.0	35.8	334.0	32.3	5	100.0
03/29/2006 17:00	62.0	32.6	73.0	29.3	57.0	26.8	70.0	35.4	61.0	33.4	323.0	31.6	5	100.0
03/29/2006 17:05	68.0	33.5	76.0	30.1	63.0	28.8	70.0	36.4	68.0	33.0	345.0	32.4	5	100.0
03/29/2006 17:10	66.0	30.2	67.0	27.5	62.0	28.2	67.0	37.5	67.0	37.1	329.0	32.2	5	100.0
03/29/2006 17:15	65.0	32.6	74.0	29.1	63.0	31.6	71.0	39.5	69.0	39.2	342.0	34.4	5	100.0
03/29/2006 17:20	64.0	32.7	62.0	26.0	53.0	27.1	65.0	36.2	66.0	33.7	310.0	31.3	5	100.0
03/29/2006 17:25	65.0	33.1	69.0	27.3	61.0	29.7	63.0	36.6	70.0	34.2	328.0	32.2	5	100.0
03/29/2006 17:30	66.0	33.1	78.0	31.9	69.0	33.4	69.0	38.8	63.0	37.4	345.0	34.8	5	100.0
03/29/2006 17:35	63.0	32.8	70.0	30.0	62.0	31.6	70.0	38.6	69.0	37.8	334.0	34.2	5	100.0
03/29/2006 17:40	68.0	34.3	75.0	35.1	71.0	36.7	71.0	42.2	69.0	40.4	354.0	37.7	5	100.0
03/29/2006 17:45	58.0	31.5	64.0	30.3	64.0	32.0	71.0	40.3	74.0	39.0	331.0	34.9	5	100.0
03/29/2006 17:50	40.0	28.9	55.0	28.3	38.0	30.9	62.0	37.0	57.0	32.6	252.0	31.9	5	100.0
03/29/2006 17:55	65.0	31.0	75.0	30.4	62.0	31.7	71.0	38.1	66.0	34.2	339.0	33.1	5	100.0
03/29/2006 18:00	60.0	32.0	82.0	31.9	59.0	31.7	70.0	41.2	65.0	36.2	336.0	34.7	5	100.0
03/29/2006 18:05	65.0	33.0	81.0	33.6	69.0	34.0	69.0	41.8	69.0	37.7	353.0	36.0	5	100.0
03/29/2006 18:10	65.0	34.1	77.0	35.6	62.0	35.3	73.0	40.8	70.0	39.1	347.0	37.1	5	100.0
03/29/2006 18:15	55.0	36.4	76.0	37.5	67.0	37.9	69.0	42.4	67.0	42.1	334.0	39.3	5	100.0
03/29/2006 18:20	53.0	36.0	74.0	32.3	64.0	34.8	67.0	38.7	71.0	38.1	329.0	35.9	5	100.0
03/29/2006 18:25	56.0	35.0	66.0	29.0	63.0	34.0	68.0	38.7	66.0	36.2	319.0	34.6	5	100.0
03/29/2006 18:30	52.0	34.7	64.0	30.1	55.0	36.4	66.0	40.8	61.0	38.3	298.0	36.1	5	100.0
03/29/2006 18:35	49.0	38.6	70.0	38.0	64.0	41.3	62.0	47.8	66.0	42.3	311.0	41.6	5	100.0
03/29/2006 18:40	50.0	41.0	72.0	40.9	69.0	44.3	65.0	48.2	58.0	41.9	314.0	43.4	5	100.0
03/29/2006 18:45	54.0	41.1	83.0	40.7	70.0	44.3	67.0	47.0	71.0	42.1	345.0	43.0	5	100.0
03/29/2006 18:50	42.0	40.4	79.0	42.7	68.0	46.2	63.0	48.3	65.0	43.8	317.0	44.5	5	100.0
03/29/2006 18:55	47.0	42.1	78.0	43.5	68.0	46.0	63.0	47.7	71.0	44.4	327.0	44.8	5	100.0
03/29/2006 19:00	52.0	47.2	61.0	52.2	63.0	57.1	69.0	58.9	62.0	53.5	307.0	54.1	5	100.0
03/29/2006 19:05	51.0	50.0	52.0	56.3	59.0	62.5	68.0	61.7	61.0	55.4	291.0	57.5	5	100.0
03/29/2006 19:10	58.0	50.9	60.0	59.4	57.0	65.2	70.0	62.6	59.0	55.3	304.0	58.8	5	100.0
03/29/2006 19:15	63.0	49.5	60.0	57.0	61.0	61.4	60.0	62.3	60.0	52.6	304.0	56.5	5	100.0
03/29/2006 19:20	64.0	47.7	63.0	54.8	67.0	56.6	67.0	59.6	58.0	51.2	319.0	54.1	5	100.0
03/29/2006 19:25	62.0	48.5	60.0	56.1	58.0	57.4	65.0	57.4	66.0	52.4	311.0	54.3	5	100.0
03/29/2006 19:30	55.0	51.2	61.0	59.9	56.0	60.3	62.0	61.6	66.0	55.2	300.0	57.7	5	100.0
03/29/2006 19:35	64.0	51.8	70.0	62.8	66.0	62.4	62.0	62.3	59.0	58.6	321.0	59.7	5	100.0
03/29/2006 19:40	60.0	53.5	59.0	61.8	61.0	61.8	55.0	62.3	76.0	53.4	311.0	58.2	5	100.0
03/29/2006 19:45	51.0	54.6	60.0	63.7	58.0	69.1	63.0	66.9	64.0	59.0	296.0	62.9	5	100.0
03/29/2006 19:50	55.0	53.9	61.0	65.2	56.0	69.7	51.0	66.6	51.0	62.0	274.0	63.5	5	100.0
03/29/2006 19:55	45.0	55.8	60.0	66.6	56.0	70.0	53.0	68.5	45.0	62.3	259.0	65.1	5	100.0
03/29/2006 20:00	55.0	55.9	52.0	66.5	53.0	71.6	51.0	67.0	57.0	63.0	268.0	64.7	5	100.0
03/29/2006 20:05	52.0	55.6	55.0	67.4	51.0	72.4	51.0	66.6	51.0	62.2	260.0	64.8	5	100.0
03/29/2006 20:10	52.0	56.7	55.0	66.5	56.0	69.5	59.0	69.2	57.0	63.9	279.0	65.3	5	100.0
03/29/2006 20:15	52.0	56.8	60.0	66.9	56.0	70.3	55.0	67.7	53.0	62.1	276.0	64.9	5	100.0
03/29/2006 20:20	44.0	55.2	58.0	66.3	39.0	69.4	58.0	67.1	42.0	65.1	241.0	64.8	5	100.0
03/29/2006 20:25	44.0	56.3	46.0	66.2	56.0	71.5	59.0	69.5	50.0	66.0	255.0	66.4	5	100.0
03/29/2006 20:30	35.0	56.5	48.0	68.1	46.0	72.6	49.0	71.1	46.0	64.6	224.0	67.1	5	100.0
03/29/2006 20:35	40.0	57.4	59.0	67.5	45.0	70.8	50.0	68.0	53.0	63.8	247.0	65.8	5	100.0
03/29/2006 20:40	37.0	56.8	53.0	67.6	48.0	73.8	55.0	69.0	48.0	64.0	241.0	66.8	5	100.0
03/29/2006 20:45	36.0	58.9	49.0	66.9	53.0	74.9	50.0	71.6	59.0	64.2	247.0	67.8	5	100.0
03/29/2006 20:50	45.0	59.3	50.0	66.7	53.0	73.2	46.0	71.3	41.0	67.0	235.0	67.7	5	100.0
03/29/2006 20:55	38.0	58.5	52.0	68.4	54.0	72.7	43.0	66.7	51.0	66.2	238.0	67.0	5	100.0
03/29/2006 21:00	40.0	69.0	52.0	71.5	54.0	74.5	51.0	65.8	39.0	65.4	236.0	69.5	5	100.0
03/29/2006 21:05	38.0	72.3	56.0	70.9	43.0	72.1	50.0	68.2	49.0	63.9	236.0	69.3	5	100.0
03/29/2006 21:10	41.0	75.3	55.0	71.3	59.0	70.7	52.0	68.7	39.0	64.3	246.0	70.2	5	100.0
03/29/2006 21:15	39.0	76.4	51.0	73.9	47.0	71.8	51.0	72.2	45.0	65.2	233.0	71.8	5	100.0
03/29/2006 21:20	41.0	75.2	45.0	72.9	51.0	68.2	46.0	72.5	40.0	65.2	223.0	70.8	5	100.0
03/29/2006 21:25	46.0	74.9	52.0	74.3	49.0	67.5	50.0	71.5	42.0	65.8	239.0	70.9	5	100.0
03/29/2006 21:30	31.0	77.0	46.0	74.5	49.0	70.3	49.0	68.7	40.0	65.5	215.0	70.9	5	100.0
03/29/2006 21:35	43.0	76.6	54.0	76.0	49.0	72.7	47.0	66.7	42.0	62.4	235.0	71.1	5	100.0
03/29/2006 21:40	37.0	77.4	55.0	75.3	48.0	70.3	49.0	68.3	38.0	62.7	227.0	71.0	5	100.0
03/29/2006 21:45	42.0	79.5	47.0	75.2	49.0	71.2	49.0	72.4	45.0	64.4	232.0	72.4	5	100.0
03/29/2006 21:50	38.0	76.8	47.0	75.8	42.0	70.7	45.0	71.4	38.0	63.7	210.0	71.8	5	100.0
03/29/2006 21:55	34.0	74.5	50.0	75.4	45.0	72.4	46.0	71.6	45.0	65.9	220.0	71.9	5	100.0
03/29/2006 22:00	34.0	75.3	42.0	74.6	43.0	77.1	46.0	71.4	41.0	63.1	206.0	72.2	5	100.0
03/29/2006 22:05	36.0	74.4	50.0	74.4	44.0	72.7	47.0	73.6	42.0	66.4	219.0	72.4	5	100.0
03/29/2006 22:10	37.0	75.8	48.0	75.2	49.0	73.8	44.0	72.3	41.0	64.7	219.0	72.4	5	100.0
03/29/2006 22:15	44.0	74.8	54.0	73.8	51.0	74.8	49.0	73.6	39.0	62.7	237.0	72.3	5	100.0
03/29/2006 22:20	44.0	74.3	52.0	73.8	50.0	75.6	43.0	73.0	38.0	65.5	227.0	72.8	5	100.0
03/29/2006 22:25	46.0	74.4	57.0	74.1	48.0	73.0	39.0	70.8	38.0	65.3	228.0	71.9	5	100.0
03/29/2006 22:30	37.0	74.2	55.0	72.4	42.0	73.8	42.0	71.8	35.0	63.6	211.0	71.4	5	100.0
03/29/2006 22:35	34.0	74.3	40.0	72.6	44.0	76.7	43.0	72.1	34.0	58.3	195.0	71.2	5	100.0
03/29/2006 22:40	21.0	75.2	28.0	72.0	41.0	76.7	31.0	69.4	33.0	62.9	154.0	71.2	5	100.0
03/29/2006 22:45	26.0	78.4	24.0	75.7	30.0	76.9	25.0	75.0	24.0	67.4	129.0	74.8	5	100.0
03/29/2006 22:50	25.0	78.0	37.0	75.0	31.0	75.8	30.0	73.8	29.0	68.0	152.0	74.1	5	100.0
03/29/2006 22:55	20.0	78.9	29.0	73.5	25.0	72.0	27.0	71.7	23.0	66.7	124.0	72.4	5	100.0
03/29/2006 23:00	14.0	77.4	26.0	73.5	30.0	73.2	24.0	70.8	25.0	64.5	119.0	71.4	5	100.0
03/29/2006 23:05	17.0	76.8	32.0	74.8	36.0	72.8	25.0	67.3	30.0	67.1	140.0	71.5	5	100.0
03/29/2006 23:10	21.0	77.0	28.0	75.5	27.0	65.3	26.0	69.8	22.0	69.1	124.0	71.2	5	100.0
03/29/2006 23:15	21.0	75.5	30.0	74.5	21.0	64.8	29.0	74.2	26.0	71.4	127.0	72.4	5	100.0
03/29/2006 23:20	24.0	74.2	34.0	73.3	24.0	62.6	25.0	68.4	24.0	65.6	131.0	69.2	5	100.0
03/29/2006 23:25	17.0	74.6	20.0	70.5	22.0	61.4	26.0	70.3	15.0	60.9	100.0	67.7	5	100.0
03/29/2006 23:30	17.0	73.9	28.0	71.6	36.0	73.8	30.0	68.9	17.0	64.0	128.0	70.9	5	100.0
03/29/2006 23:35	9.0	75.7	29.0	73.2	25.0	74.0	24.0	65.2	18.0	60.8	105.0	69.7	5	100.0
03/29/2006 23:40	18.0	74.7	26.0	72.5	27.0	75.7	25.0	69.7	14.0	64.1	110.0	71.9	5	100.0
03/29/2006 23:45	16.0	76.4	31.0	70.8	26.0	72.0	33.0	71.6	24.0	68.7	130.0	71.5	5	100.0
03/29/2006 23:50	15.0	76.7	30.0	72.2	27.0	73.8	28.0	74.6	24.0	66.4	124.0	72.5	5	100.0
03/29/2006 23:55	16.0	76.4	23.0	71.3	22.0	76.7	21.0	76.1	21.0	71.4	103.0	74.2	5	100.0
03/30/2006 00:00	12.0	76.5	20.0	74.0	23.0	72.0	22.0	69.2	23.0	64.5	100.0	70.6	5	100.0
03/30/2006 00:05	14.0	76.9	28.0	73.8	20.0	69.5	17.0	63.7	20.0	63.7	99.0	69.6	5	100.0
03/30/2006 00:10	8.0	76.8	18.0	73.7	18.0	70.1	21.0	65.4	21.0	62.3	86.0	68.4	5	100.0
03/30/2006 00:15	16.0	77.7	23.0	69.2	23.0	74.6	18.0	68.2	13.0	64.4	93.0	71.1	5	100.0
03/30/2006 00:20	11.0	77.6	18.0	70.7	24.0	74.9	18.0	62.5	13.0	65.5	84.0	70.2	5	100.0
03/30/2006 00:25	12.0	76.9	24.0	70.6	20.0	76.3	17.0	60.4	12.0	64.1	85.0	69.9	5	100.0
03/30/2006 00:30	11.0	77.2	18.0	72.7	15.0	76.3	19.0	65.6	15.0	62.9	78.0	70.4	5	100.0
03/30/2006 00:35	5.0	77.1	17.0	70.9	18.0	74.2	21.0	62.7	12.0	61.4	73.0	68.2	5	100.0
03/30/2006 00:40	9.0	76.9	19.0	70.9	13.0	70.4	17.0	61.3	12.0	61.4	70.0	67.6	5	100.0
03/30/2006 00:45	11.0	76.9	14.0	72.4	16.0	72.5	11.0	66.8	10.0	60.8	62.0	70.4	5	100.0
03/30/2006 00:50	6.0	76.9	10.0	72.0	17.0	64.3	14.0	64.6	10.0	57.5	57.0	65.9	5	100.0
03/30/2006 00:55	5.0	76.9	14.0	73.4	16.0	68.9	14.0	62.5	9.0	58.6	58.0	67.5	5	100.0
03/30/2006 01:00	3.0	76.8	11.0	74.0	10.0	71.2	13.0	57.7	9.0	60.4	46.0	66.3	5	100.0
03/30/2006 01:05	1.0	76.2	6.0	74.0	6.0	72.0	9.0	49.3	6.0	63.2	28.0	63.4	5	100.0
03/30/2006 01:10	4.0	76.4	9.0	72.5	8.0	70.6	11.0	58.2	6.0	63.8	38.0	67.0	5	100.0
03/30/2006 01:15	4.0	76.5	6.0	73.3	10.0	68.9	10.0	58.6	9.0	63.1	39.0	66.4	5	100.0
03/30/2006 01:20	1.0	76.6	6.0	73.1	11.0	70.3	8.0	66.2	3.0	63.8	29.0	69.3	5	100.0
03/30/2006 01:25	3.0	76.6	6.0	73.9	10.0	72.4	12.0	69.9	8.0	62.8	39.0	70.2	5	100.0
03/30/2006 01:30	4.0	76.6	9.0	74.1	12.0	73.7	12.0	69.5	7.0	58.5	44.0	70.5	5	100.0
03/30/2006 01:35	6.0	76.4	11.0	74.0	13.0	72.6	14.0	74.2	9.0	59.8	53.0	71.6	5	100.0
03/30/2006 01:40	2.0	76.5	7.0	74.1	13.0	73.7	6.0	71.8	4.0	61.7	32.0	72.1	5	100.0
03/30/2006 01:45	4.0	76.3	9.0	74.2	11.0	74.1	10.0	71.5	12.0	63.1	46.0	70.9	5	100.0
03/30/2006 01:50	4.0	75.6	13.0	73.3	12.0	73.6	12.0	68.0	7.0	63.0	48.0	70.7	5	100.0
03/30/2006 01:55	3.0	76.0	7.0	74.0	12.0	71.8	7.0	69.4	12.0	65.2	41.0	70.1	5	100.0
03/30/2006 02:00	8.0	76.4	11.0	73.2	10.0	72.4	13.0	64.9	10.0	59.8	52.0	68.9	5	100.0
03/30/2006 02:05	2.0	76.5	8.0	73.5	9.0	71.9	9.0	68.6	7.0	63.4	35.0	70.0	5	100.0
03/30/2006 02:10	2.0	76.5	11.0	73.7	9.0	70.8	10.0	66.5	9.0	65.7	41.0	69.7	5	100.0
03/30/2006 02:15	9.0	75.6	8.0	73.4	9.0	72.0	9.0	63.9	6.0	66.7	41.0	70.5	5	100.0
03/30/2006 02:20	6.0	75.8	8.0	73.3	8.0	72.5	10.0	61.8	9.0	66.7	41.0	69.3	5	100.0
03/30/2006 02:25	1.0	76.2	5.0	73.5	4.0	72.4	6.0	59.1	9.0	61.0	25.0	65.5	5	100.0
03/30/2006 02:30	1.0	76.4	6.0	73.0	8.0	71.4	14.0	67.3	5.0	63.3	34.0	69.0	5	100.0
03/30/2006 02:35	2.0	76.5	10.0	73.5	12.0	70.2	11.0	61.4	4.0	65.1	39.0	68.4	5	100.0
03/30/2006 02:40	1.0	76.5	10.0	73.0	9.0	69.0	12.0	66.5	9.0	62.2	41.0	67.9	5	100.0
03/30/2006 02:45	0.0	76.5	4.0	73.6	4.0	70.3	9.0	68.9	2.0	62.4	19.0	69.5	5	100.0
03/30/2006 02:50	0.0	76.5	5.0	73.9	6.0	71.5	9.0	68.7	5.0	63.5	25.0	69.4	5	100.0
03/30/2006 02:55	5.0	76.6	3.0	74.0	3.0	72.1	7.0	68.2	5.0	64.1	23.0	70.4	5	100.0
03/30/2006 03:00	0.0	76.6	5.0	73.8	7.0	70.7	8.0	71.7	5.0	64.3	25.0	70.4	5	100.0
03/30/2006 03:05	0.0	76.6	5.0	73.1	7.0	70.8	6.0	72.2	5.0	65.3	23.0	70.5	5	100.0
03/30/2006 03:10	0.0	76.6	7.0	73.6	5.0	71.9	10.0	71.4	11.0	63.7	33.0	69.4	5	100.0
03/30/2006 03:15	0.0	76.6	7.0	73.8	2.0	71.5	6.0	69.7	1.0	63.8	16.0	71.4	5	100.0
03/30/2006 03:20	0.0	76.6	3.0	73.9	4.0	72.2	9.0	66.7	6.0	64.7	22.0	68.1	5	100.0
03/30/2006 03:25	4.0	76.6	1.0	74.0	7.0	72.8	2.0	67.1	9.0	60.1	23.0	68.0	5	100.0
03/30/2006 03:30	1.0	76.6	6.0	73.8	7.0	71.7	6.0	70.1	3.0	63.1	23.0	70.9	5	100.0
03/30/2006 03:35	0.0	76.6	5.0	73.2	0.0	71.7	8.0	71.9	10.0	61.9	23.0	67.8	5	100.0
03/30/2006 03:40	0.0	76.6	6.0	73.4	8.0	67.5	12.0	64.5	5.0	63.5	31.0	66.8	5	100.0
03/30/2006 03:45	0.0	76.6	10.0	73.8	12.0	70.8	9.0	65.0	10.0	63.4	41.0	68.5	5	100.0
03/30/2006 03:50	0.0	76.6	5.0	73.9	9.0	71.0	8.0	69.4	8.0	65.4	30.0	69.6	5	100.0
03/30/2006 03:55	0.0	76.6	5.0	73.7	17.0	62.4	11.0	67.7	5.0	64.0	38.0	65.6	5	100.0
03/30/2006 04:00	0.0	76.6	9.0	73.9	10.0	68.9	10.0	76.4	8.0	45.8	37.0	67.1	5	100.0
03/30/2006 04:05	0.0	76.6	11.0	73.3	16.0	66.4	6.0	71.4	10.0	56.8	43.0	66.6	5	100.0
03/30/2006 04:10	0.0	76.6	2.0	73.8	7.0	69.5	4.0	71.5	10.0	61.9	23.0	66.9	5	100.0
03/30/2006 04:15	0.0	76.6	6.0	73.4	7.0	69.5	10.0	79.2	8.0	55.3	31.0	69.7	5	100.0
03/30/2006 04:20	1.0	76.5	5.0	73.7	6.0	69.8	6.0	77.5	5.0	58.6	23.0	70.5	5	100.0
03/30/2006 04:25	0.0	76.5	7.0	73.9	5.0	70.6	10.0	75.0	16.0	53.3	38.0	65.1	5	100.0
03/30/2006 04:30	1.0	76.5	7.0	73.7	12.0	65.3	16.0	79.2	12.0	55.6	48.0	69.0	5	100.0
03/30/2006 04:35	10.0	76.4	9.0	73.9	10.0	66.2	11.0	79.2	10.0	61.4	50.0	71.5	5	100.0
03/30/2006 04:40	0.0	76.4	6.0	73.8	8.0	68.5	16.0	79.2	13.0	59.4	43.0	70.5	5	100.0
03/30/2006 04:45	0.0	76.4	10.0	73.3	12.0	65.8	11.0	79.2	10.0	57.6	43.0	69.1	5	100.0
03/30/2006 04:50	1.0	76.4	13.0	73.0	15.0	67.0	16.0	79.2	12.0	61.3	57.0	70.8	5	100.0
03/30/2006 04:55	3.0	76.4	10.0	72.5	12.0	67.3	13.0	79.2	13.0	63.0	51.0	70.8	5	100.0
03/30/2006 05:00	5.0	76.4	9.0	72.6	14.0	71.9	15.0	79.2	12.0	65.2	55.0	73.0	5	100.0
03/30/2006 05:05	0.0	76.4	11.0	73.5	18.0	68.5	6.0	75.9	17.0	73.9	52.0	72.2	5	100.0
03/30/2006 05:10	7.0	76.4	16.0	74.3	16.0	67.1	15.0	79.2	9.0	67.9	63.0	73.0	5	100.0
03/30/2006 05:15	0.0	76.4	14.0	74.5	20.0	76.9	17.0	79.2	22.0	74.5	73.0	76.3	5	100.0
03/30/2006 05:20	0.0	76.4	13.0	73.7	20.0	72.4	19.0	79.2	13.0	67.4	65.0	73.6	5	100.0
03/30/2006 05:25	2.0	76.4	28.0	71.1	24.0	78.9	28.0	79.2	20.0	74.0	102.0	75.8	5	100.0
03/30/2006 05:30	8.0	76.4	23.0	71.0	24.0	81.3	20.0	79.2	21.0	74.5	96.0	76.5	5	100.0
03/30/2006 05:35	0.0	76.4	25.0	72.0	29.0	82.0	25.0	79.2	21.0	74.5	100.0	77.2	5	100.0
03/30/2006 05:40	1.0	76.2	32.0	71.6	38.0	82.0	28.0	79.2	30.0	71.6	129.0	76.3	5	100.0
03/30/2006 05:45	7.0	76.3	30.0	69.4	34.0	82.0	29.0	79.2	22.0	74.5	122.0	76.6	5	100.0
03/30/2006 05:50	13.0	76.3	35.0	70.7	38.0	82.0	27.0	79.2	37.0	74.5	150.0	76.5	5	100.0
03/30/2006 05:55	5.0	76.4	41.0	67.9	39.0	79.3	31.0	79.2	29.0	74.5	145.0	75.0	5	100.0
03/30/2006 06:00	3.0	76.3	39.0	70.9	35.0	73.7	26.0	79.2	28.0	66.9	131.0	72.6	5	100.0
03/30/2006 06:05	0.0	76.3	35.0	70.2	35.0	76.0	33.0	79.2	25.0	66.9	128.0	73.5	5	100.0
03/30/2006 06:10	7.0	76.1	52.0	73.0	43.0	77.2	40.0	79.2	32.0	65.5	174.0	74.2	5	100.0
03/30/2006 06:15	9.0	76.3	50.0	71.3	44.0	73.7	40.0	79.2	29.0	62.9	172.0	72.6	5	100.0
03/30/2006 06:20	9.0	74.9	57.0	72.4	47.0	72.4	39.0	79.2	37.0	63.3	189.0	72.1	5	100.0
03/30/2006 06:25	5.0	75.3	50.0	69.9	51.0	72.0	41.0	79.2	41.0	61.7	188.0	70.9	5	100.0
03/30/2006 06:30	7.0	75.6	65.0	68.2	54.0	76.9	42.0	79.2	40.0	64.7	208.0	72.3	5	100.0
03/30/2006 06:35	7.0	75.8	58.0	68.5	50.0	74.4	37.0	79.2	36.0	65.4	188.0	71.9	5	100.0
03/30/2006 06:40	8.0	76.2	64.0	67.8	57.0	73.3	49.0	79.2	49.0	64.1	227.0	71.1	5	100.0
03/30/2006 06:45	8.0	75.7	68.0	67.5	64.0	75.9	49.0	79.2	44.0	62.7	233.0	71.6	5	100.0
03/30/2006 06:50	8.0	75.8	72.0	66.8	62.0	75.6	54.0	79.2	50.0	59.4	246.0	70.5	5	100.0
03/30/2006 06:55	15.0	74.1	73.0	69.5	63.0	74.5	47.0	79.2	49.0	62.2	247.0	71.5	5	100.0
03/30/2006 07:00	10.0	75.5	64.0	69.3	57.0	74.3	56.0	79.2	52.0	64.4	239.0	72.0	5	100.0
03/30/2006 07:05	11.0	75.6	75.0	71.0	61.0	67.4	62.0	79.2	53.0	65.3	262.0	71.1	5	100.0
03/30/2006 07:10	8.0	74.7	74.0	71.7	57.0	68.3	57.0	79.2	53.0	64.4	249.0	71.2	5	100.0
03/30/2006 07:15	13.0	74.7	83.0	70.7	66.0	71.1	63.0	79.2	59.0	65.3	284.0	71.7	5	100.0
03/30/2006 07:20	16.0	74.2	87.0	69.5	61.0	66.1	56.0	79.2	57.0	65.3	277.0	70.1	5	100.0
03/30/2006 07:25	9.0	74.6	83.0	69.2	65.0	69.1	71.0	79.2	67.0	64.3	295.0	70.6	5	100.0
03/30/2006 07:30	9.0	75.4	72.0	70.2	63.0	70.9	56.0	79.2	61.0	60.1	261.0	70.1	5	100.0
03/30/2006 07:35	7.0	75.4	88.0	68.8	68.0	67.7	64.0	79.2	74.0	60.9	301.0	69.0	5	100.0
03/30/2006 07:40	12.0	74.5	102.0	67.8	73.0	65.8	75.0	79.2	77.0	61.6	339.0	68.7	5	100.0
03/30/2006 07:45	12.0	75.1	80.0	67.8	73.0	67.9	70.0	79.2	70.0	62.4	305.0	69.5	5	100.0
03/30/2006 07:50	14.0	72.1	93.0	67.1	70.0	64.4	69.0	79.2	74.0	61.1	320.0	67.9	5	100.0
03/30/2006 07:55	10.0	74.8	90.0	66.9	70.0	63.1	69.0	79.2	71.0	59.1	310.0	67.2	5	100.0
03/30/2006 08:00	12.0	76.1	92.0	69.9	69.0	66.1	67.0	79.2	81.0	60.5	321.0	68.9	5	100.0
03/30/2006 08:05	20.0	73.3	91.0	71.3	69.0	68.2	67.0	79.2	80.0	56.8	327.0	68.8	5	100.0
03/30/2006 08:10	14.0	73.4	86.0	71.7	61.0	63.7	58.0	79.2	66.0	57.7	285.0	68.4	5	100.0
03/30/2006 08:15	17.0	72.2	90.0	69.9	70.0	64.0	68.0	79.2	80.0	58.2	325.0	67.8	5	100.0
03/30/2006 08:20	14.0	74.1	83.0	66.6	69.0	60.5	69.0	79.2	79.0	58.7	314.0	66.4	5	100.0
03/30/2006 08:25	14.0	72.9	86.0	67.1	73.0	62.6	69.0	79.2	83.0	59.2	325.0	66.9	5	100.0
03/30/2006 08:30	11.0	74.9	86.0	69.6	60.0	64.7	68.0	79.2	81.0	59.5	306.0	68.3	5	100.0
03/30/2006 08:35	12.0	74.0	46.0	71.0	42.0	70.1	37.0	79.2	38.0	58.0	175.0	69.9	5	100.0
03/30/2006 08:40	10.0	75.0	74.0	71.2	65.0	69.9	57.0	79.2	73.0	59.7	279.0	69.7	5	100.0
03/30/2006 08:45	21.0	76.5	91.0	69.8	71.0	64.7	66.0	79.2	84.0	58.4	333.0	68.1	5	100.0
03/30/2006 08:50	13.0	76.6	90.0	69.5	65.0	60.8	66.0	79.2	78.0	59.0	312.0	67.4	5	100.0
03/30/2006 08:55	24.0	73.7	88.0	69.6	64.0	58.4	68.0	79.2	75.0	58.8	319.0	67.2	5	100.0
03/30/2006 09:00	11.0	76.7	45.0	75.4	36.0	70.3	38.0	79.2	53.0	60.1	183.0	70.8	5	100.0
03/30/2006 09:05	9.0	76.1	83.0	71.0	56.0	66.1	68.0	79.2	77.0	57.0	293.0	68.4	5	100.0
03/30/2006 09:10	15.0	75.1	86.0	72.5	60.0	64.9	66.0	79.2	71.0	57.7	298.0	69.1	5	100.0
03/30/2006 09:15	13.0	75.5	85.0	73.7	64.0	67.3	64.0	79.2	70.0	57.6	296.0	69.8	5	100.0
03/30/2006 09:20	19.0	78.7	86.0	73.6	64.0	67.1	68.0	79.2	71.0	56.7	308.0	69.9	5	100.0
03/30/2006 09:25	16.0	78.7	79.0	73.4	62.0	69.2	64.0	79.2	67.0	57.6	288.0	70.4	5	100.0
03/30/2006 09:30	12.0	77.6	80.0	76.5	60.0	75.1	68.0	79.2	68.0	57.4	288.0	72.4	5	100.0
03/30/2006 09:35	15.0	77.8	68.0	79.2	50.0	72.4	42.0	79.2	49.0	62.4	224.0	73.9	5	100.0
03/30/2006 09:40	16.0	80.0	80.0	77.3	64.0	72.4	64.0	79.2	68.0	61.9	292.0	73.2	5	100.0
03/30/2006 09:45	14.0	80.0	68.0	76.7	62.0	77.7	55.0	79.2	64.0	60.5	263.0	73.7	5	100.0
03/30/2006 09:50	19.0	81.6	58.0	75.3	41.0	77.9	49.0	79.2	55.0	60.5	222.0	73.5	5	100.0
03/30/2006 09:55	30.0	83.2	70.0	78.5	53.0	78.2	57.0	79.2	62.0	64.7	272.0	76.0	5	100.0
03/30/2006 10:00	29.0	78.1	68.0	76.5	53.0	75.6	55.0	79.2	62.0	60.3	267.0	73.3	5	100.0
03/30/2006 10:05	49.0	76.4	74.0	75.4	57.0	68.7	63.0	79.2	67.0	57.7	310.0	71.3	5	100.0
03/30/2006 10:10	47.0	74.6	64.0	75.1	55.0	70.7	60.0	79.2	61.0	56.4	287.0	71.1	5	100.0
03/30/2006 10:15	40.0	76.3	64.0	75.8	57.0	76.6	54.0	79.2	59.0	59.7	274.0	73.2	5	100.0
03/30/2006 10:20	42.0	75.4	64.0	75.7	51.0	74.8	59.0	79.2	62.0	60.6	278.0	72.9	5	100.0
03/30/2006 10:25	49.0	74.5	64.0	74.8	56.0	74.1	54.0	79.2	64.0	58.9	287.0	71.9	5	100.0
03/30/2006 10:30	32.0	76.2	49.0	76.9	54.0	77.4	55.0	79.2	69.0	59.8	259.0	72.9	5	100.0
03/30/2006 10:35	39.0	75.4	58.0	79.0	55.0	77.3	56.0	79.2	60.0	59.9	268.0	73.9	5	100.0
03/30/2006 10:40	53.0	75.7	63.0	77.6	56.0	75.0	58.0	79.2	69.0	61.1	299.0	73.3	5	100.0
03/30/2006 10:45	49.0	75.8	60.0	75.1	55.0	71.9	58.0	79.2	63.0	62.4	285.0	72.6	5	100.0
03/30/2006 10:50	50.0	76.6	66.0	76.1	59.0	71.9	62.0	79.2	70.0	59.7	307.0	72.3	5	100.0
03/30/2006 10:55	44.0	76.0	61.0	76.7	49.0	70.3	57.0	79.2	66.0	60.4	277.0	72.1	5	100.0
03/30/2006 11:00	48.0	77.0	67.0	74.9	55.0	65.9	58.0	79.2	73.0	59.7	301.0	70.7	5	100.0
03/30/2006 11:05	43.0	79.5	64.0	75.6	59.0	69.9	53.0	79.2	67.0	60.1	286.0	72.0	5	100.0
03/30/2006 11:10	39.0	79.2	50.0	77.1	44.0	67.2	51.0	79.2	62.0	62.5	246.0	72.4	5	100.0
03/30/2006 11:15	33.0	77.7	53.0	76.7	51.0	74.0	46.0	79.2	56.0	61.5	239.0	73.2	5	100.0
03/30/2006 11:20	36.0	79.3	59.0	76.6	54.0	73.1	61.0	79.2	65.0	61.1	275.0	73.2	5	100.0
03/30/2006 11:25	43.0	79.1	62.0	77.1	57.0	68.2	61.0	79.2	61.0	56.2	284.0	71.6	5	100.0
03/30/2006 11:30	48.0	78.6	64.0	75.9	59.0	65.8	65.0	79.2	73.0	57.9	309.0	70.8	5	100.0
03/30/2006 11:35	45.0	77.8	65.0	76.3	56.0	68.3	66.0	79.2	70.0	57.5	302.0	71.3	5	100.0
03/30/2006 11:40	58.0	78.3	69.0	77.5	63.0	68.6	57.0	79.2	70.0	60.3	317.0	72.4	5	100.0
03/30/2006 11:45	42.0	77.0	71.0	77.9	65.0	73.6	70.0	79.2	83.0	61.2	331.0	73.0	5	100.0
03/30/2006 11:50	48.0	75.1	68.0	76.9	58.0	70.9	58.0	79.2	64.0	59.0	296.0	72.0	5	100.0
03/30/2006 11:55	49.0	75.0	58.0	73.4	63.0	71.3	63.0	79.2	78.0	61.8	311.0	71.5	5	100.0
03/30/2006 12:00	54.0	75.3	69.0	72.2	63.0	71.1	67.0	73.8	74.0	62.5	327.0	70.6	5	100.0
03/30/2006 12:05	45.0	77.0	61.0	74.6	55.0	73.7	55.0	65.6	78.0	63.0	294.0	70.0	5	100.0
03/30/2006 12:10	46.0	73.7	60.0	70.9	70.0	71.8	63.0	65.2	80.0	60.1	319.0	67.7	5	100.0
03/30/2006 12:15	50.0	72.3	63.0	72.0	59.0	73.2	68.0	69.0	80.0	58.8	320.0	68.3	5	100.0
03/30/2006 12:20	47.0	73.9	56.0	72.7	50.0	74.6	57.0	69.3	63.0	59.3	273.0	69.5	5	100.0
03/30/2006 12:25	40.0	75.3	59.0	71.8	56.0	71.8	63.0	67.3	79.0	60.7	297.0	68.4	5	100.0
03/30/2006 12:30	39.0	76.6	65.0	74.5	54.0	77.3	62.0	69.9	68.0	62.9	288.0	71.6	5	100.0
03/30/2006 12:35	57.0	74.1	65.0	72.9	62.0	77.5	65.0	70.6	71.0	63.7	320.0	71.5	5	100.0
03/30/2006 12:40	54.0	74.8	64.0	74.4	57.0	82.0	61.0	71.3	71.0	61.2	307.0	72.2	5	100.0
03/30/2006 12:45	53.0	73.9	70.0	72.9	67.0	82.0	64.0	75.1	73.0	58.7	327.0	72.2	5	100.0
03/30/2006 12:50	56.0	72.1	66.0	72.3	60.0	76.1	73.0	73.3	76.0	61.8	331.0	70.8	5	100.0
03/30/2006 12:55	58.0	72.9	69.0	72.0	63.0	78.6	62.0	71.7	76.0	61.0	328.0	70.8	5	100.0
03/30/2006 13:00	55.0	66.1	66.0	67.6	62.0	70.9	65.0	67.0	75.0	59.6	323.0	66.0	5	100.0
03/30/2006 13:05	48.0	63.2	60.0	65.6	56.0	67.1	55.0	62.4	63.0	59.4	282.0	63.5	5	100.0
03/30/2006 13:10	47.0	57.7	53.0	63.0	47.0	59.3	47.0	62.6	60.0	59.2	254.0	60.4	5	100.0
03/30/2006 13:15	51.0	54.2	58.0	58.1	44.0	55.8	50.0	55.9	54.0	56.1	257.0	56.1	5	100.0
03/30/2006 13:20	65.0	52.5	64.0	56.7	59.0	54.0	65.0	54.0	71.0	54.8	324.0	54.4	5	100.0
03/30/2006 13:25	67.0	50.7	70.0	55.4	62.0	49.8	66.0	53.7	77.0	53.2	342.0	52.6	5	100.0
03/30/2006 13:30	67.0	51.0	74.0	55.6	63.0	49.5	62.0	54.3	80.0	53.4	346.0	52.9	5	100.0
03/30/2006 13:35	63.0	53.1	75.0	57.7	72.0	56.1	74.0	56.3	71.0	55.7	355.0	55.9	5	100.0
03/30/2006 13:40	53.0	55.1	66.0	60.8	55.0	57.4	65.0	58.3	70.0	59.4	309.0	58.4	5	100.0
03/30/2006 13:45	64.0	54.5	62.0	61.4	56.0	55.3	63.0	60.4	68.0	56.6	313.0	57.7	5	100.0
03/30/2006 13:50	56.0	54.7	64.0	62.0	59.0	63.9	62.0	60.5	60.0	57.8	301.0	59.9	5	100.0
03/30/2006 13:55	73.0	53.2	71.0	60.5	60.0	61.4	62.0	59.0	61.0	58.6	327.0	58.4	5	100.0
03/30/2006 14:00	79.0	46.9	67.0	51.9	65.0	53.8	63.0	52.2	66.0	54.9	340.0	51.7	5	100.0
03/30/2006 14:05	86.0	43.8	79.0	48.9	63.0	49.0	63.0	51.2	67.0	49.4	358.0	48.2	5	100.0
03/30/2006 14:10	81.0	36.4	72.0	42.2	65.0	42.8	62.0	43.3	70.0	44.0	350.0	41.5	5	100.0
03/30/2006 14:15	74.0	32.4	71.0	37.0	62.0	39.7	57.0	38.9	69.0	42.0	333.0	37.8	5	100.0
03/30/2006 14:20	76.0	28.8	72.0	34.1	61.0	33.6	67.0	35.0	70.0	38.0	346.0	33.8	5	100.0
03/30/2006 14:25	85.0	30.3	72.0	33.5	63.0	32.6	66.0	33.8	67.0	34.7	353.0	32.9	5	100.0
03/30/2006 14:30	80.0	31.4	75.0	35.3	60.0	32.7	67.0	39.0	71.0	39.7	353.0	35.6	5	100.0
03/30/2006 14:35	86.0	35.3	71.0	39.1	59.0	37.2	63.0	41.2	69.0	42.6	348.0	38.9	5	100.0
03/30/2006 14:40	81.0	35.5	74.0	39.3	67.0	38.4	73.0	42.4	72.0	44.1	367.0	39.9	5	100.0
03/30/2006 14:45	87.0	37.2	74.0	40.9	67.0	42.3	66.0	46.1	68.0	46.5	362.0	42.3	5	100.0
03/30/2006 14:50	84.0	39.3	78.0	42.4	65.0	42.1	69.0	47.3	77.0	46.4	373.0	43.4	5	100.0
03/30/2006 14:55	80.0	40.6	81.0	43.0	69.0	42.5	69.0	48.6	73.0	46.7	372.0	44.2	5	100.0
03/30/2006 15:00	35.0	45.7	78.0	43.2	57.0	40.0	70.0	46.1	65.0	44.0	305.0	43.7	5	100.0
03/30/2006 15:05	41.0	44.6	77.0	39.4	74.0	40.7	66.0	43.3	70.0	44.4	328.0	42.2	5	100.0
03/30/2006 15:10	39.0	43.0	61.0	32.8	59.0	35.1	60.0	37.7	60.0	38.6	279.0	37.0	5	100.0
03/30/2006 15:15	42.0	42.4	71.0	35.9	59.0	37.4	64.0	39.7	63.0	40.8	299.0	39.0	5	100.0
03/30/2006 15:20	54.0	41.3	72.0	38.6	60.0	39.5	64.0	43.8	62.0	42.3	312.0	41.0	5	100.0
03/30/2006 15:25	57.0	39.3	69.0	37.2	58.0	37.2	71.0	43.3	60.0	41.4	315.0	39.8	5	100.0
03/30/2006 15:30	62.0	39.1	81.0	37.1	62.0	38.7	68.0	43.3	64.0	42.2	337.0	40.0	5	100.0
03/30/2006 15:35	58.0	40.7	81.0	40.1	72.0	43.6	69.0	45.1	68.0	43.2	348.0	42.5	5	100.0
03/30/2006 15:40	67.0	39.3	79.0	38.9	66.0	39.1	72.0	46.0	67.0	43.4	351.0	41.3	5	100.0
03/30/2006 15:45	56.0	39.7	79.0	38.7	72.0	40.9	72.0	45.7	63.0	43.8	342.0	41.7	5	100.0
03/30/2006 15:50	61.0	38.8	72.0	32.9	65.0	34.4	70.0	40.4	63.0	41.5	331.0	37.5	5	100.0
03/30/2006 15:55	53.0	40.3	77.0	35.0	64.0	36.2	70.0	41.6	68.0	42.9	332.0	39.1	5	100.0
03/30/2006 16:00	65.0	36.4	70.0	31.8	64.0	35.0	67.0	41.5	63.0	42.0	329.0	37.3	5	100.0
03/30/2006 16:05	64.0	35.6	72.0	30.9	70.0	34.7	74.0	39.0	68.0	40.5	348.0	36.1	5	100.0
03/30/2006 16:10	68.0	32.8	75.0	30.4	60.0	30.7	63.0	36.5	62.0	38.9	328.0	33.7	5	100.0
03/30/2006 16:15	66.0	32.4	69.0	26.5	61.0	29.7	69.0	38.3	72.0	40.6	337.0	33.7	5	100.0
03/30/2006 16:20	60.0	34.4	72.0	26.3	59.0	32.1	67.0	38.4	69.0	42.0	327.0	34.6	5	100.0
03/30/2006 16:25	62.0	33.4	73.0	28.8	54.0	31.6	73.0	40.3	69.0	39.6	331.0	34.9	5	100.0
03/30/2006 16:30	65.0	33.4	71.0	26.6	57.0	29.5	62.0	37.6	69.0	38.4	324.0	33.1	5	100.0
03/30/2006 16:35	67.0	30.9	71.0	25.7	64.0	29.0	70.0	35.3	64.0	36.8	336.0	31.5	5	100.0
03/30/2006 16:40	68.0	31.0	74.0	25.2	68.0	28.4	67.0	33.3	65.0	33.8	342.0	30.2	5	100.0
03/30/2006 16:45	67.0	31.9	71.0	27.3	66.0	30.0	70.0	35.8	67.0	35.6	341.0	32.1	5	100.0
03/30/2006 16:50	69.0	33.1	73.0	32.5	67.0	34.5	66.0	40.5	69.0	40.1	344.0	36.1	5	100.0
03/30/2006 16:55	58.0	33.5	75.0	30.8	63.0	33.8	70.0	39.1	64.0	39.2	330.0	35.2	5	100.0
03/30/2006 17:00	62.0	48.0	65.0	38.9	58.0	45.8	60.0	53.6	61.0	31.9	306.0	43.5	5	100.0
03/30/2006 17:05	63.0	54.4	62.0	47.3	60.0	52.0	61.0	57.2	58.0	25.9	304.0	47.6	5	100.0
03/30/2006 17:10	65.0	61.9	73.0	55.0	64.0	56.0	60.0	63.2	69.0	27.1	331.0	52.2	5	100.0
03/30/2006 17:15	66.0	72.3	70.0	76.9	68.0	76.7	72.0	79.2	67.0	34.9	343.0	68.3	5	100.0
03/30/2006 17:20	50.0	79.1	68.0	77.8	65.0	80.9	60.0	79.2	62.0	37.6	305.0	70.8	5	100.0
03/30/2006 17:25	61.0	69.0	62.0	64.7	56.0	67.2	53.0	72.5	61.0	33.4	293.0	61.0	5	100.0
03/30/2006 17:30	42.0	61.0	44.0	56.4	48.0	66.9	49.0	75.4	45.0	32.4	228.0	58.8	5	100.0
03/30/2006 17:35	58.0	57.9	64.0	61.4	57.0	66.6	62.0	79.2	58.0	32.6	299.0	59.8	5	100.0
03/30/2006 17:40	63.0	61.6	69.0	64.5	56.0	64.9	63.0	79.2	64.0	34.4	315.0	60.8	5	100.0
03/30/2006 17:45	60.0	64.8	63.0	59.0	58.0	58.0	60.0	74.6	59.0	29.8	300.0	57.3	5	100.0
03/30/2006 17:50	55.0	56.9	60.0	53.9	50.0	54.4	58.0	71.5	59.0	27.9	282.0	52.8	5	100.0
03/30/2006 17:55	60.0	55.6	61.0	49.2	54.0	49.5	58.0	64.4	59.0	26.0	292.0	48.9	5	100.0
03/30/2006 18:00	58.0	58.1	52.0	59.4	48.0	53.9	54.0	62.0	54.0	25.6	266.0	51.8	5	100.0
03/30/2006 18:05	49.0	53.4	46.0	60.3	47.0	61.0	54.0	66.1	50.0	26.8	246.0	53.5	5	100.0
03/30/2006 18:10	60.0	51.3	57.0	68.3	53.0	67.7	55.0	70.0	53.0	28.8	278.0	57.3	5	100.0
03/30/2006 18:15	60.0	65.4	65.0	76.5	55.0	69.1	63.0	72.7	61.0	31.3	304.0	63.1	5	100.0
03/30/2006 18:20	61.0	74.6	70.0	84.0	57.0	76.6	65.0	77.6	61.0	32.8	314.0	69.6	5	100.0
03/30/2006 18:25	65.0	77.0	69.0	84.0	67.0	82.0	67.0	79.2	65.0	35.6	333.0	71.8	5	100.0
03/30/2006 18:30	37.0	79.4	41.0	84.0	37.0	82.0	38.0	78.6	41.0	33.9	194.0	71.1	5	100.0
03/30/2006 18:35	46.0	79.1	47.0	73.2	46.0	77.4	52.0	72.2	43.0	33.3	234.0	67.6	5	100.0
03/30/2006 18:40	58.0	74.4	69.0	74.1	66.0	78.1	58.0	76.8	64.0	35.3	315.0	67.6	5	100.0
03/30/2006 18:45	63.0	86.3	74.0	84.0	68.0	82.0	68.0	79.2	64.0	37.9	337.0	74.3	5	100.0
03/30/2006 18:50	63.0	86.5	74.0	84.0	65.0	82.0	65.0	79.2	63.0	38.8	330.0	74.5	5	100.0
03/30/2006 18:55	72.0	86.5	70.0	84.0	67.0	82.0	67.0	79.2	63.0	40.8	339.0	75.2	5	100.0
03/30/2006 19:00	78.0	86.1	71.0	84.0	65.0	82.0	70.0	79.2	65.0	40.1	349.0	75.0	5	100.0
03/30/2006 19:05	80.0	84.6	73.0	84.0	67.0	82.0	67.0	79.2	57.0	38.3	344.0	75.2	5	100.0
03/30/2006 19:10	82.0	86.5	75.0	84.0	62.0	82.0	64.0	79.2	66.0	38.4	349.0	74.7	5	100.0
03/30/2006 19:15	74.0	86.5	69.0	84.0	63.0	82.0	61.0	79.2	66.0	37.4	333.0	74.1	5	100.0
03/30/2006 19:20	74.0	86.5	70.0	84.0	55.0	82.0	61.0	79.2	65.0	37.9	325.0	74.1	5	100.0
03/30/2006 19:25	67.0	86.5	67.0	84.0	71.0	82.0	62.0	79.2	64.0	44.8	331.0	75.6	5	100.0
03/30/2006 19:30	53.0	86.5	62.0	84.0	54.0	82.0	61.0	79.2	55.0	55.7	285.0	77.6	5	100.0
03/30/2006 19:35	56.0	86.5	56.0	84.0	59.0	82.0	58.0	79.2	56.0	60.3	285.0	78.4	5	100.0
03/30/2006 19:40	45.0	86.5	50.0	84.0	55.0	82.0	58.0	79.2	56.0	63.3	264.0	78.6	5	100.0
03/30/2006 19:45	40.0	86.5	53.0	84.0	49.0	82.0	52.0	79.2	50.0	65.6	244.0	79.2	5	100.0
03/30/2006 19:50	51.0	86.5	62.0	84.0	61.0	82.0	61.0	79.2	51.0	67.9	286.0	80.1	5	100.0
03/30/2006 19:55	52.0	86.5	57.0	84.0	48.0	82.0	49.0	79.2	44.0	67.1	250.0	80.2	5	100.0
03/30/2006 20:00	36.0	86.5	48.0	84.0	45.0	82.0	45.0	79.2	40.0	67.4	214.0	79.9	5	100.0
03/30/2006 20:05	59.0	86.5	66.0	84.0	51.0	82.0	53.0	79.2	47.0	63.8	276.0	79.8	5	100.0
03/30/2006 20:10	64.0	86.5	69.0	84.0	61.0	82.0	56.0	79.2	55.0	63.4	305.0	79.5	5	100.0
03/30/2006 20:15	65.0	86.5	67.0	84.0	59.0	82.0	58.0	79.2	63.0	64.7	312.0	79.4	5	100.0
03/30/2006 20:20	58.0	86.5	67.0	84.0	52.0	82.0	58.0	79.2	50.0	67.2	285.0	80.2	5	100.0
03/30/2006 20:25	50.0	86.5	58.0	84.0	55.0	82.0	57.0	79.2	50.0	66.4	270.0	79.8	5	100.0
03/30/2006 20:30	45.0	86.5	56.0	84.0	57.0	82.0	49.0	79.2	53.0	66.0	260.0	79.4	5	100.0
03/30/2006 20:35	54.0	86.5	57.0	84.0	54.0	82.0	57.0	79.2	47.0	63.8	269.0	79.6	5	100.0
03/30/2006 20:40	45.0	86.5	55.0	84.0	52.0	82.0	45.0	79.2	46.0	63.9	243.0	79.3	5	100.0
03/30/2006 20:45	54.0	86.5	59.0	84.0	53.0	82.0	52.0	79.2	51.0	60.0	269.0	78.6	5	100.0
03/30/2006 20:50	41.0	86.5	53.0	84.0	42.0	82.0	48.0	79.2	52.0	64.9	236.0	78.9	5	100.0
03/30/2006 20:55	44.0	86.5	57.0	84.0	55.0	82.0	56.0	79.2	48.0	66.3	260.0	79.7	5	100.0
03/30/2006 21:00	47.0	80.6	52.0	78.3	48.0	75.9	50.0	79.2	51.0	64.7	248.0	75.7	5	100.0
03/30/2006 21:05	40.0	79.3	53.0	76.2	49.0	77.0	48.0	79.2	53.0	65.9	243.0	75.2	5	100.0
03/30/2006 21:10	41.0	78.1	46.0	72.6	44.0	73.1	48.0	79.2	51.0	61.3	230.0	72.5	5	100.0
03/30/2006 21:15	36.0	74.8	51.0	71.0	50.0	69.9	52.0	79.2	45.0	62.8	234.0	71.6	5	100.0
03/30/2006 21:20	47.0	76.5	51.0	69.7	51.0	70.6	46.0	79.2	40.0	63.3	235.0	72.0	5	100.0
03/30/2006 21:25	52.0	75.5	51.0	70.5	53.0	68.3	53.0	79.2	41.0	62.1	250.0	71.5	5	100.0
03/30/2006 21:30	55.0	77.2	48.0	70.7	52.0	66.5	61.0	79.2	53.0	64.2	269.0	71.9	5	100.0
03/30/2006 21:35	52.0	76.9	54.0	72.0	53.0	70.8	49.0	79.2	52.0	64.3	260.0	72.6	5	100.0
03/30/2006 21:40	48.0	78.4	50.0	72.9	46.0	69.2	43.0	79.2	43.0	65.0	230.0	73.0	5	100.0
03/30/2006 21:45	47.0	79.0	58.0	75.3	54.0	71.9	48.0	79.2	42.0	66.0	249.0	74.4	5	100.0
03/30/2006 21:50	43.0	78.4	56.0	75.7	47.0	73.4	47.0	79.2	45.0	64.7	238.0	74.3	5	100.0
03/30/2006 21:55	39.0	80.2	48.0	76.1	48.0	75.0	43.0	79.2	42.0	66.3	220.0	75.3	5	100.0
03/30/2006 22:00	25.0	80.4	25.0	76.9	34.0	80.7	24.0	79.2	26.0	64.5	134.0	76.5	5	100.0
03/30/2006 22:05	45.0	79.1	53.0	77.7	46.0	76.1	44.0	79.2	43.0	66.8	231.0	75.9	5	100.0
03/30/2006 22:10	31.0	81.7	40.0	75.9	41.0	75.5	46.0	79.2	39.0	64.7	197.0	75.3	5	100.0
03/30/2006 22:15	37.0	84.4	52.0	77.6	38.0	76.1	42.0	79.2	35.0	65.2	204.0	76.8	5	100.0
03/30/2006 22:20	33.0	81.3	47.0	78.1	45.0	76.1	35.0	79.2	49.0	66.5	209.0	75.6	5	100.0
03/30/2006 22:25	34.0	80.0	42.0	77.9	37.0	73.5	45.0	79.2	36.0	67.0	194.0	75.7	5	100.0
03/30/2006 22:30	33.0	79.9	37.0	77.3	43.0	76.6	43.0	79.2	33.0	72.2	189.0	77.1	5	100.0
03/30/2006 22:35	29.0	81.5	45.0	79.6	35.0	80.9	40.0	79.2	31.0	71.1	180.0	78.6	5	100.0
03/30/2006 22:40	20.0	80.3	39.0	81.0	37.0	80.6	35.0	79.2	33.0	72.7	164.0	78.8	5	100.0
03/30/2006 22:45	22.0	79.5	35.0	81.6	39.0	81.1	36.0	79.2	35.0	72.9	167.0	78.9	5	100.0
03/30/2006 22:50	23.0	81.0	37.0	81.5	41.0	82.0	32.0	79.2	34.0	74.0	167.0	79.6	5	100.0
03/30/2006 22:55	25.0	80.8	39.0	82.0	36.0	82.0	35.0	79.2	32.0	74.5	167.0	79.8	5	100.0
03/30/2006 23:00	22.0	75.7	34.0	77.0	34.0	75.8	28.0	76.7	31.0	66.1	149.0	74.2	5	100.0
03/30/2006 23:05	29.0	76.8	40.0	75.8	32.0	71.3	36.0	73.3	32.0	59.1	169.0	71.4	5	100.0
03/30/2006 23:10	21.0	72.7	33.0	72.1	24.0	68.9	31.0	73.5	31.0	65.4	140.0	70.5	5	100.0
03/30/2006 23:15	17.0	75.0	33.0	75.1	30.0	66.4	28.0	79.2	24.0	62.8	132.0	71.7	5	100.0
03/30/2006 23:20	17.0	75.6	24.0	76.9	29.0	70.8	28.0	79.2	26.0	68.5	124.0	74.1	5	100.0
03/30/2006 23:25	20.0	74.7	31.0	74.5	31.0	72.1	26.0	77.6	22.0	67.2	130.0	73.3	5	100.0
03/30/2006 23:30	17.0	73.4	28.0	76.9	23.0	68.1	25.0	77.0	19.0	60.7	112.0	71.8	5	100.0
03/30/2006 23:35	17.0	71.9	38.0	73.9	37.0	69.1	28.0	79.2	26.0	55.1	146.0	70.1	5	100.0
03/30/2006 23:40	18.0	73.5	36.0	74.2	28.0	69.4	29.0	74.1	24.0	53.3	135.0	69.4	5	100.0
03/30/2006 23:45	16.0	72.8	24.0	74.0	24.0	71.3	16.0	73.2	19.0	57.5	99.0	69.9	5	100.0
03/30/2006 23:50	11.0	74.2	31.0	74.8	24.0	73.1	23.0	77.5	18.0	56.8	107.0	71.9	5	100.0
03/30/2006 23:55	12.0	76.0	27.0	76.8	23.0	68.6	23.0	75.5	21.0	62.4	106.0	71.8	5	100.0
03/31/2006 00:00	10.0	76.5	26.0	74.0	24.0	72.0	24.0	69.2	17.0	64.5	101.0	71.0	5	100.0
03/31/2006 00:05	10.0	77.0	26.0	75.9	24.0	75.0	25.0	77.8	20.0	66.8	105.0	74.5	5	100.0
03/31/2006 00:10	16.0	75.9	28.0	75.6	26.0	73.9	24.0	71.1	18.0	69.4	112.0	73.3	5	100.0
03/31/2006 00:15	11.0	76.5	27.0	76.1	22.0	73.4	24.0	75.5	19.0	70.1	103.0	74.3	5	100.0
03/31/2006 00:20	14.0	76.2	21.0	76.4	20.0	76.0	18.0	71.1	15.0	62.2	88.0	72.8	5	100.0
03/31/2006 00:25	8.0	76.1	23.0	73.8	25.0	74.0	22.0	67.1	20.0	64.9	98.0	70.7	5	100.0
03/31/2006 00:30	8.0	76.4	21.0	75.9	21.0	73.9	17.0	67.8	18.0	63.6	85.0	71.2	5	100.0
03/31/2006 00:35	10.0	76.7	19.0	75.8	19.0	73.8	19.0	65.6	16.0	67.0	83.0	71.4	5	100.0
03/31/2006 00:40	10.0	77.1	15.0	75.9	23.0	70.4	17.0	67.1	17.0	62.5	82.0	69.9	5	100.0
03/31/2006 00:45	12.0	77.5	18.0	77.1	13.0	71.3	12.0	68.3	6.0	63.6	61.0	72.9	5	100.0
03/31/2006 00:50	10.0	77.5	18.0	74.8	16.0	73.7	9.0	68.2	9.0	65.4	62.0	72.6	5	100.0
03/31/2006 00:55	2.0	77.2	12.0	74.9	13.0	73.0	12.0	53.5	13.0	67.9	52.0	67.8	5	100.0
03/31/2006 01:00	2.0	76.9	14.0	73.8	8.0	72.7	15.0	64.7	11.0	65.1	50.0	69.1	5	100.0
03/31/2006 01:05	5.0	76.4	13.0	73.7	13.0	73.3	11.0	65.3	12.0	66.7	54.0	70.6	5	100.0
03/31/2006 01:10	2.0	76.4	13.0	74.1	11.0	73.0	9.0	67.6	5.0	66.2	40.0	71.5	5	100.0
03/31/2006 01:15	3.0	76.5	15.0	74.0	16.0	74.2	12.0	62.5	13.0	66.1	59.0	70.1	5	100.0
03/31/2006 01:20	6.0	76.5	12.0	74.8	7.0	73.1	8.0	63.2	7.0	64.0	40.0	70.5	5	100.0
03/31/2006 01:25	2.0	76.5	10.0	74.7	11.0	73.8	11.0	60.8	11.0	64.4	45.0	68.6	5	100.0
03/31/2006 01:30	7.0	76.4	11.0	74.8	11.0	72.2	8.0	65.4	6.0	63.4	43.0	71.1	5	100.0
03/31/2006 01:35	1.0	76.5	11.0	74.1	10.0	72.9	10.0	67.2	9.0	65.3	41.0	70.3	5	100.0
03/31/2006 01:40	2.0	76.5	13.0	74.7	5.0	72.2	10.0	62.4	3.0	65.5	33.0	69.9	5	100.0
03/31/2006 01:45	3.0	75.9	10.0	74.7	10.0	70.9	6.0	65.4	8.0	63.2	37.0	69.8	5	100.0
03/31/2006 01:50	10.0	74.7	10.0	74.0	11.0	71.4	13.0	66.2	11.0	64.8	55.0	69.9	5	100.0
03/31/2006 01:55	1.0	75.6	8.0	74.2	7.0	72.3	9.0	66.1	11.0	63.7	36.0	68.6	5	100.0
03/31/2006 02:00	3.0	76.1	14.0	73.2	8.0	71.7	13.0	59.0	10.0	65.5	48.0	67.7	5	100.0
03/31/2006 02:05	7.0	75.4	9.0	74.0	12.0	71.6	13.0	63.8	10.0	65.3	51.0	69.3	5	100.0
03/31/2006 02:10	9.0	76.0	12.0	72.5	12.0	68.2	9.0	66.5	7.0	64.8	49.0	69.9	5	100.0
03/31/2006 02:15	4.0	76.3	9.0	73.0	16.0	72.4	14.0	70.9	10.0	60.7	53.0	70.2	5	100.0
03/31/2006 02:20	2.0	76.4	6.0	73.2	7.0	71.6	5.0	69.2	5.0	62.9	25.0	70.1	5	100.0
03/31/2006 02:25	3.0	76.5	14.0	74.1	12.0	72.8	8.0	69.2	9.0	64.1	46.0	71.1	5	100.0
03/31/2006 02:30	3.0	76.5	8.0	74.1	7.0	71.0	10.0	69.2	9.0	65.8	37.0	70.4	5	100.0
03/31/2006 02:35	3.0	76.5	8.0	73.5	10.0	72.1	13.0	68.9	11.0	65.9	45.0	70.2	5	100.0
03/31/2006 02:40	5.0	76.5	10.0	73.2	7.0	72.4	9.0	69.6	8.0	67.1	39.0	71.4	5	100.0
03/31/2006 02:45	2.0	76.5	6.0	73.9	6.0	72.7	12.0	72.0	16.0	71.3	42.0	72.3	5	100.0
03/31/2006 02:50	0.0	76.5	4.0	74.1	5.0	71.2	9.0	65.7	10.0	70.5	28.0	69.6	5	100.0
03/31/2006 02:55	3.0	76.5	4.0	74.4	10.0	67.0	4.0	66.7	10.0	69.0	31.0	69.5	5	100.0
03/31/2006 03:00	1.0	76.5	7.0	74.3	8.0	70.3	11.0	71.4	9.0	64.9	36.0	70.2	5	100.0
03/31/2006 03:05	1.0	76.5	6.0	74.2	8.0	70.3	11.0	66.0	10.0	65.6	36.0	68.5	5	100.0
03/31/2006 03:10	1.0	76.5	8.0	74.5	10.0	70.6	8.0	70.4	11.0	67.4	38.0	70.6	5	100.0
03/31/2006 03:15	2.0	75.9	8.0	73.7	7.0	71.7	14.0	74.1	6.0	66.9	37.0	72.5	5	100.0
03/31/2006 03:20	0.0	75.9	20.0	76.0	10.0	73.3	0.0	74.1	10.0	68.4	40.0	73.4	5	100.0
03/31/2006 03:25	0.0	75.9	10.0	75.3	12.0	72.6	8.0	73.2	8.0	65.1	38.0	71.9	5	100.0
03/31/2006 03:30	3.0	76.2	7.0	75.0	5.0	71.9	5.0	68.5	5.0	65.3	25.0	71.3	5	100.0
03/31/2006 03:35	3.0	76.4	7.0	74.0	8.0	73.1	7.0	69.7	9.0	61.7	34.0	69.9	5	100.0
03/31/2006 03:40	6.0	76.5	7.0	74.1	10.0	72.0	7.0	62.5	8.0	63.5	38.0	69.6	5	100.0
03/31/2006 03:45	0.0	76.5	5.0	74.3	10.0	72.3	10.0	65.6	8.0	65.2	33.0	68.9	5	100.0
03/31/2006 03:50	0.0	76.5	7.0	74.5	9.0	71.5	14.0	63.7	7.0	64.5	37.0	67.8	5	100.0
03/31/2006 03:55	5.0	76.5	9.0	73.4	2.0	72.1	9.0	66.9	9.0	56.6	34.0	67.6	5	100.0
03/31/2006 04:00	9.0	76.5	10.0	73.3	4.0	72.9	6.0	69.5	11.0	52.6	40.0	67.7	5	100.0
03/31/2006 04:05	2.0	76.5	6.0	73.7	12.0	72.1	9.0	69.7	8.0	60.3	37.0	69.5	5	100.0
03/31/2006 04:10	0.0	76.5	9.0	74.1	10.0	66.9	11.0	73.6	9.0	60.0	39.0	68.9	5	100.0
03/31/2006 04:15	0.0	76.5	6.0	74.1	10.0	66.1	13.0	70.0	9.0	63.4	38.0	68.1	5	100.0
03/31/2006 04:20	0.0	76.5	7.0	74.4	8.0	67.2	11.0	70.3	9.0	61.6	35.0	68.2	5	100.0
03/31/2006 04:25	1.0	76.5	10.0	74.5	10.0	69.0	9.0	62.1	11.0	63.4	41.0	67.5	5	100.0
03/31/2006 04:30	1.0	76.5	7.0	74.6	10.0	68.6	8.0	65.1	11.0	54.2	37.0	64.9	5	100.0
03/31/2006 04:35	0.0	76.5	7.0	74.1	7.0	70.5	15.0	71.0	11.0	54.1	40.0	66.8	5	100.0
03/31/2006 04:40	0.0	76.5	8.0	74.2	9.0	66.4	12.0	58.1	15.0	60.5	44.0	63.5	5	100.0
03/31/2006 04:45	0.0	76.5	12.0	74.2	12.0	64.0	14.0	65.5	13.0	64.6	51.0	67.0	5	100.0
03/31/2006 04:50	9.0	76.5	12.0	73.8	16.0	67.8	13.0	69.5	11.0	61.7	61.0	69.5	5	100.0
03/31/2006 04:55	10.0	76.5	9.0	73.8	9.0	70.7	16.0	75.0	14.0	60.5	58.0	70.9	5	100.0
03/31/2006 05:00	2.0	76.6	9.0	74.2	13.0	72.7	11.0	66.0	14.0	59.9	49.0	68.0	5	100.0
03/31/2006 05:05	1.0	76.6	10.0	73.8	15.0	73.7	17.0	68.8	12.0	52.1	55.0	67.5	5	100.0
03/31/2006 05:10	0.0	76.6	12.0	74.1	17.0	73.2	16.0	75.4	18.0	57.4	63.0	69.4	5	100.0
03/31/2006 05:15	6.0	76.1	14.0	73.5	19.0	72.6	18.0	67.3	16.0	63.5	73.0	69.8	5	100.0
03/31/2006 05:20	6.0	75.9	16.0	73.4	22.0	75.2	17.0	68.6	19.0	58.5	80.0	69.5	5	100.0
03/31/2006 05:25	10.0	76.5	21.0	75.4	19.0	71.1	19.0	79.2	20.0	67.9	89.0	73.7	5	100.0
03/31/2006 05:30	1.0	76.6	22.0	71.9	22.0	77.0	26.0	79.2	17.0	63.6	88.0	73.8	5	100.0
03/31/2006 05:35	3.0	76.3	14.0	73.8	32.0	81.0	27.0	74.8	9.0	64.7	85.0	76.0	5	100.0
03/31/2006 05:40	8.0	76.6	28.0	73.0	27.0	82.0	28.0	79.0	19.0	68.8	110.0	76.3	5	100.0
03/31/2006 05:45	8.0	76.8	31.0	74.9	25.0	73.9	23.0	79.2	24.0	65.6	111.0	73.7	5	100.0
03/31/2006 05:50	3.0	76.8	41.0	74.3	32.0	75.1	27.0	75.7	31.0	69.3	134.0	73.7	5	100.0
03/31/2006 05:55	4.0	76.8	32.0	77.5	30.0	77.7	31.0	78.7	26.0	65.9	123.0	75.4	5	100.0
03/31/2006 06:00	11.0	77.6	37.0	74.4	27.0	75.6	24.0	62.9	32.0	62.1	131.0	69.8	5	100.0
03/31/2006 06:05	9.0	76.8	34.0	74.8	33.0	74.1	27.0	60.4	27.0	54.5	130.0	67.6	5	100.0
03/31/2006 06:10	2.0	76.9	42.0	72.5	36.0	73.2	28.0	53.2	30.0	58.8	138.0	65.9	5	100.0
03/31/2006 06:15	7.0	77.2	50.0	70.3	44.0	68.9	41.0	57.2	27.0	53.6	169.0	64.4	5	100.0
03/31/2006 06:20	6.0	76.1	44.0	69.9	43.0	71.8	40.0	59.3	36.0	63.9	169.0	66.8	5	100.0
03/31/2006 06:25	6.0	76.6	55.0	69.2	38.0	68.4	37.0	55.6	39.0	62.0	175.0	64.8	5	100.0
03/31/2006 06:30	8.0	76.6	52.0	68.9	39.0	66.6	47.0	59.2	40.0	60.6	186.0	64.5	5	100.0
03/31/2006 06:35	8.0	77.2	51.0	66.2	43.0	67.5	47.0	61.3	43.0	61.7	192.0	64.7	5	100.0
03/31/2006 06:40	6.0	77.0	58.0	66.9	50.0	68.7	43.0	61.1	41.0	60.7	198.0	65.1	5	100.0
03/31/2006 06:45	7.0	77.0	56.0	66.5	50.0	68.0	52.0	62.6	42.0	64.6	207.0	65.9	5	100.0
03/31/2006 06:50	19.0	74.6	62.0	66.7	60.0	71.8	51.0	62.1	51.0	64.0	243.0	67.0	5	100.0
03/31/2006 06:55	10.0	75.0	64.0	65.9	51.0	73.3	44.0	55.5	41.0	59.7	210.0	64.7	5	100.0
03/31/2006 07:00	8.0	75.8	62.0	68.6	51.0	71.4	50.0	61.9	47.0	62.8	218.0	66.7	5	100.0
03/31/2006 07:05	10.0	77.1	61.0	68.5	49.0	71.2	52.0	67.4	44.0	64.8	216.0	68.5	5	100.0
03/31/2006 07:10	14.0	73.3	70.0	68.3	52.0	69.1	55.0	62.3	59.0	64.7	250.0	66.6	5	100.0
03/31/2006 07:15	12.0	73.6	83.0	66.1	66.0	66.9	61.0	59.8	59.0	63.7	281.0	64.7	5	100.0
03/31/2006 07:20	11.0	76.1	74.0	65.8	68.0	70.9	60.0	60.8	56.0	61.6	269.0	65.5	5	100.0
03/31/2006 07:25	18.0	76.9	84.0	64.7	66.0	68.0	60.0	58.3	58.0	62.2	286.0	64.4	5	100.0
03/31/2006 07:30	10.0	77.6	90.0	64.2	61.0	65.5	62.0	56.0	67.0	63.0	290.0	62.9	5	100.0
03/31/2006 07:35	16.0	77.6	73.0	62.0	59.0	63.8	56.0	56.1	61.0	60.5	265.0	61.8	5	100.0
03/31/2006 07:40	14.0	78.2	75.0	63.5	66.0	65.4	55.0	55.2	70.0	61.1	280.0	62.5	5	100.0
03/31/2006 07:45	15.0	79.1	93.0	63.2	72.0	62.4	62.0	54.9	72.0	58.7	314.0	61.1	5	100.0
03/31/2006 07:50	16.0	78.5	83.0	61.7	66.0	59.8	63.0	57.5	71.0	60.7	299.0	61.1	5	100.0
03/31/2006 07:55	19.0	79.1	77.0	63.9	59.0	65.1	72.0	63.1	66.0	59.0	293.0	63.8	5	100.0
03/31/2006 08:00	13.0	79.2	82.0	63.2	68.0	64.5	63.0	62.1	76.0	61.2	302.0	63.4	5	100.0
03/31/2006 08:05	18.0	76.6	82.0	62.6	68.0	66.1	69.0	60.1	77.0	62.3	314.0	63.5	5	100.0
03/31/2006 08:10	11.0	76.5	81.0	62.2	66.0	65.4	67.0	60.2	67.0	61.4	292.0	62.8	5	100.0
03/31/2006 08:15	15.0	76.6	81.0	63.4	69.0	65.6	65.0	60.8	75.0	62.7	305.0	63.8	5	100.0
03/31/2006 08:20	18.0	75.3	80.0	63.6	64.0	66.4	55.0	56.8	69.0	60.4	286.0	62.9	5	100.0
03/31/2006 08:25	18.0	74.6	81.0	63.5	67.0	66.9	55.0	56.5	77.0	60.7	298.0	62.9	5	100.0
03/31/2006 08:30	11.0	74.8	87.0	61.6	68.0	62.3	66.0	56.8	75.0	61.0	307.0	61.0	5	100.0
03/31/2006 08:35	11.0	76.5	93.0	62.0	68.0	60.0	77.0	59.6	82.0	59.4	331.0	60.9	5	100.0
03/31/2006 08:40	18.0	75.2	86.0	61.2	69.0	59.5	66.0	56.4	73.0	57.8	312.0	59.8	5	100.0
03/31/2006 08:45	15.0	75.3	79.0	59.5	61.0	56.0	62.0	52.6	78.0	56.4	295.0	57.3	5	100.0
03/31/2006 08:50	13.0	76.1	85.0	59.1	66.0	58.2	70.0	54.7	77.0	57.4	311.0	58.2	5	100.0
03/31/2006 08:55	17.0	78.2	83.0	60.7	62.0	56.0	68.0	55.7	73.0	60.4	303.0	59.5	5	100.0
03/31/2006 09:00	12.0	78.2	76.0	63.6	61.0	60.3	57.0	57.3	71.0	60.5	277.0	61.4	5	100.0
03/31/2006 09:05	22.0	76.4	75.0	64.0	57.0	60.4	57.0	56.8	60.0	60.4	271.0	61.9	5	100.0
03/31/2006 09:10	15.0	77.1	82.0	63.5	59.0	61.5	57.0	55.8	66.0	60.3	279.0	61.5	5	100.0
03/31/2006 09:15	18.0	77.8	82.0	62.2	54.0	60.2	60.0	53.9	77.0	58.6	291.0	60.1	5	100.0
03/31/2006 09:20	13.0	77.8	65.0	62.7	61.0	63.4	57.0	54.6	66.0	61.0	262.0	61.4	5	100.0
03/31/2006 09:25	16.0	75.8	91.0	61.6	56.0	57.4	69.0	55.5	69.0	57.8	301.0	59.3	5	100.0
03/31/2006 09:30	18.0	78.9	80.0	62.4	56.0	57.1	63.0	55.2	67.0	60.8	284.0	60.4	5	100.0
03/31/2006 09:35	18.0	79.9	82.0	62.5	63.0	55.9	64.0	55.1	71.0	62.2	298.0	60.5	5	100.0
03/31/2006 09:40	18.0	79.9	92.0	61.0	66.0	54.8	61.0	54.8	74.0	61.3	311.0	59.6	5	100.0
03/31/2006 09:45	17.0	80.1	75.0	61.5	63.0	61.1	55.0	53.4	79.0	62.0	289.0	61.1	5	100.0
03/31/2006 09:50	19.0	78.9	81.0	63.0	69.0	62.9	55.0	50.2	73.0	60.8	297.0	61.1	5	100.0
03/31/2006 09:55	33.0	79.8	84.0	62.7	59.0	60.6	68.0	54.1	78.0	58.7	322.0	61.3	5	100.0
03/31/2006 10:00	43.0	73.9	70.0	64.0	52.0	62.3	55.0	53.7	71.0	57.5	291.0	61.6	5	100.0
03/31/2006 10:05	53.0	72.2	68.0	65.4	61.0	62.3	51.0	50.6	76.0	58.2	309.0	61.7	5	100.0
03/31/2006 10:10	43.0	69.5	68.0	63.4	58.0	59.3	62.0	53.0	61.0	57.6	292.0	60.1	5	100.0
03/31/2006 10:15	46.0	66.9	65.0	64.0	58.0	60.4	64.0	55.6	65.0	59.4	298.0	60.9	5	100.0
03/31/2006 10:20	48.0	67.0	55.0	63.6	58.0	62.8	64.0	56.2	65.0	61.2	290.0	61.8	5	100.0
03/31/2006 10:25	61.0	67.1	71.0	65.6	58.0	64.0	59.0	58.0	61.0	61.5	310.0	63.3	5	100.0
03/31/2006 10:30	52.0	66.0	71.0	65.5	62.0	61.3	57.0	53.7	74.0	57.9	316.0	60.9	5	100.0
03/31/2006 10:35	52.0	64.1	68.0	63.1	71.0	62.9	61.0	56.9	70.0	56.7	322.0	60.7	5	100.0
03/31/2006 10:40	52.0	64.1	73.0	63.5	68.0	64.5	70.0	55.1	73.0	57.7	336.0	60.8	5	100.0
03/31/2006 10:45	48.0	65.6	65.0	62.7	60.0	66.3	67.0	59.0	74.0	60.5	314.0	62.5	5	100.0
03/31/2006 10:50	52.0	65.3	63.0	63.8	64.0	63.2	66.0	55.7	73.0	57.8	318.0	60.9	5	100.0
03/31/2006 10:55	48.0	65.6	67.0	63.4	64.0	60.7	66.0	56.9	71.0	60.5	316.0	61.2	5	100.0
03/31/2006 11:00	53.0	64.5	71.0	63.1	68.0	61.0	63.0	55.3	80.0	60.8	335.0	60.9	5	100.0
03/31/2006 11:05	55.0	62.5	60.0	63.9	56.0	61.3	61.0	54.7	70.0	61.5	302.0	60.7	5	100.0
03/31/2006 11:10	59.0	65.1	71.0	64.3	58.0	59.0	64.0	54.7	70.0	60.9	322.0	60.8	5	100.0
03/31/2006 11:15	52.0	66.0	66.0	65.3	64.0	65.1	62.0	56.0	76.0	59.9	320.0	62.3	5	100.0
03/31/2006 11:20	63.0	65.6	68.0	64.0	67.0	64.5	64.0	53.8	80.0	60.8	342.0	61.7	5	100.0
03/31/2006 11:25	56.0	64.9	72.0	64.5	66.0	63.5	67.0	55.5	78.0	59.8	339.0	61.5	5	100.0
03/31/2006 11:30	67.0	63.3	78.0	62.8	68.0	58.2	71.0	55.3	75.0	61.2	359.0	60.2	5	100.0
03/31/2006 11:35	63.0	65.5	70.0	63.7	60.0	60.9	67.0	57.8	77.0	60.5	337.0	61.6	5	100.0
03/31/2006 11:40	67.0	65.4	79.0	63.9	70.0	60.1	64.0	54.3	80.0	58.5	360.0	60.5	5	100.0
03/31/2006 11:45	66.0	63.4	73.0	63.3	67.0	59.6	70.0	55.7	82.0	57.6	358.0	59.8	5	100.0
03/31/2006 11:50	61.0	63.6	69.0	63.1	71.0	64.6	64.0	55.8	84.0	59.6	349.0	61.3	5	100.0
03/31/2006 11:55	63.0	62.1	74.0	61.9	61.0	59.6	62.0	55.2	83.0	59.5	343.0	59.7	5	100.0
03/31/2006 12:00	71.0	61.1	70.0	58.6	65.0	56.6	63.0	55.7	75.0	57.3	344.0	57.9	5	100.0
03/31/2006 12:05	54.0	61.1	64.0	60.1	57.0	55.7	63.0	55.8	75.0	57.7	313.0	58.0	5	100.0
03/31/2006 12:10	66.0	59.6	75.0	57.9	57.0	56.2	66.0	55.0	68.0	54.9	332.0	56.8	5	100.0
03/31/2006 12:15	74.0	54.2	69.0	53.4	59.0	50.0	67.0	51.4	74.0	50.6	343.0	52.0	5	100.0
03/31/2006 12:20	68.0	49.7	65.0	46.7	54.0	43.9	58.0	46.9	69.0	41.9	314.0	45.9	5	100.0
03/31/2006 12:25	72.0	41.3	66.0	40.4	54.0	37.7	53.0	40.1	64.0	35.0	309.0	39.0	5	100.0
03/31/2006 12:30	67.0	39.2	66.0	38.7	56.0	37.6	58.0	38.6	65.0	38.2	312.0	38.5	5	100.0
03/31/2006 12:35	70.0	35.2	65.0	36.2	55.0	35.9	55.0	36.3	57.0	36.6	302.0	36.0	5	100.0
03/31/2006 12:40	69.0	33.7	57.0	35.0	51.0	34.1	56.0	36.0	61.0	34.7	294.0	34.7	5	100.0
03/31/2006 12:45	65.0	29.4	63.0	31.1	49.0	29.8	54.0	35.2	59.0	31.7	290.0	31.4	5	100.0
03/31/2006 12:50	71.0	28.4	60.0	30.7	49.0	28.8	53.0	33.9	63.0	31.0	296.0	30.5	5	100.0
03/31/2006 12:55	67.0	30.7	61.0	31.0	58.0	32.3	54.0	33.6	60.0	31.9	300.0	31.8	5	100.0
03/31/2006 13:00	70.0	31.9	62.0	32.4	52.0	34.3	61.0	35.9	60.0	34.6	305.0	33.7	5	100.0
03/31/2006 13:05	71.0	32.7	61.0	32.7	62.0	33.3	54.0	36.6	61.0	36.6	309.0	34.3	5	100.0
03/31/2006 13:10	68.0	32.8	69.0	32.3	50.0	32.7	56.0	36.3	64.0	36.7	307.0	34.1	5	100.0
03/31/2006 13:15	68.0	33.0	67.0	32.8	55.0	35.1	62.0	40.8	60.0	39.1	312.0	36.1	5	100.0
03/31/2006 13:20	72.0	31.5	65.0	32.9	56.0	33.1	58.0	39.5	55.0	37.3	306.0	34.6	5	100.0
03/31/2006 13:25	67.0	30.1	64.0	32.4	58.0	32.4	54.0	36.1	65.0	37.3	308.0	33.6	5	100.0
03/31/2006 13:30	66.0	31.8	56.0	32.4	46.0	32.1	60.0	38.5	53.0	38.6	281.0	34.7	5	100.0
03/31/2006 13:35	52.0	31.9	44.0	32.7	36.0	33.5	60.0	39.4	45.0	39.3	237.0	35.6	5	100.0
03/31/2006 13:40	70.0	34.6	64.0	35.9	56.0	34.8	58.0	39.1	66.0	38.8	314.0	36.6	5	100.0
03/31/2006 13:45	69.0	35.9	61.0	35.8	55.0	34.6	61.0	41.2	66.0	41.3	312.0	37.8	5	100.0
03/31/2006 13:50	70.0	32.4	67.0	34.0	51.0	32.4	68.0	41.2	60.0	40.0	316.0	36.1	5	100.0
03/31/2006 13:55	71.0	33.3	61.0	33.8	51.0	31.3	65.0	42.8	60.0	40.6	308.0	36.5	5	100.0
03/31/2006 14:00	76.0	35.0	68.0	34.6	51.0	31.5	62.0	41.2	64.0	39.7	321.0	36.5	5	100.0
03/31/2006 14:05	71.0	36.1	64.0	36.7	59.0	33.7	54.0	42.0	64.0	39.7	312.0	37.5	5	100.0
03/31/2006 14:10	65.0	36.6	66.0	37.4	56.0	34.5	54.0	39.8	65.0	41.8	306.0	38.1	5	100.0
03/31/2006 14:15	70.0	34.7	66.0	35.5	51.0	33.8	61.0	39.7	63.0	39.3	311.0	36.6	5	100.0
03/31/2006 14:20	73.0	35.6	65.0	36.2	63.0	36.8	55.0	37.2	65.0	39.8	321.0	37.1	5	100.0
03/31/2006 14:25	72.0	35.2	69.0	35.7	53.0	35.6	60.0	40.0	61.0	39.8	315.0	37.2	5	100.0
03/31/2006 14:30	75.0	34.0	68.0	33.5	58.0	34.8	65.0	38.9	62.0	40.5	328.0	36.2	5	100.0
03/31/2006 14:35	69.0	34.4	68.0	34.0	51.0	33.9	55.0	38.1	60.0	40.5	303.0	36.1	5	100.0
03/31/2006 14:40	75.0	35.5	67.0	35.0	55.0	35.5	61.0	40.7	59.0	41.3	317.0	37.5	5	100.0
03/31/2006 14:45	72.0	35.7	66.0	36.2	51.0	35.3	56.0	41.5	57.0	41.9	302.0	38.0	5	100.0
03/31/2006 14:50	49.0	33.5	45.0	34.7	43.0	36.0	42.0	42.0	44.0	42.2	223.0	37.5	5	100.0
03/31/2006 14:55	65.0	33.5	68.0	33.9	57.0	35.3	57.0	40.6	59.0	41.9	306.0	36.9	5	100.0
03/31/2006 15:00	61.0	33.5	75.0	33.3	52.0	32.3	61.0	38.6	61.0	39.7	310.0	35.5	5	100.0
03/31/2006 15:05	60.0	34.8	70.0	36.1	55.0	36.3	60.0	41.6	58.0	42.5	303.0	38.2	5	100.0
03/31/2006 15:10	59.0	35.8	65.0	35.0	52.0	38.4	56.0	42.6	57.0	42.7	289.0	38.8	5	100.0
03/31/2006 15:15	56.0	34.4	66.0	32.7	52.0	35.9	64.0	42.1	58.0	39.7	296.0	37.0	5	100.0
03/31/2006 15:20	54.0	32.3	62.0	28.0	57.0	33.3	57.0	38.5	57.0	36.4	287.0	33.6	5	100.0
03/31/2006 15:25	59.0	33.5	64.0	29.1	60.0	34.1	59.0	37.2	60.0	36.7	302.0	34.0	5	100.0
03/31/2006 15:30	59.0	33.2	67.0	29.7	55.0	33.7	59.0	37.0	59.0	39.0	299.0	34.4	5	100.0
03/31/2006 15:35	60.0	34.9	65.0	32.4	59.0	36.6	63.0	40.4	56.0	40.6	303.0	36.9	5	100.0
03/31/2006 15:40	55.0	35.9	66.0	33.8	59.0	37.7	57.0	42.1	59.0	40.7	296.0	37.9	5	100.0
03/31/2006 15:45	57.0	35.6	70.0	32.9	59.0	38.2	62.0	41.9	67.0	41.2	315.0	37.9	5	100.0
03/31/2006 15:50	60.0	34.4	70.0	30.5	58.0	34.8	63.0	39.3	62.0	37.4	313.0	35.2	5	100.0
03/31/2006 15:55	58.0	32.0	59.0	24.3	52.0	28.4	56.0	32.9	61.0	30.7	286.0	29.7	5	100.0
03/31/2006 16:00	56.0	28.0	55.0	21.4	52.0	25.8	56.0	27.1	58.0	27.0	277.0	25.9	5	100.0
03/31/2006 16:05	53.0	25.7	54.0	20.3	55.0	24.8	57.0	28.1	57.0	26.8	276.0	25.2	5	100.0
03/31/2006 16:10	62.0	28.1	67.0	25.8	57.0	29.1	59.0	34.0	64.0	33.1	309.0	29.9	5	100.0
03/31/2006 16:15	55.0	29.9	65.0	26.3	59.0	32.5	59.0	34.9	60.0	36.9	298.0	32.0	5	100.0
03/31/2006 16:20	51.0	31.0	64.0	24.1	58.0	31.4	61.0	33.3	57.0	34.8	291.0	30.8	5	100.0
03/31/2006 16:25	56.0	27.2	50.0	18.7	53.0	26.9	53.0	26.8	59.0	27.6	271.0	25.6	5	100.0
03/31/2006 16:30	59.0	28.6	62.0	18.8	52.0	23.5	59.0	26.0	59.0	26.1	291.0	24.6	5	100.0
03/31/2006 16:35	56.0	28.7	64.0	19.1	55.0	22.1	59.0	26.6	63.0	28.4	297.0	24.9	5	100.0
03/31/2006 16:40	59.0	26.0	59.0	17.8	56.0	22.5	57.0	26.1	59.0	27.8	290.0	24.0	5	100.0
03/31/2006 16:45	61.0	22.9	59.0	19.3	50.0	22.2	58.0	27.0	59.0	26.6	287.0	23.6	5	100.0
03/31/2006 16:50	61.0	27.5	66.0	22.9	53.0	25.4	61.0	31.4	62.0	30.5	303.0	27.5	5	100.0
03/31/2006 16:55	61.0	29.2	58.0	22.0	52.0	25.0	63.0	32.2	63.0	31.7	297.0	28.2	5	100.0
03/31/2006 17:00	66.0	27.3	65.0	21.4	53.0	25.3	64.0	31.6	65.0	32.6	313.0	27.7	5	100.0
03/31/2006 17:05	61.0	21.4	57.0	20.6	59.0	24.5	57.0	29.9	59.0	30.5	293.0	25.4	5	100.0
03/31/2006 17:10	55.0	19.1	54.0	18.8	53.0	22.1	65.0	27.7	57.0	27.2	284.0	23.2	5	100.0
03/31/2006 17:15	52.0	17.9	54.0	17.9	51.0	21.6	55.0	26.2	55.0	24.4	267.0	21.7	5	100.0
03/31/2006 17:20	58.0	17.7	59.0	18.4	47.0	22.3	58.0	26.8	58.0	25.0	280.0	22.0	5	100.0
03/31/2006 17:25	65.0	25.0	70.0	25.3	62.0	29.5	61.0	32.3	62.0	31.0	320.0	28.5	5	100.0
03/31/2006 17:30	62.0	29.5	70.0	28.7	65.0	33.9	64.0	35.7	64.0	33.1	325.0	32.1	5	100.0
03/31/2006 17:35	59.0	33.3	70.0	32.1	61.0	37.1	59.0	37.9	62.0	37.0	311.0	35.4	5	100.0
03/31/2006 17:40	64.0	33.7	70.0	33.7	68.0	38.6	66.0	38.5	62.0	37.9	330.0	36.5	5	100.0
03/31/2006 17:45	47.0	39.2	55.0	35.9	45.0	41.7	53.0	39.3	53.0	37.4	253.0	38.6	5	100.0
03/31/2006 17:50	66.0	33.8	70.0	33.4	67.0	39.7	61.0	38.5	62.0	38.6	326.0	36.7	5	100.0
03/31/2006 17:55	65.0	27.4	68.0	28.9	57.0	33.2	62.0	37.4	69.0	37.6	321.0	32.9	5	100.0
03/31/2006 18:00	67.0	32.9	72.0	32.1	64.0	36.7	67.0	39.4	65.0	39.2	335.0	36.0	5	100.0
03/31/2006 18:05	62.0	33.0	69.0	33.7	57.0	35.5	58.0	39.1	63.0	39.1	309.0	36.0	5	100.0
03/31/2006 18:10	57.0	34.7	75.0	35.0	65.0	37.1	72.0	41.2	66.0	39.4	335.0	37.6	5	100.0
03/31/2006 18:15	65.0	36.4	75.0	36.2	67.0	40.7	61.0	41.1	63.0	41.8	331.0	39.1	5	100.0
03/31/2006 18:20	63.0	37.6	71.0	35.6	62.0	39.2	59.0	39.5	69.0	41.6	324.0	38.7	5	100.0
03/31/2006 18:25	56.0	32.4	56.0	28.5	62.0	35.0	59.0	36.4	55.0	36.5	288.0	33.8	5	100.0
03/31/2006 18:30	55.0	34.8	72.0	30.1	63.0	36.9	62.0	39.1	60.0	37.6	312.0	35.5	5	100.0
03/31/2006 18:35	54.0	37.4	76.0	32.7	65.0	39.7	61.0	41.9	55.0	38.7	311.0	37.8	5	100.0
03/31/2006 18:40	51.0	42.2	49.0	33.8	49.0	43.0	43.0	44.0	43.0	42.4	235.0	41.0	5	100.0
03/31/2006 18:45	32.0	47.5	66.0	45.3	67.0	57.7	64.0	57.6	50.0	50.0	279.0	52.2	5	100.0
03/31/2006 18:50	36.0	56.0	63.0	52.6	60.0	63.6	57.0	62.1	59.0	57.3	275.0	58.4	5	100.0
03/31/2006 18:55	36.0	58.9	58.0	55.5	60.0	68.8	58.0	65.7	59.0	59.7	271.0	62.0	5	100.0
03/31/2006 19:00	62.0	57.1	65.0	56.8	67.0	65.6	59.0	62.5	62.0	57.4	315.0	59.9	5	100.0
03/31/2006 19:05	65.0	56.0	71.0	56.2	57.0	62.2	67.0	60.0	61.0	54.2	321.0	57.6	5	100.0
03/31/2006 19:10	70.0	55.4	72.0	56.8	68.0	65.0	70.0	60.3	58.0	54.4	338.0	58.5	5	100.0
03/31/2006 19:15	64.0	57.8	61.0	58.1	59.0	65.6	68.0	60.5	58.0	56.3	310.0	59.7	5	100.0
03/31/2006 19:20	57.0	55.7	59.0	59.4	59.0	66.9	60.0	62.1	59.0	56.5	294.0	60.2	5	100.0
03/31/2006 19:25	62.0	57.3	65.0	60.3	57.0	67.8	54.0	62.0	58.0	56.6	296.0	60.7	5	100.0
03/31/2006 19:30	60.0	57.5	68.0	60.9	62.0	67.1	61.0	64.0	60.0	58.1	311.0	61.5	5	100.0
03/31/2006 19:35	71.0	58.2	72.0	59.9	67.0	68.1	56.0	65.4	61.0	59.4	327.0	62.1	5	100.0
03/31/2006 19:40	64.0	57.0	67.0	61.8	59.0	68.9	56.0	68.0	59.0	60.4	305.0	63.0	5	100.0
03/31/2006 19:45	72.0	58.0	66.0	60.1	62.0	70.3	59.0	68.2	52.0	59.2	311.0	63.0	5	100.0
03/31/2006 19:50	69.0	56.5	76.0	59.3	65.0	70.3	53.0	66.1	56.0	60.9	319.0	62.3	5	100.0
03/31/2006 19:55	59.0	60.3	54.0	59.5	53.0	71.3	56.0	66.5	51.0	62.1	273.0	63.9	5	100.0
03/31/2006 20:00	71.0	59.9	66.0	59.9	62.0	71.5	62.0	64.7	49.0	61.9	310.0	63.5	5	100.0
03/31/2006 20:05	71.0	60.3	64.0	60.4	62.0	70.2	60.0	63.0	57.0	62.1	314.0	63.1	5	100.0
03/31/2006 20:10	74.0	58.8	68.0	60.3	56.0	70.3	62.0	65.0	60.0	61.2	320.0	62.8	5	100.0
03/31/2006 20:15	63.0	59.7	66.0	62.6	59.0	73.1	56.0	65.9	51.0	60.3	295.0	64.3	5	100.0
03/31/2006 20:20	62.0	53.4	60.0	56.1	60.0	67.8	61.0	59.4	51.0	58.0	294.0	58.9	5	100.0
03/31/2006 20:25	57.0	40.6	58.0	43.1	57.0	55.0	53.0	49.0	59.0	48.9	284.0	47.3	5	100.0
03/31/2006 20:30	59.0	30.5	58.0	33.3	51.0	40.2	48.0	36.7	53.0	37.5	269.0	35.4	5	100.0
03/31/2006 20:35	64.0	27.2	59.0	28.7	51.0	34.5	53.0	33.2	57.0	33.9	284.0	31.3	5	100.0
03/31/2006 20:40	63.0	24.9	53.0	26.8	49.0	29.3	45.0	30.8	50.0	31.9	260.0	28.5	5	100.0
03/31/2006 20:45	62.0	25.0	58.0	27.2	49.0	30.8	52.0	30.9	58.0	29.7	279.0	28.6	5	100.0
03/31/2006 20:50	57.0	28.8	57.0	29.8	54.0	34.5	54.0	33.7	57.0	34.0	279.0	32.1	5	100.0
03/31/2006 20:55	61.0	36.6	58.0	36.5	50.0	41.3	57.0	41.9	56.0	40.4	282.0	39.2	5	100.0
03/31/2006 21:00	50.0	55.5	57.0	53.9	43.0	54.4	43.0	53.6	40.0	53.9	233.0	54.3	5	100.0
03/31/2006 21:05	49.0	64.8	56.0	63.3	53.0	60.9	53.0	56.4	45.0	53.0	256.0	59.9	5	100.0
03/31/2006 21:10	46.0	68.2	49.0	63.8	45.0	63.1	53.0	61.8	52.0	56.0	245.0	62.4	5	100.0
03/31/2006 21:15	49.0	71.1	60.0	68.1	53.0	66.8	50.0	64.0	49.0	58.0	261.0	65.7	5	100.0
03/31/2006 21:20	47.0	72.7	49.0	71.0	49.0	70.3	48.0	64.6	52.0	58.5	245.0	67.3	5	100.0
03/31/2006 21:25	47.0	74.1	51.0	72.3	50.0	69.2	49.0	63.7	36.0	57.8	233.0	67.9	5	100.0
03/31/2006 21:30	46.0	74.6	57.0	73.1	51.0	70.6	46.0	68.8	52.0	61.1	252.0	69.6	5	100.0
03/31/2006 21:35	52.0	74.9	54.0	72.0	60.0	71.0	53.0	68.0	42.0	62.9	261.0	70.1	5	100.0
03/31/2006 21:40	43.0	75.5	57.0	72.1	52.0	70.9	43.0	65.4	39.0	63.8	234.0	69.8	5	100.0
03/31/2006 21:45	46.0	77.8	50.0	72.1	48.0	72.1	53.0	67.4	41.0	60.6	238.0	70.2	5	100.0
03/31/2006 21:50	44.0	76.6	55.0	72.6	44.0	72.6	46.0	61.6	45.0	63.1	234.0	69.4	5	100.0
03/31/2006 21:55	43.0	77.7	50.0	72.4	44.0	73.4	53.0	65.9	38.0	63.1	228.0	70.5	5	100.0
03/31/2006 22:00	29.0	78.7	40.0	72.9	29.0	70.7	46.0	68.0	31.0	66.1	175.0	71.0	5	100.0
03/31/2006 22:05	50.0	77.5	50.0	72.5	48.0	67.5	54.0	70.4	47.0	63.5	249.0	70.4	5	100.0
03/31/2006 22:10	54.0	76.5	55.0	72.8	59.0	71.0	50.0	67.0	48.0	61.4	266.0	70.0	5	100.0
03/31/2006 22:15	52.0	76.8	63.0	74.7	55.0	71.9	55.0	66.4	48.0	62.6	273.0	70.7	5	100.0
03/31/2006 22:20	46.0	78.2	48.0	75.2	47.0	74.3	46.0	67.8	43.0	61.8	230.0	71.6	5	100.0
03/31/2006 22:25	55.0	77.1	66.0	72.3	58.0	72.6	63.0	68.0	49.0	61.2	291.0	70.5	5	100.0
03/31/2006 22:30	58.0	74.3	65.0	71.0	58.0	69.6	53.0	63.5	53.0	58.5	287.0	67.7	5	100.0
03/31/2006 22:35	63.0	73.7	66.0	69.8	63.0	68.6	45.0	64.8	48.0	59.3	285.0	67.8	5	100.0
03/31/2006 22:40	52.0	71.4	57.0	66.9	55.0	67.9	56.0	64.2	53.0	59.9	273.0	66.0	5	100.0
03/31/2006 22:45	51.0	72.4	51.0	68.7	51.0	68.1	44.0	64.8	53.0	61.6	250.0	67.1	5	100.0
03/31/2006 22:50	40.0	73.7	43.0	70.0	48.0	72.6	46.0	68.2	44.0	58.5	221.0	68.6	5	100.0
03/31/2006 22:55	40.0	74.0	49.0	70.8	48.0	75.4	48.0	70.2	38.0	61.5	223.0	70.7	5	100.0
03/31/2006 23:00	35.0	76.2	51.0	72.3	45.0	72.3	42.0	73.8	39.0	65.2	212.0	71.9	5	100.0
03/31/2006 23:05	37.0	75.3	49.0	72.6	43.0	70.2	41.0	73.0	45.0	63.4	215.0	70.7	5	100.0
03/31/2006 23:10	36.0	78.0	42.0	73.8	43.0	67.2	37.0	71.2	37.0	62.3	195.0	70.4	5	100.0
03/31/2006 23:15	40.0	76.2	42.0	72.5	46.0	66.5	34.0	70.2	30.0	63.7	192.0	70.1	5	100.0
03/31/2006 23:20	28.0	78.5	39.0	73.1	37.0	69.2	34.0	69.1	34.0	64.6	172.0	70.7	5	100.0
03/31/2006 23:25	20.0	77.7	37.0	72.2	32.0	72.8	31.0	74.3	31.0	65.9	151.0	72.2	5	100.0
03/31/2006 23:30	24.0	76.5	38.0	71.2	33.0	69.0	35.0	77.7	32.0	61.2	162.0	71.0	5	100.0
03/31/2006 23:35	32.0	78.6	39.0	71.8	34.0	71.7	33.0	75.0	26.0	65.1	164.0	72.7	5	100.0
03/31/2006 23:40	22.0	78.2	39.0	75.8	28.0	72.7	29.0	71.9	26.0	67.0	144.0	73.2	5	100.0
03/31/2006 23:45	33.0	77.1	42.0	74.8	36.0	68.3	34.0	69.4	33.0	65.9	178.0	71.2	5	100.0
03/31/2006 23:50	26.0	79.3	33.0	75.1	39.0	71.3	32.0	72.6	29.0	68.7	159.0	73.2	5	100.0
03/31/2006 23:55	32.0	77.4	37.0	75.4	38.0	73.3	38.0	70.8	28.0	68.2	173.0	73.1	5	100.0
