5 Minutes	Lane 1 Flow (Veh/5 Minutes)	Lane 1 Speed (mph)	Lane 2 Flow (Veh/5 Minutes)	Lane 2 Speed (mph)	Lane 3 Flow (Veh/5 Minutes)	Lane 3 Speed (mph)	Lane 4 Flow (Veh/5 Minutes)	Lane 4 Speed (mph)	Lane 5 Flow (Veh/5 Minutes)	Lane 5 Speed (mph)	Flow (Veh/5 Minutes)	Speed (mph)	# Lane Points	% Observed
11/29/2006 00:00	7.0	76.5	11.0	74.0	11.0	72.0	11.0	69.2	10.0	64.5	50.0	71.0	5	100.0
11/29/2006 00:05	5.0	76.3	11.0	74.6	10.0	72.5	5.0	68.7	4.0	63.6	35.0	72.1	5	100.0
11/29/2006 00:10	7.0	76.6	15.0	73.8	15.0	74.4	12.0	68.1	7.0	63.8	56.0	71.8	5	100.0
11/29/2006 00:15	5.0	76.5	11.0	73.8	11.0	73.2	11.0	67.2	7.0	64.5	45.0	70.9	5	100.0
11/29/2006 00:20	8.0	76.6	13.0	73.3	11.0	70.4	9.0	67.6	10.0	64.6	51.0	70.5	5	100.0
11/29/2006 00:25	5.0	76.5	14.0	73.6	10.0	71.2	14.0	70.1	9.0	64.5	52.0	70.9	5	100.0
11/29/2006 00:30	5.0	76.3	15.0	72.9	13.0	71.0	11.0	69.8	8.0	64.8	52.0	70.8	5	100.0
11/29/2006 00:35	5.0	76.4	13.0	74.0	11.0	72.0	9.0	67.8	6.0	65.5	44.0	71.3	5	100.0
11/29/2006 00:40	5.0	76.4	11.0	73.0	12.0	72.6	9.0	68.2	9.0	63.5	46.0	70.5	5	100.0
11/29/2006 00:45	1.0	76.8	6.0	73.4	5.0	72.9	7.0	65.6	6.0	63.4	25.0	68.9	5	100.0
11/29/2006 00:50	3.0	76.6	7.0	73.4	6.0	71.8	8.0	68.6	6.0	63.4	30.0	70.1	5	100.0
11/29/2006 00:55	5.0	76.5	14.0	73.0	11.0	71.6	7.0	65.4	6.0	62.9	43.0	70.4	5	100.0
11/29/2006 01:00	3.0	76.4	7.0	73.3	10.0	72.7	7.0	68.1	8.0	64.2	35.0	70.3	5	100.0
11/29/2006 01:05	3.0	76.6	9.0	73.7	9.0	71.5	9.0	69.2	8.0	64.9	38.0	70.5	5	100.0
11/29/2006 01:10	3.0	76.4	8.0	73.6	9.0	70.3	11.0	65.1	6.0	63.2	37.0	68.8	5	100.0
11/29/2006 01:15	3.0	76.6	6.0	73.8	5.0	71.5	9.0	67.9	5.0	63.7	28.0	70.0	5	100.0
11/29/2006 01:20	1.0	76.9	6.0	74.0	7.0	71.6	7.0	68.1	5.0	62.7	26.0	69.7	5	100.0
11/29/2006 01:25	1.0	77.0	5.0	74.1	8.0	71.2	7.0	67.6	3.0	62.3	24.0	69.9	5	100.0
11/29/2006 01:30	1.0	76.6	7.0	73.6	7.0	71.0	5.0	67.0	5.0	63.3	25.0	69.6	5	100.0
11/29/2006 01:35	1.0	76.9	7.0	74.0	7.0	71.1	11.0	68.3	4.0	64.0	30.0	70.0	5	100.0
11/29/2006 01:40	2.0	76.7	7.0	74.2	7.0	71.6	7.0	68.3	5.0	62.8	28.0	70.2	5	100.0
11/29/2006 01:45	1.0	76.9	3.0	73.9	6.0	72.0	4.0	68.1	5.0	63.7	19.0	69.6	5	100.0
11/29/2006 01:50	1.0	77.0	5.0	74.2	3.0	72.1	7.0	68.3	5.0	62.9	21.0	69.4	5	100.0
11/29/2006 01:55	2.0	76.8	8.0	74.4	5.0	72.1	7.0	65.7	4.0	64.1	26.0	70.2	5	100.0
11/29/2006 02:00	1.0	76.9	6.0	73.8	5.0	71.9	3.0	67.1	3.0	63.5	18.0	70.6	5	100.0
11/29/2006 02:05	1.0	76.7	4.0	73.9	5.0	71.6	5.0	68.0	8.0	63.0	23.0	68.4	5	100.0
11/29/2006 02:10	0.0	76.7	6.0	73.6	8.0	72.5	5.0	67.1	5.0	63.0	24.0	69.7	5	100.0
11/29/2006 02:15	1.0	76.7	3.0	74.0	3.0	72.5	5.0	68.0	3.0	64.1	15.0	69.9	5	100.0
11/29/2006 02:20	1.0	76.7	4.0	73.9	7.0	72.0	5.0	68.7	4.0	64.2	21.0	70.3	5	100.0
11/29/2006 02:25	1.0	76.7	5.0	74.2	5.0	71.8	7.0	68.5	3.0	64.5	21.0	70.5	5	100.0
11/29/2006 02:30	1.0	76.3	9.0	73.7	3.0	71.2	5.0	67.6	5.0	64.7	23.0	70.2	5	100.0
11/29/2006 02:35	1.0	76.5	4.0	74.0	6.0	71.5	3.0	67.4	5.0	64.1	19.0	69.7	5	100.0
11/29/2006 02:40	1.0	76.6	3.0	74.0	6.0	71.6	4.0	68.4	4.0	64.3	18.0	69.9	5	100.0
11/29/2006 02:45	0.0	76.6	5.0	74.3	3.0	72.6	3.0	68.4	4.0	63.0	15.0	69.8	5	100.0
11/29/2006 02:50	2.0	76.4	5.0	74.2	2.0	71.9	4.0	68.9	3.0	63.4	16.0	70.8	5	100.0
11/29/2006 02:55	0.0	76.4	3.0	74.1	5.0	71.1	5.0	68.3	4.0	62.2	17.0	68.7	5	100.0
11/29/2006 03:00	1.0	76.4	1.0	73.9	1.0	70.7	4.0	67.7	4.0	64.1	11.0	68.0	5	100.0
11/29/2006 03:05	0.0	76.4	3.0	74.1	4.0	70.3	4.0	67.8	2.0	63.9	13.0	69.4	5	100.0
11/29/2006 03:10	0.0	76.4	1.0	74.5	2.0	71.7	4.0	68.1	3.0	64.7	10.0	68.4	5	100.0
11/29/2006 03:15	0.0	76.4	3.0	74.5	3.0	72.1	3.0	68.0	4.0	64.8	13.0	69.5	5	100.0
11/29/2006 03:20	0.0	76.4	5.0	74.3	5.0	72.1	3.0	68.7	1.0	65.6	14.0	71.7	5	100.0
11/29/2006 03:25	1.0	76.0	1.0	74.0	2.0	71.5	3.0	67.9	0.0	65.6	7.0	71.0	5	100.0
11/29/2006 03:30	0.0	76.0	0.0	74.0	0.0	71.5	0.0	67.9	0.0	65.6	0.0	71.0	5	100.0
11/29/2006 03:35	0.0	76.0	0.0	74.0	0.0	71.5	0.0	67.9	0.0	65.6	0.0	71.0	5	100.0
11/29/2006 03:40	0.0	76.0	0.0	74.0	0.0	71.5	0.0	67.9	0.0	65.6	0.0	71.0	5	100.0
11/29/2006 03:45	0.0	76.0	0.0	74.0	0.0	71.5	0.0	67.9	0.0	65.6	0.0	71.0	5	100.0
11/29/2006 03:50	0.0	76.0	0.0	74.0	0.0	71.5	0.0	67.9	0.0	65.6	0.0	71.0	5	100.0
11/29/2006 03:55	0.0	76.0	0.0	74.0	0.0	71.5	0.0	67.9	0.0	65.6	0.0	71.0	5	100.0
11/29/2006 04:00	0.0	76.0	1.0	74.5	5.0	72.2	6.0	66.4	3.0	65.2	15.0	68.6	5	100.0
11/29/2006 04:05	0.0	76.0	3.0	74.3	4.0	72.5	5.0	67.1	5.0	63.9	17.0	68.7	5	100.0
11/29/2006 04:10	1.0	76.4	5.0	74.0	4.0	72.2	5.0	67.8	2.0	65.5	17.0	70.9	5	100.0
11/29/2006 04:15	0.0	76.4	4.0	73.9	3.0	72.4	5.0	62.2	4.0	65.6	16.0	67.9	5	100.0
11/29/2006 04:20	0.0	76.4	3.0	73.6	9.0	72.5	5.0	63.6	9.0	66.5	26.0	68.8	5	100.0
11/29/2006 04:25	0.0	76.4	3.0	73.1	5.0	71.8	7.0	61.0	5.0	64.5	20.0	66.4	5	100.0
11/29/2006 04:30	0.0	76.4	2.0	73.7	3.0	71.2	4.0	63.1	5.0	62.3	14.0	66.1	5	100.0
11/29/2006 04:35	1.0	76.1	4.0	74.0	6.0	71.7	4.0	66.0	6.0	63.7	21.0	69.0	5	100.0
11/29/2006 04:40	1.0	76.4	5.0	73.6	9.0	67.1	8.0	65.0	9.0	65.4	32.0	67.4	5	100.0
11/29/2006 04:45	1.0	76.6	5.0	73.8	7.0	67.1	11.0	63.3	7.0	65.6	31.0	66.8	5	100.0
11/29/2006 04:50	1.0	76.6	8.0	74.1	9.0	68.5	9.0	64.5	11.0	62.4	38.0	67.2	5	100.0
11/29/2006 04:55	1.0	76.7	7.0	73.9	9.0	69.3	9.0	57.1	8.0	64.4	34.0	66.1	5	100.0
11/29/2006 05:00	0.0	76.7	5.0	74.3	9.0	69.7	9.0	50.3	11.0	59.7	34.0	62.0	5	100.0
11/29/2006 05:05	1.0	77.0	5.0	74.2	10.0	69.6	9.0	58.6	9.0	63.7	34.0	66.0	5	100.0
11/29/2006 05:10	0.0	77.0	6.0	74.3	11.0	72.0	12.0	64.9	7.0	60.1	36.0	67.7	5	100.0
11/29/2006 05:15	0.0	77.0	7.0	74.2	11.0	72.2	14.0	68.0	9.0	60.0	41.0	68.4	5	100.0
11/29/2006 05:20	0.0	77.0	13.0	75.1	12.0	73.3	13.0	70.3	11.0	62.2	49.0	70.5	5	100.0
11/29/2006 05:25	0.0	77.0	15.0	74.8	16.0	76.1	13.0	68.3	12.0	59.4	56.0	70.4	5	100.0
11/29/2006 05:30	3.0	76.8	16.0	73.8	16.0	74.3	16.0	70.4	13.0	63.7	64.0	71.2	5	100.0
11/29/2006 05:35	2.0	76.7	18.0	73.5	18.0	74.8	16.0	66.9	16.0	64.0	70.0	70.2	5	100.0
11/29/2006 05:40	1.0	76.4	21.0	73.1	19.0	77.7	20.0	68.5	13.0	66.1	74.0	71.9	5	100.0
11/29/2006 05:45	2.0	76.4	22.0	72.8	22.0	77.1	21.0	68.5	21.0	65.2	88.0	71.1	5	100.0
11/29/2006 05:50	4.0	76.5	29.0	74.3	24.0	74.3	21.0	68.9	23.0	68.2	101.0	71.9	5	100.0
11/29/2006 05:55	3.0	76.7	22.0	73.4	21.0	74.5	23.0	69.0	20.0	70.3	89.0	71.9	5	100.0
11/29/2006 06:00	4.0	76.9	21.0	73.8	22.0	74.4	19.0	62.5	21.0	65.6	87.0	69.6	5	100.0
11/29/2006 06:05	1.0	76.7	22.0	74.5	20.0	72.6	19.0	63.4	17.0	61.3	79.0	68.5	5	100.0
11/29/2006 06:10	2.0	76.9	31.0	74.0	27.0	74.9	28.0	61.4	21.0	60.2	109.0	68.4	5	100.0
11/29/2006 06:15	3.0	77.0	33.0	73.2	27.0	69.0	25.0	60.0	30.0	59.6	118.0	66.1	5	100.0
11/29/2006 06:20	4.0	76.7	31.0	74.0	25.0	69.9	27.0	65.3	22.0	57.1	109.0	67.6	5	100.0
11/29/2006 06:25	2.0	76.7	38.0	73.7	30.0	67.8	28.0	69.6	26.0	60.5	124.0	68.6	5	100.0
11/29/2006 06:30	3.0	76.7	36.0	72.6	33.0	71.2	33.0	68.2	28.0	58.9	133.0	68.4	5	100.0
11/29/2006 06:35	2.0	76.7	34.0	70.1	31.0	69.4	30.0	71.2	24.0	60.2	121.0	68.3	5	100.0
11/29/2006 06:40	4.0	76.4	42.0	72.7	36.0	72.6	33.0	56.6	35.0	64.8	150.0	67.4	5	0.0
11/29/2006 06:45	9.0	75.9	48.0	73.0	40.0	69.1	35.0	55.7	33.0	65.3	165.0	67.0	5	0.0
11/29/2006 06:50	7.0	75.7	46.0	73.4	36.0	69.1	37.0	56.6	37.0	65.7	163.0	67.0	5	0.0
11/29/2006 06:55	8.0	75.8	45.0	72.7	38.0	69.4	35.0	59.5	38.0	66.6	164.0	67.9	5	0.0
11/29/2006 07:00	6.0	76.2	49.0	70.0	38.0	65.6	38.0	59.3	40.0	61.0	171.0	64.8	5	0.0
11/29/2006 07:05	5.0	76.5	42.0	69.1	40.0	63.4	35.0	60.8	34.0	59.7	156.0	64.0	5	0.0
11/29/2006 07:10	6.0	76.1	46.0	67.4	37.0	61.4	37.0	58.6	36.0	57.7	162.0	62.2	5	0.0
11/29/2006 07:15	9.0	76.3	51.0	67.0	41.0	61.9	41.0	57.9	40.0	57.4	182.0	62.2	5	0.0
11/29/2006 07:20	7.0	76.4	58.0	66.1	44.0	59.1	44.0	58.8	44.0	58.3	197.0	61.5	5	0.0
11/29/2006 07:25	9.0	76.9	55.0	65.8	46.0	59.4	40.0	60.1	42.0	57.0	192.0	61.7	5	0.0
11/29/2006 07:30	8.0	76.7	51.0	64.6	42.0	58.4	42.0	59.1	45.0	56.4	188.0	60.5	5	0.0
11/29/2006 07:35	8.0	76.6	58.0	64.3	46.0	59.7	44.0	58.1	46.0	57.1	202.0	60.7	5	0.0
11/29/2006 07:40	9.0	76.7	59.0	63.2	47.0	57.0	46.0	59.3	51.0	56.3	212.0	59.9	5	0.0
11/29/2006 07:45	9.0	76.8	63.0	63.1	47.0	56.1	47.0	59.0	53.0	55.0	219.0	59.3	5	0.0
11/29/2006 07:50	11.0	76.2	56.0	61.9	47.0	55.0	46.0	58.1	49.0	56.7	209.0	59.0	5	0.0
11/29/2006 07:55	11.0	76.3	57.0	63.1	46.0	56.0	45.0	55.9	52.0	56.7	211.0	59.1	5	0.0
11/29/2006 08:00	8.0	76.5	57.0	62.8	42.0	55.5	41.0	57.2	51.0	56.9	199.0	59.1	5	0.0
11/29/2006 08:05	8.0	76.7	53.0	63.0	39.0	51.0	42.0	56.8	45.0	58.0	187.0	58.5	5	0.0
11/29/2006 08:10	10.0	75.7	56.0	63.5	41.0	49.3	41.0	58.2	49.0	55.9	197.0	58.2	5	0.0
11/29/2006 08:15	11.0	75.1	54.0	62.7	45.0	50.9	42.0	56.6	48.0	53.5	200.0	57.2	5	0.0
11/29/2006 08:20	9.0	75.6	55.0	62.3	41.0	50.2	43.0	54.9	48.0	54.9	196.0	56.9	5	0.0
11/29/2006 08:25	11.0	76.3	57.0	62.7	40.0	51.3	42.0	54.2	48.0	54.5	198.0	57.4	5	0.0
11/29/2006 08:30	3.0	76.7	50.0	55.5	40.0	45.6	50.0	47.6	47.0	45.9	190.0	49.3	5	100.0
11/29/2006 08:35	8.0	76.1	53.0	54.5	37.0	40.4	43.0	46.1	52.0	42.7	193.0	47.6	5	100.0
11/29/2006 08:40	8.0	75.5	57.0	55.2	38.0	38.5	45.0	48.8	53.0	44.3	201.0	48.5	5	100.0
11/29/2006 08:45	8.0	76.0	53.0	59.4	36.0	41.5	39.0	49.1	43.0	49.1	179.0	51.8	5	100.0
11/29/2006 08:50	6.0	75.9	45.0	63.2	37.0	44.3	41.0	51.1	49.0	51.6	178.0	53.7	5	100.0
11/29/2006 08:55	6.0	75.6	45.0	63.7	41.0	46.8	42.0	50.3	48.0	53.9	182.0	54.6	5	100.0
11/29/2006 09:00	6.0	75.9	39.0	65.2	36.0	47.2	28.0	52.7	44.0	58.0	153.0	57.0	5	100.0
11/29/2006 09:05	4.0	76.4	51.0	64.0	33.0	46.5	35.0	51.1	43.0	53.2	166.0	55.3	5	100.0
11/29/2006 09:10	5.0	76.1	53.0	63.5	38.0	46.6	39.0	51.7	46.0	52.1	181.0	54.9	5	100.0
11/29/2006 09:15	8.0	76.3	53.0	63.0	35.0	44.9	42.0	56.4	45.0	53.8	183.0	56.3	5	100.0
11/29/2006 09:20	7.0	76.2	57.0	61.2	37.0	41.6	43.0	56.1	47.0	51.1	191.0	54.3	5	100.0
11/29/2006 09:25	9.0	76.1	53.0	61.6	41.0	44.4	41.0	54.2	43.0	51.2	187.0	54.5	5	100.0
11/29/2006 09:30	9.0	76.3	55.0	62.4	39.0	43.6	41.0	50.4	45.0	49.0	189.0	53.4	5	100.0
11/29/2006 09:35	9.0	76.4	54.0	62.5	32.0	40.1	44.0	53.0	49.0	50.5	188.0	54.0	5	100.0
11/29/2006 09:40	9.0	76.9	45.0	63.4	39.0	45.1	38.0	50.2	49.0	50.2	180.0	53.7	5	100.0
11/29/2006 09:45	7.0	76.5	50.0	64.0	38.0	46.7	37.0	48.5	42.0	49.9	174.0	54.0	5	100.0
11/29/2006 09:50	9.0	77.3	53.0	63.3	40.0	45.8	37.0	47.0	49.0	47.0	188.0	52.8	5	100.0
11/29/2006 09:55	11.0	77.3	44.0	63.2	31.0	45.4	37.0	50.9	42.0	50.6	165.0	54.8	5	100.0
11/29/2006 10:00	29.0	76.4	45.0	64.0	39.0	46.0	40.0	48.7	48.0	51.3	201.0	56.2	5	100.0
11/29/2006 10:05	30.0	75.3	37.0	62.6	37.0	43.0	37.0	45.9	53.0	49.9	194.0	54.2	5	100.0
11/29/2006 10:10	21.0	72.7	39.0	63.2	26.0	42.7	34.0	47.0	41.0	51.1	161.0	54.6	5	100.0
11/29/2006 10:15	33.0	75.7	48.0	63.8	37.0	44.7	43.0	46.1	47.0	50.1	208.0	55.5	5	100.0
11/29/2006 10:20	32.0	76.6	38.0	63.1	34.0	42.4	34.0	49.9	44.0	48.6	182.0	55.6	5	100.0
11/29/2006 10:25	25.0	77.2	34.0	64.9	30.0	40.7	36.0	52.6	42.0	48.1	167.0	55.5	5	100.0
11/29/2006 10:30	28.0	74.0	43.0	64.8	37.0	40.6	37.0	50.9	36.0	48.7	181.0	55.2	5	100.0
11/29/2006 10:35	23.0	76.1	40.0	65.5	38.0	42.2	38.0	49.9	45.0	49.3	184.0	54.8	5	100.0
11/29/2006 10:40	32.0	78.1	45.0	65.4	37.0	43.6	43.0	54.0	45.0	50.9	202.0	57.8	5	100.0
11/29/2006 10:45	25.0	78.2	40.0	64.6	36.0	46.6	33.0	48.2	41.0	51.6	175.0	56.7	5	100.0
11/29/2006 10:50	33.0	73.8	45.0	62.9	34.0	41.9	38.0	48.5	41.0	52.7	191.0	56.0	5	100.0
11/29/2006 10:55	24.0	75.4	41.0	63.8	34.0	44.6	36.0	48.6	43.0	52.6	178.0	55.9	5	100.0
11/29/2006 11:00	35.0	73.0	39.0	61.9	37.0	42.8	39.0	47.5	45.0	52.5	195.0	55.2	5	100.0
11/29/2006 11:05	27.0	74.4	41.0	64.6	34.0	43.7	38.0	49.3	47.0	50.4	187.0	55.5	5	100.0
11/29/2006 11:10	27.0	74.9	39.0	64.2	32.0	42.0	41.0	49.4	48.0	51.6	187.0	55.5	5	100.0
11/29/2006 11:15	24.0	76.4	41.0	65.2	38.0	43.5	42.0	52.9	47.0	53.5	192.0	56.8	5	100.0
11/29/2006 11:20	20.0	76.7	37.0	65.2	35.0	44.0	39.0	53.5	47.0	52.4	178.0	56.4	5	100.0
11/29/2006 11:25	32.0	76.4	41.0	64.9	36.0	41.9	41.0	51.7	45.0	52.6	195.0	56.9	5	100.0
11/29/2006 11:30	25.0	74.1	39.0	65.9	39.0	44.9	41.0	52.0	42.0	50.7	186.0	56.1	5	100.0
11/29/2006 11:35	23.0	77.1	37.0	65.1	31.0	44.0	40.0	53.3	47.0	54.0	178.0	57.4	5	100.0
11/29/2006 11:40	25.0	77.5	39.0	65.2	35.0	42.9	39.0	53.5	45.0	54.0	183.0	57.4	5	100.0
11/29/2006 11:45	19.0	77.3	41.0	65.3	33.0	40.6	35.0	52.4	51.0	52.6	179.0	55.9	5	100.0
11/29/2006 11:50	34.0	76.0	43.0	64.7	38.0	44.3	43.0	50.5	50.0	51.9	208.0	56.8	5	100.0
11/29/2006 11:55	28.0	76.8	42.0	65.1	37.0	44.2	38.0	53.4	48.0	53.9	193.0	57.7	5	100.0
11/29/2006 12:00	30.0	77.3	45.0	65.7	39.0	44.6	39.0	50.4	51.0	52.0	204.0	57.0	5	100.0
11/29/2006 12:05	24.0	77.1	40.0	67.6	38.0	48.7	39.0	48.5	50.0	52.5	191.0	57.2	5	100.0
11/29/2006 12:10	31.0	76.8	43.0	66.6	39.0	46.6	42.0	51.3	38.0	52.8	193.0	58.2	5	100.0
11/29/2006 12:15	31.0	74.4	42.0	64.3	43.0	47.9	48.0	52.4	47.0	52.1	211.0	57.0	5	100.0
11/29/2006 12:20	29.0	75.7	42.0	65.4	33.0	44.7	44.0	54.7	49.0	52.6	197.0	57.9	5	100.0
11/29/2006 12:25	24.0	76.9	43.0	65.5	39.0	46.7	42.0	57.6	46.0	49.9	194.0	57.7	5	100.0
11/29/2006 12:30	29.0	76.2	38.0	63.8	33.0	45.2	43.0	55.0	47.0	51.4	190.0	57.4	5	100.0
11/29/2006 12:35	28.0	75.7	36.0	63.5	34.0	42.1	43.0	54.1	44.0	55.4	185.0	57.3	5	100.0
11/29/2006 12:40	34.0	76.0	43.0	63.1	37.0	43.9	40.0	53.9	53.0	53.4	207.0	57.5	5	100.0
11/29/2006 12:45	44.0	74.6	49.0	62.5	42.0	41.2	48.0	54.6	51.0	52.3	234.0	57.1	5	100.0
11/29/2006 12:50	39.0	73.2	55.0	62.3	48.0	42.3	51.0	54.1	49.0	52.7	242.0	56.4	5	100.0
11/29/2006 12:55	36.0	73.7	42.0	61.3	41.0	41.8	39.0	50.5	49.0	51.2	207.0	55.2	5	100.0
11/29/2006 13:00	25.0	73.6	43.0	69.9	41.0	58.9	39.0	60.2	42.0	60.4	190.0	63.9	5	100.0
11/29/2006 13:05	34.0	74.2	41.0	72.9	40.0	61.7	40.0	60.9	50.0	61.0	205.0	65.7	5	100.0
11/29/2006 13:10	37.0	73.2	45.0	74.9	37.0	64.9	44.0	67.9	49.0	65.6	212.0	69.3	5	100.0
11/29/2006 13:15	34.0	73.8	46.0	76.4	45.0	68.6	39.0	63.9	45.0	63.8	209.0	69.3	5	100.0
11/29/2006 13:20	38.0	74.0	46.0	76.1	39.0	67.2	47.0	69.3	41.0	64.2	211.0	70.2	5	100.0
11/29/2006 13:25	46.0	72.8	49.0	74.4	47.0	64.4	39.0	67.3	43.0	62.1	224.0	68.4	5	100.0
11/29/2006 13:30	31.0	73.5	46.0	74.3	41.0	68.1	41.0	66.5	40.0	59.2	199.0	68.3	5	100.0
11/29/2006 13:35	31.0	76.3	43.0	77.5	41.0	72.4	43.0	67.2	41.0	57.5	199.0	69.9	5	100.0
11/29/2006 13:40	39.0	75.3	46.0	75.7	42.0	69.9	47.0	68.6	47.0	58.2	221.0	69.3	5	100.0
11/29/2006 13:45	34.0	76.8	41.0	78.3	44.0	73.1	35.0	70.8	49.0	61.6	203.0	71.6	5	100.0
11/29/2006 13:50	37.0	75.6	44.0	77.5	41.0	71.7	42.0	70.6	46.0	63.7	210.0	71.6	5	100.0
11/29/2006 13:55	35.0	76.3	50.0	77.0	39.0	72.7	44.0	71.2	44.0	64.1	212.0	72.2	5	100.0
11/29/2006 14:00	43.0	82.1	38.0	69.6	43.0	61.8	43.0	64.2	42.0	58.6	209.0	67.2	5	100.0
11/29/2006 14:05	44.0	86.5	51.0	67.1	39.0	52.8	45.0	59.3	45.0	56.1	224.0	64.6	5	100.0
11/29/2006 14:10	49.0	84.8	52.0	64.7	43.0	50.0	47.0	58.2	41.0	55.4	232.0	63.3	5	100.0
11/29/2006 14:15	54.0	85.6	53.0	63.7	49.0	48.2	50.0	56.0	54.0	51.8	260.0	61.4	5	100.0
11/29/2006 14:20	47.0	86.5	51.0	64.7	41.0	49.9	45.0	56.2	43.0	52.6	227.0	62.6	5	100.0
11/29/2006 14:25	56.0	86.5	51.0	61.9	46.0	49.1	42.0	55.6	42.0	52.4	237.0	62.4	5	100.0
11/29/2006 14:30	49.0	86.0	54.0	62.5	46.0	49.2	47.0	55.9	45.0	53.4	241.0	61.8	5	100.0
11/29/2006 14:35	49.0	85.0	56.0	62.1	45.0	46.0	48.0	54.7	43.0	51.3	241.0	60.3	5	100.0
11/29/2006 14:40	63.0	83.4	59.0	59.7	53.0	47.3	51.0	57.5	49.0	53.1	275.0	61.2	5	100.0
11/29/2006 14:45	60.0	85.1	59.0	61.5	51.0	46.1	54.0	55.4	58.0	51.2	282.0	60.4	5	100.0
11/29/2006 14:50	50.0	84.5	52.0	61.9	46.0	45.7	46.0	55.2	51.0	49.7	245.0	59.7	5	100.0
11/29/2006 14:55	44.0	83.9	55.0	61.7	43.0	44.6	49.0	56.5	48.0	51.5	239.0	59.6	5	100.0
11/29/2006 15:00	26.0	70.8	59.0	60.9	54.0	47.5	45.0	52.1	46.0	53.6	230.0	55.7	5	100.0
11/29/2006 15:05	28.0	61.9	57.0	56.0	42.0	45.3	42.0	49.1	41.0	52.6	210.0	52.6	5	100.0
11/29/2006 15:10	23.0	56.3	57.0	51.5	43.0	41.2	46.0	48.7	46.0	49.1	215.0	48.8	5	100.0
11/29/2006 15:15	31.0	53.1	54.0	49.6	46.0	40.4	46.0	48.4	45.0	46.4	222.0	47.3	5	100.0
11/29/2006 15:20	31.0	50.3	61.0	48.3	52.0	39.4	50.0	47.0	44.0	44.4	238.0	45.6	5	100.0
11/29/2006 15:25	31.0	47.6	52.0	44.1	41.0	35.8	40.0	41.4	41.0	40.3	205.0	41.7	5	100.0
11/29/2006 15:30	31.0	47.6	51.0	46.5	42.0	37.3	48.0	43.9	48.0	42.4	220.0	43.4	5	100.0
11/29/2006 15:35	40.0	43.8	54.0	41.8	44.0	32.0	45.0	39.3	46.0	39.2	229.0	39.3	5	100.0
11/29/2006 15:40	34.0	43.9	51.0	41.4	42.0	32.4	44.0	41.8	45.0	39.7	216.0	39.8	5	100.0
11/29/2006 15:45	33.0	40.3	53.0	36.7	47.0	30.9	43.0	36.8	47.0	37.2	223.0	36.1	5	100.0
11/29/2006 15:50	36.0	40.2	49.0	36.1	42.0	30.8	44.0	37.5	44.0	35.1	215.0	35.8	5	100.0
11/29/2006 15:55	38.0	38.2	48.0	37.6	42.0	30.6	45.0	38.3	42.0	35.8	215.0	36.1	5	100.0
11/29/2006 16:00	38.0	40.6	47.0	34.6	42.0	29.2	46.0	36.7	45.0	33.7	218.0	34.9	5	100.0
11/29/2006 16:05	37.0	43.9	49.0	39.6	41.0	33.0	46.0	41.2	43.0	37.0	216.0	38.9	5	100.0
11/29/2006 16:10	36.0	41.8	49.0	38.2	40.0	29.7	51.0	41.8	44.0	37.1	220.0	37.9	5	100.0
11/29/2006 16:15	40.0	40.5	46.0	31.2	37.0	27.6	45.0	39.1	45.0	32.9	213.0	34.3	5	100.0
11/29/2006 16:20	36.0	38.7	49.0	31.6	41.0	28.7	49.0	38.9	43.0	33.9	218.0	34.3	5	100.0
11/29/2006 16:25	38.0	38.6	49.0	35.4	41.0	30.2	45.0	38.3	44.0	32.9	217.0	35.1	5	100.0
11/29/2006 16:30	39.0	36.7	48.0	34.8	39.0	29.9	44.0	39.4	45.0	35.6	215.0	35.4	5	100.0
11/29/2006 16:35	41.0	33.9	46.0	30.4	37.0	27.3	42.0	37.1	43.0	34.6	209.0	32.7	5	100.0
11/29/2006 16:40	43.0	31.5	47.0	30.7	39.0	25.4	46.0	35.8	47.0	34.0	222.0	31.7	5	100.0
11/29/2006 16:45	41.0	25.4	40.0	24.8	35.0	20.7	39.0	28.2	41.0	27.6	196.0	25.5	5	100.0
11/29/2006 16:50	48.0	26.2	49.0	22.3	37.0	19.4	49.0	28.2	46.0	28.3	229.0	25.1	5	100.0
11/29/2006 16:55	51.0	29.9	54.0	27.8	43.0	22.6	51.0	33.4	51.0	32.6	250.0	29.5	5	100.0
11/29/2006 17:00	39.0	31.4	41.0	24.6	39.0	22.1	41.0	30.5	44.0	31.0	204.0	28.0	5	100.0
11/29/2006 17:05	41.0	30.2	47.0	24.8	43.0	23.2	43.0	32.0	43.0	33.2	217.0	28.6	5	100.0
11/29/2006 17:10	46.0	26.6	37.0	19.9	37.0	19.3	39.0	27.2	42.0	28.7	201.0	24.6	5	100.0
11/29/2006 17:15	47.0	24.6	46.0	21.2	40.0	20.1	46.0	28.4	46.0	30.4	225.0	25.1	5	100.0
11/29/2006 17:20	43.0	26.9	47.0	23.4	41.0	21.0	45.0	30.6	41.0	31.7	217.0	26.7	5	100.0
11/29/2006 17:25	41.0	24.4	36.0	19.7	31.0	17.7	34.0	24.6	39.0	27.8	181.0	23.1	5	100.0
11/29/2006 17:30	44.0	25.2	44.0	19.7	39.0	18.2	43.0	26.4	45.0	27.9	215.0	23.6	5	100.0
11/29/2006 17:35	40.0	24.1	37.0	19.2	34.0	17.8	40.0	26.2	40.0	28.1	191.0	23.3	5	100.0
11/29/2006 17:40	44.0	23.2	44.0	20.5	39.0	20.3	44.0	29.8	41.0	29.6	212.0	24.7	5	100.0
11/29/2006 17:45	45.0	22.7	40.0	21.6	37.0	20.4	43.0	28.3	41.0	27.5	206.0	24.2	5	100.0
11/29/2006 17:50	39.0	26.4	42.0	21.7	38.0	19.4	41.0	26.2	41.0	28.5	201.0	24.5	5	100.0
11/29/2006 17:55	41.0	23.1	36.0	18.9	34.0	17.9	36.0	23.3	35.0	27.3	182.0	22.1	5	100.0
11/29/2006 18:00	44.0	51.3	44.0	39.3	41.0	43.5	44.0	47.2	41.0	42.5	214.0	44.8	5	100.0
11/29/2006 18:05	43.0	70.0	48.0	49.0	42.0	57.5	41.0	57.5	44.0	49.3	218.0	56.4	5	100.0
11/29/2006 18:10	44.0	69.7	41.0	46.4	37.0	56.1	40.0	55.8	45.0	49.3	207.0	55.5	5	100.0
11/29/2006 18:15	41.0	54.8	43.0	40.6	37.0	49.9	38.0	51.5	41.0	44.1	200.0	48.0	5	100.0
11/29/2006 18:20	48.0	62.0	48.0	42.6	43.0	52.4	46.0	53.3	45.0	45.5	230.0	51.2	5	100.0
11/29/2006 18:25	43.0	56.1	42.0	40.7	37.0	45.0	44.0	49.8	42.0	44.3	208.0	47.3	5	100.0
11/29/2006 18:30	43.0	63.3	46.0	52.1	48.0	56.9	47.0	58.9	40.0	51.6	224.0	56.6	5	100.0
11/29/2006 18:35	42.0	77.3	51.0	63.5	47.0	69.1	47.0	65.8	45.0	56.5	232.0	66.2	5	100.0
11/29/2006 18:40	48.0	85.3	61.0	71.2	49.0	74.5	51.0	68.8	48.0	58.0	257.0	71.5	5	100.0
11/29/2006 18:45	46.0	84.0	56.0	73.9	43.0	71.0	44.0	67.9	43.0	59.4	232.0	71.5	5	100.0
11/29/2006 18:50	41.0	83.6	47.0	68.7	44.0	74.3	43.0	68.7	40.0	58.0	215.0	70.7	5	100.0
11/29/2006 18:55	46.0	82.3	44.0	69.3	42.0	78.9	41.0	70.2	46.0	58.3	219.0	71.7	5	100.0
11/29/2006 19:00	46.0	62.5	46.0	56.8	43.0	59.5	41.0	58.3	39.0	48.9	215.0	57.4	5	100.0
11/29/2006 19:05	54.0	56.5	50.0	53.3	43.0	52.0	47.0	52.6	47.0	45.4	241.0	52.1	5	100.0
11/29/2006 19:10	43.0	64.5	47.0	62.2	41.0	57.0	36.0	56.8	43.0	51.5	210.0	58.5	5	100.0
11/29/2006 19:15	40.0	71.3	39.0	67.6	39.0	63.8	39.0	63.5	44.0	57.5	201.0	64.6	5	100.0
11/29/2006 19:20	37.0	74.9	44.0	73.5	41.0	66.2	46.0	68.5	46.0	60.7	214.0	68.5	5	100.0
11/29/2006 19:25	33.0	80.2	38.0	75.8	34.0	72.1	42.0	70.6	41.0	61.4	188.0	71.6	5	100.0
11/29/2006 19:30	31.0	78.7	39.0	78.0	37.0	71.9	43.0	73.3	34.0	63.6	184.0	73.1	5	100.0
11/29/2006 19:35	39.0	78.0	41.0	75.8	40.0	69.6	42.0	71.8	37.0	62.5	199.0	71.7	5	100.0
11/29/2006 19:40	48.0	77.4	45.0	75.6	45.0	66.6	41.0	66.6	45.0	60.8	224.0	69.6	5	100.0
11/29/2006 19:45	54.0	71.0	59.0	69.9	49.0	60.5	46.0	56.1	46.0	57.3	254.0	63.5	5	100.0
11/29/2006 19:50	33.0	70.1	30.0	68.4	26.0	59.3	26.0	60.9	23.0	56.2	138.0	63.6	5	100.0
11/29/2006 19:55	43.0	73.0	46.0	70.6	41.0	65.9	46.0	64.1	44.0	59.3	220.0	66.6	5	100.0
11/29/2006 20:00	22.0	72.4	26.0	71.1	24.0	67.3	26.0	65.8	23.0	58.6	121.0	67.1	5	100.0
11/29/2006 20:05	36.0	75.9	40.0	71.6	39.0	65.1	36.0	67.2	38.0	60.6	189.0	68.0	5	100.0
11/29/2006 20:10	32.0	76.7	39.0	72.3	37.0	66.4	32.0	66.4	38.0	59.5	178.0	68.1	5	100.0
11/29/2006 20:15	25.0	77.8	30.0	75.2	38.0	70.0	33.0	67.0	29.0	58.6	155.0	69.5	5	100.0
11/29/2006 20:20	31.0	80.1	35.0	75.5	33.0	70.7	35.0	66.4	35.0	62.0	169.0	70.7	5	100.0
11/29/2006 20:25	26.0	78.7	37.0	77.4	33.0	76.0	38.0	69.0	31.0	62.2	165.0	72.5	5	100.0
11/29/2006 20:30	19.0	79.4	28.0	77.4	24.0	72.3	30.0	66.8	29.0	59.9	130.0	70.4	5	100.0
11/29/2006 20:35	24.0	80.8	29.0	77.7	31.0	72.6	35.0	67.1	31.0	62.0	150.0	71.4	5	100.0
11/29/2006 20:40	25.0	78.6	35.0	76.2	31.0	71.8	32.0	66.7	30.0	60.4	153.0	70.6	5	100.0
11/29/2006 20:45	27.0	78.7	27.0	76.0	34.0	71.8	31.0	65.5	27.0	59.8	146.0	70.3	5	100.0
11/29/2006 20:50	28.0	80.3	35.0	75.6	34.0	73.2	29.0	63.2	33.0	60.9	159.0	70.6	5	100.0
11/29/2006 20:55	27.0	79.6	35.0	72.7	30.0	71.9	34.0	64.7	29.0	63.0	155.0	70.2	5	100.0
11/29/2006 21:00	23.0	77.7	31.0	73.2	34.0	68.2	29.0	68.7	29.0	62.6	146.0	69.7	5	100.0
11/29/2006 21:05	24.0	78.9	31.0	72.9	31.0	64.4	32.0	65.4	33.0	63.6	151.0	68.5	5	100.0
11/29/2006 21:10	24.0	78.4	33.0	74.4	28.0	59.2	33.0	69.6	33.0	61.7	151.0	68.4	5	100.0
11/29/2006 21:15	26.0	79.2	38.0	75.6	34.0	61.4	32.0	66.5	29.0	62.4	159.0	68.9	5	100.0
11/29/2006 21:20	22.0	79.1	33.0	75.2	34.0	57.7	35.0	67.6	34.0	60.9	158.0	67.2	5	100.0
11/29/2006 21:25	22.0	77.6	31.0	75.0	31.0	60.2	30.0	66.1	32.0	59.0	146.0	66.9	5	100.0
11/29/2006 21:30	29.0	76.8	28.0	75.6	28.0	61.1	33.0	66.2	35.0	57.5	153.0	67.0	5	100.0
11/29/2006 21:35	24.0	77.4	29.0	75.3	30.0	61.2	28.0	68.9	28.0	58.2	139.0	67.9	5	100.0
11/29/2006 21:40	21.0	76.7	30.0	75.6	31.0	62.2	30.0	66.3	27.0	57.2	139.0	67.2	5	100.0
11/29/2006 21:45	17.0	76.2	29.0	74.7	26.0	61.5	33.0	69.0	25.0	57.5	130.0	67.5	5	100.0
11/29/2006 21:50	25.0	78.2	29.0	73.1	25.0	59.6	29.0	67.5	23.0	60.2	131.0	68.0	5	100.0
11/29/2006 21:55	23.0	77.5	30.0	71.8	33.0	57.3	29.0	62.6	23.0	57.7	138.0	65.0	5	100.0
11/29/2006 22:00	23.0	78.3	33.0	70.6	31.0	64.1	31.0	63.4	21.0	60.0	139.0	67.2	5	100.0
11/29/2006 22:05	23.0	75.9	37.0	68.7	34.0	65.2	30.0	64.9	21.0	56.7	145.0	66.5	5	100.0
11/29/2006 22:10	25.0	73.9	33.0	70.6	30.0	66.5	27.0	64.1	29.0	61.5	144.0	67.3	5	100.0
11/29/2006 22:15	30.0	75.4	33.0	70.5	31.0	70.2	30.0	66.1	27.0	61.8	151.0	69.0	5	100.0
11/29/2006 22:20	33.0	74.2	36.0	71.4	31.0	69.6	31.0	68.2	31.0	59.0	162.0	68.6	5	100.0
11/29/2006 22:25	29.0	77.5	36.0	72.4	32.0	72.4	25.0	68.9	29.0	60.4	151.0	70.5	5	100.0
11/29/2006 22:30	28.0	76.5	35.0	71.6	30.0	74.7	31.0	70.3	28.0	62.7	152.0	71.2	5	100.0
11/29/2006 22:35	15.0	76.9	25.0	72.2	24.0	73.5	23.0	62.3	22.0	61.5	109.0	68.9	5	100.0
11/29/2006 22:40	11.0	76.8	16.0	72.8	15.0	72.9	13.0	64.0	13.0	59.4	68.0	69.2	5	100.0
11/29/2006 22:45	9.0	77.2	13.0	73.7	12.0	72.4	11.0	66.8	9.0	62.0	54.0	70.6	5	100.0
11/29/2006 22:50	13.0	76.8	16.0	73.6	21.0	71.5	17.0	67.1	13.0	61.1	80.0	70.2	5	100.0
11/29/2006 22:55	15.0	76.5	22.0	73.7	25.0	72.7	17.0	63.3	15.0	59.6	94.0	69.8	5	100.0
11/29/2006 23:00	12.0	75.3	19.0	72.0	22.0	71.5	21.0	65.7	16.0	59.5	90.0	68.6	5	100.0
11/29/2006 23:05	11.0	74.9	17.0	72.6	16.0	72.8	18.0	68.6	12.0	60.7	74.0	70.1	5	100.0
11/29/2006 23:10	7.0	75.4	15.0	73.5	17.0	67.3	15.0	66.8	17.0	62.9	71.0	68.2	5	100.0
11/29/2006 23:15	13.0	74.6	21.0	72.8	18.0	71.1	15.0	68.3	16.0	62.3	83.0	69.9	5	100.0
11/29/2006 23:20	10.0	74.3	21.0	72.5	17.0	67.6	18.0	65.5	12.0	64.5	78.0	68.8	5	100.0
11/29/2006 23:25	7.0	75.1	14.0	73.2	16.0	67.5	11.0	59.8	12.0	61.9	60.0	67.2	5	100.0
11/29/2006 23:30	9.0	75.0	16.0	73.8	16.0	70.8	13.0	62.4	9.0	62.2	63.0	69.2	5	100.0
11/29/2006 23:35	13.0	75.4	17.0	73.2	19.0	73.0	16.0	64.9	12.0	63.1	77.0	70.2	5	100.0
11/29/2006 23:40	7.0	76.1	22.0	73.6	15.0	70.3	13.0	60.7	13.0	63.0	70.0	68.8	5	100.0
11/29/2006 23:45	10.0	75.9	17.0	73.9	16.0	68.4	16.0	61.9	12.0	62.5	71.0	68.3	5	100.0
11/29/2006 23:50	7.0	75.7	11.0	73.6	15.0	71.8	15.0	65.0	14.0	63.1	62.0	69.0	5	100.0
11/29/2006 23:55	9.0	75.8	14.0	74.3	13.0	69.7	13.0	65.3	13.0	62.5	62.0	69.2	5	100.0
11/30/2006 00:00	6.0	76.5	15.0	74.0	17.0	72.0	15.0	69.2	13.0	64.5	66.0	70.8	5	100.0
11/30/2006 00:05	8.0	75.9	15.0	73.0	18.0	73.9	13.0	63.4	13.0	64.8	67.0	70.1	5	100.0
11/30/2006 00:10	5.0	75.9	7.0	73.0	7.0	73.1	7.0	66.7	8.0	65.3	34.0	70.3	5	100.0
11/30/2006 00:15	4.0	76.0	10.0	72.9	8.0	72.9	6.0	68.4	7.0	65.3	35.0	71.0	5	100.0
11/30/2006 00:20	9.0	75.5	13.0	72.2	11.0	73.5	9.0	68.3	8.0	63.8	50.0	71.0	5	100.0
11/30/2006 00:25	4.0	76.1	12.0	72.3	13.0	71.9	14.0	67.8	9.0	64.7	52.0	70.0	5	100.0
11/30/2006 00:30	4.0	76.3	11.0	72.4	13.0	72.6	9.0	64.7	10.0	65.3	47.0	69.8	5	100.0
11/30/2006 00:35	4.0	76.1	12.0	72.4	12.0	72.2	13.0	64.3	8.0	64.5	49.0	69.2	5	100.0
11/30/2006 00:40	3.0	76.4	11.0	72.1	9.0	72.1	7.0	64.9	9.0	64.3	39.0	69.3	5	100.0
11/30/2006 00:45	6.0	76.6	9.0	73.0	13.0	70.8	11.0	66.7	6.0	64.7	45.0	70.2	5	100.0
11/30/2006 00:50	5.0	76.5	11.0	72.7	7.0	70.6	10.0	65.5	8.0	61.1	41.0	68.8	5	100.0
11/30/2006 00:55	5.0	76.6	7.0	73.1	9.0	69.8	9.0	66.8	4.0	62.8	34.0	69.9	5	100.0
11/30/2006 01:00	3.0	76.7	10.0	73.6	6.0	70.1	11.0	68.5	6.0	62.7	36.0	69.9	5	100.0
11/30/2006 01:05	2.0	76.2	7.0	73.3	8.0	70.4	10.0	65.4	6.0	63.6	33.0	68.6	5	100.0
11/30/2006 01:10	2.0	76.3	10.0	72.9	7.0	70.6	5.0	66.8	6.0	63.3	30.0	69.7	5	100.0
11/30/2006 01:15	3.0	76.4	8.0	73.1	9.0	71.4	8.0	68.3	4.0	63.7	32.0	70.6	5	100.0
11/30/2006 01:20	2.0	76.5	8.0	73.2	8.0	70.9	7.0	65.2	4.0	63.8	29.0	69.6	5	100.0
11/30/2006 01:25	0.0	76.5	7.0	73.2	6.0	70.7	6.0	65.5	8.0	64.0	27.0	68.2	5	100.0
11/30/2006 01:30	3.0	76.5	5.0	73.7	6.0	71.4	5.0	65.8	4.0	64.3	23.0	70.1	5	100.0
11/30/2006 01:35	3.0	76.5	5.0	73.6	8.0	72.0	6.0	65.3	5.0	62.7	27.0	69.6	5	100.0
11/30/2006 01:40	1.0	76.4	7.0	73.3	6.0	72.1	6.0	64.0	1.0	63.3	21.0	70.0	5	100.0
11/30/2006 01:45	2.0	76.5	8.0	72.8	4.0	72.0	7.0	66.0	5.0	64.3	26.0	69.5	5	100.0
11/30/2006 01:50	4.0	76.8	6.0	73.3	8.0	72.5	6.0	60.8	6.0	63.2	30.0	69.0	5	100.0
11/30/2006 01:55	2.0	76.7	5.0	73.5	9.0	72.6	6.0	60.1	7.0	61.0	29.0	67.7	5	100.0
11/30/2006 02:00	0.0	76.7	4.0	73.6	6.0	72.2	6.0	62.5	4.0	62.5	20.0	67.6	5	100.0
11/30/2006 02:05	1.0	76.5	5.0	73.3	5.0	71.3	6.0	64.0	4.0	62.2	21.0	68.2	5	100.0
11/30/2006 02:10	2.0	76.4	8.0	73.8	6.0	70.8	4.0	65.1	8.0	62.6	28.0	68.9	5	100.0
11/30/2006 02:15	1.0	76.3	6.0	74.0	5.0	69.5	6.0	63.9	2.0	64.3	20.0	69.0	5	100.0
11/30/2006 02:20	0.0	76.3	4.0	74.1	4.0	70.8	5.0	65.3	3.0	64.2	16.0	68.7	5	100.0
11/30/2006 02:25	1.0	76.8	3.0	74.3	4.0	71.3	5.0	66.7	5.0	63.9	18.0	68.8	5	100.0
11/30/2006 02:30	1.0	77.1	2.0	73.9	5.0	71.0	5.0	68.1	7.0	63.5	20.0	68.2	5	100.0
11/30/2006 02:35	0.0	77.1	3.0	74.1	4.0	71.8	4.0	66.7	3.0	63.1	14.0	69.0	5	100.0
11/30/2006 02:40	0.0	77.1	2.0	73.8	4.0	71.6	5.0	62.8	4.0	63.9	15.0	66.9	5	100.0
11/30/2006 02:45	1.0	76.6	4.0	74.1	4.0	71.5	4.0	65.7	2.0	65.0	15.0	70.1	5	100.0
11/30/2006 02:50	0.0	76.6	3.0	74.0	4.0	70.7	6.0	65.4	4.0	62.8	17.0	67.6	5	100.0
11/30/2006 02:55	1.0	76.4	3.0	74.0	5.0	70.7	4.0	67.3	3.0	64.0	16.0	69.6	5	100.0
11/30/2006 03:00	0.0	76.4	2.0	73.7	1.0	71.3	5.0	66.0	2.0	63.9	10.0	67.7	5	100.0
11/30/2006 03:05	0.0	76.4	1.0	73.7	3.0	71.9	4.0	67.3	4.0	64.1	12.0	67.9	5	100.0
11/30/2006 03:10	0.0	76.4	1.0	73.7	3.0	71.9	5.0	67.4	4.0	63.4	13.0	67.7	5	100.0
11/30/2006 03:15	0.0	76.4	4.0	73.9	2.0	71.4	3.0	67.4	3.0	63.6	12.0	69.3	5	100.0
11/30/2006 03:20	0.0	76.4	0.0	73.9	0.0	71.4	0.0	67.4	2.0	63.3	2.0	63.3	5	100.0
11/30/2006 03:25	0.0	76.4	0.0	73.9	0.0	71.4	0.0	67.4	0.0	63.3	0.0	70.5	5	100.0
11/30/2006 03:30	0.0	76.4	0.0	73.9	0.0	71.4	0.0	67.4	0.0	63.3	0.0	70.5	5	100.0
11/30/2006 03:35	0.0	76.4	0.0	73.9	0.0	71.4	0.0	67.4	0.0	63.3	0.0	70.5	5	100.0
11/30/2006 03:40	0.0	76.4	0.0	73.9	0.0	71.4	0.0	67.4	0.0	63.3	0.0	70.5	5	100.0
11/30/2006 03:45	0.0	76.4	0.0	73.9	0.0	71.4	0.0	67.4	0.0	63.3	0.0	70.5	5	100.0
11/30/2006 03:50	0.0	76.4	0.0	73.9	0.0	71.4	0.0	67.4	0.0	63.3	0.0	70.5	5	100.0
11/30/2006 03:55	1.0	76.7	2.0	74.0	4.0	71.5	3.0	67.2	2.0	62.5	12.0	69.8	5	100.0
11/30/2006 04:00	0.0	76.7	2.0	74.1	1.0	71.3	4.0	64.8	1.0	64.2	8.0	67.9	5	100.0
11/30/2006 04:05	0.0	76.7	3.0	73.8	2.0	71.3	6.0	61.2	5.0	61.9	16.0	65.0	5	100.0
11/30/2006 04:10	0.0	76.7	5.0	74.1	9.0	70.4	5.0	64.0	7.0	61.0	26.0	67.4	5	100.0
11/30/2006 04:15	0.0	76.7	1.0	73.9	1.0	70.5	3.0	65.6	3.0	61.6	8.0	65.8	5	100.0
11/30/2006 04:20	1.0	76.8	3.0	74.1	7.0	69.0	8.0	62.9	5.0	62.3	24.0	66.5	5	100.0
11/30/2006 04:25	1.0	76.7	3.0	73.9	7.0	69.9	6.0	63.1	7.0	60.5	24.0	66.2	5	100.0
11/30/2006 04:30	0.0	76.7	6.0	73.7	5.0	69.6	7.0	60.1	9.0	58.5	27.0	64.3	5	100.0
11/30/2006 04:35	1.0	76.8	4.0	74.1	8.0	65.3	6.0	56.7	9.0	55.1	28.0	61.8	5	100.0
11/30/2006 04:40	1.0	76.9	5.0	73.8	7.0	67.8	8.0	55.5	5.0	58.8	26.0	63.8	5	100.0
11/30/2006 04:45	0.0	76.9	3.0	73.9	7.0	69.3	7.0	62.0	7.0	60.9	24.0	65.3	5	100.0
11/30/2006 04:50	1.0	76.9	7.0	74.0	9.0	65.3	9.0	58.7	8.0	59.4	34.0	64.3	5	100.0
11/30/2006 04:55	1.0	76.9	10.0	73.9	8.0	65.3	9.0	53.0	9.0	52.2	37.0	61.8	5	100.0
11/30/2006 05:00	1.0	77.0	6.0	74.2	9.0	68.0	9.0	54.2	10.0	47.5	35.0	59.9	5	100.0
11/30/2006 05:05	0.0	77.0	8.0	73.8	11.0	66.6	12.0	56.3	9.0	52.5	40.0	61.8	5	100.0
11/30/2006 05:10	0.0	77.0	11.0	73.6	13.0	65.8	13.0	53.8	10.0	56.2	47.0	62.3	5	100.0
11/30/2006 05:15	1.0	77.1	6.0	73.8	9.0	67.9	7.0	60.5	8.0	57.9	31.0	65.1	5	100.0
11/30/2006 05:20	1.0	77.1	11.0	73.3	13.0	61.5	13.0	61.8	9.0	57.2	47.0	63.9	5	100.0
11/30/2006 05:25	1.0	77.1	13.0	73.4	14.0	64.1	15.0	61.5	13.0	54.3	56.0	63.5	5	100.0
11/30/2006 05:30	0.0	77.1	13.0	72.0	11.0	66.0	11.0	59.4	10.0	57.5	45.0	64.2	5	100.0
11/30/2006 05:35	2.0	76.7	17.0	72.1	16.0	62.9	19.0	56.0	16.0	53.6	70.0	61.5	5	100.0
11/30/2006 05:40	3.0	76.7	20.0	70.5	23.0	61.0	18.0	51.8	16.0	50.7	80.0	59.8	5	100.0
11/30/2006 05:45	1.0	76.4	18.0	71.2	20.0	63.2	19.0	56.7	19.0	52.6	77.0	61.0	5	100.0
11/30/2006 05:50	1.0	76.2	21.0	71.9	21.0	54.8	21.0	55.8	19.0	53.6	83.0	59.4	5	100.0
11/30/2006 05:55	5.0	76.2	26.0	70.7	23.0	53.9	26.0	54.9	21.0	54.3	101.0	59.7	5	100.0
11/30/2006 06:00	3.0	76.6	19.0	71.8	19.0	56.4	18.0	48.6	16.0	54.4	75.0	58.8	5	100.0
11/30/2006 06:05	1.0	76.4	21.0	73.6	19.0	58.3	23.0	53.2	17.0	52.9	81.0	59.9	5	100.0
11/30/2006 06:10	3.0	76.7	29.0	71.5	22.0	54.2	27.0	55.0	25.0	50.7	106.0	58.9	5	100.0
11/30/2006 06:15	2.0	76.2	24.0	70.4	27.0	54.4	27.0	53.5	21.0	48.9	101.0	57.2	5	100.0
11/30/2006 06:20	2.0	76.0	31.0	70.4	28.0	54.7	29.0	53.2	24.0	48.1	114.0	57.6	5	100.0
11/30/2006 06:25	4.0	76.4	39.0	69.6	33.0	55.7	27.0	51.9	23.0	47.4	126.0	58.3	5	100.0
11/30/2006 06:30	4.0	76.0	25.0	69.9	23.0	53.6	23.0	53.0	21.0	47.7	96.0	57.3	5	100.0
11/30/2006 06:35	0.0	76.0	4.0	71.8	3.0	62.8	3.0	60.3	1.0	55.9	11.0	64.8	5	100.0
11/30/2006 06:40	4.0	76.1	39.0	69.2	34.0	57.7	27.0	58.2	27.0	52.0	131.0	60.6	5	100.0
11/30/2006 06:45	4.0	75.7	39.0	66.8	34.0	58.8	35.0	54.2	40.0	51.6	152.0	58.3	5	100.0
11/30/2006 06:50	4.0	75.6	47.0	65.9	40.0	56.5	36.0	56.4	41.0	53.3	168.0	58.8	5	100.0
11/30/2006 06:55	7.0	75.0	43.0	67.2	37.0	55.4	36.0	58.2	38.0	54.2	161.0	59.7	5	100.0
11/30/2006 07:00	6.0	75.7	46.0	68.5	43.0	56.0	41.0	57.5	39.0	51.4	175.0	59.3	5	100.0
11/30/2006 07:05	8.0	75.6	45.0	68.4	35.0	52.7	38.0	59.1	38.0	52.6	164.0	59.6	5	100.0
11/30/2006 07:10	4.0	75.7	48.0	68.7	38.0	54.0	37.0	54.4	33.0	51.1	160.0	58.4	5	100.0
11/30/2006 07:15	7.0	75.5	57.0	67.7	45.0	51.3	39.0	52.5	45.0	48.1	193.0	56.5	5	100.0
11/30/2006 07:20	7.0	76.1	46.0	67.5	40.0	56.6	41.0	52.6	41.0	52.2	175.0	58.3	5	100.0
11/30/2006 07:25	7.0	76.3	53.0	68.0	42.0	58.8	45.0	55.7	45.0	53.1	192.0	59.9	5	100.0
11/30/2006 07:30	7.0	76.1	54.0	67.9	39.0	52.9	45.0	58.9	40.0	54.0	185.0	59.9	5	100.0
11/30/2006 07:35	7.0	75.7	47.0	65.8	40.0	56.1	39.0	56.6	45.0	51.7	178.0	58.4	5	100.0
11/30/2006 07:40	6.0	75.8	51.0	64.6	41.0	53.7	41.0	53.0	49.0	51.9	188.0	56.7	5	100.0
11/30/2006 07:45	7.0	76.5	54.0	65.0	43.0	54.7	41.0	55.3	44.0	51.0	189.0	57.7	5	100.0
11/30/2006 07:50	8.0	76.0	50.0	61.3	39.0	48.4	44.0	55.7	44.0	52.9	185.0	55.9	5	100.0
11/30/2006 07:55	13.0	71.7	55.0	56.2	48.0	46.5	43.0	50.5	53.0	47.0	212.0	51.5	5	100.0
11/30/2006 08:00	7.0	74.0	52.0	61.2	41.0	47.2	42.0	48.5	51.0	50.1	193.0	53.0	5	100.0
11/30/2006 08:05	10.0	74.9	61.0	62.9	44.0	47.0	46.0	53.2	51.0	50.3	212.0	55.0	5	100.0
11/30/2006 08:10	7.0	75.8	53.0	63.8	47.0	49.9	41.0	50.9	50.0	51.1	198.0	55.0	5	100.0
11/30/2006 08:15	5.0	75.7	33.0	63.0	24.0	47.1	28.0	53.8	28.0	52.2	118.0	55.6	5	100.0
11/30/2006 08:20	13.0	74.5	57.0	58.3	46.0	41.4	44.0	46.0	50.0	45.7	210.0	50.0	5	100.0
11/30/2006 08:25	6.0	75.4	56.0	61.4	44.0	46.5	42.0	45.5	53.0	41.9	201.0	50.1	5	100.0
11/30/2006 08:30	6.0	76.1	51.0	63.8	39.0	50.0	41.0	48.9	51.0	45.9	188.0	53.2	5	100.0
11/30/2006 08:35	7.0	76.6	48.0	64.9	40.0	49.4	41.0	50.4	43.0	51.2	179.0	55.3	5	100.0
11/30/2006 08:40	7.0	74.9	53.0	65.7	42.0	49.1	47.0	52.8	53.0	50.2	202.0	55.5	5	100.0
11/30/2006 08:45	5.0	75.2	55.0	64.8	37.0	47.9	39.0	48.6	49.0	49.1	185.0	54.1	5	100.0
11/30/2006 08:50	6.0	75.3	50.0	65.8	39.0	47.7	42.0	48.2	49.0	50.5	186.0	54.3	5	100.0
11/30/2006 08:55	11.0	76.0	58.0	67.1	38.0	48.6	45.0	49.0	48.0	52.9	200.0	56.6	5	100.0
11/30/2006 09:00	7.0	76.1	44.0	64.0	37.0	48.7	38.0	50.2	43.0	51.4	169.0	54.8	5	100.0
11/30/2006 09:05	11.0	75.9	49.0	60.0	35.0	48.2	42.0	51.2	52.0	52.7	189.0	54.8	5	100.0
11/30/2006 09:10	12.0	73.9	53.0	58.2	37.0	46.6	43.0	50.9	58.0	52.9	203.0	54.0	5	100.0
11/30/2006 09:15	11.0	74.9	51.0	57.2	42.0	49.0	43.0	50.4	47.0	50.4	194.0	53.3	5	100.0
11/30/2006 09:20	9.0	75.8	53.0	58.5	40.0	50.8	43.0	49.2	50.0	52.1	195.0	54.0	5	100.0
11/30/2006 09:25	8.0	75.5	56.0	57.8	44.0	50.7	43.0	47.7	55.0	50.5	206.0	52.9	5	100.0
11/30/2006 09:30	9.0	75.3	61.0	55.2	45.0	47.5	47.0	45.2	49.0	47.3	211.0	50.4	5	100.0
11/30/2006 09:35	14.0	75.5	59.0	53.4	49.0	45.8	48.0	49.6	54.0	47.5	224.0	50.9	5	100.0
11/30/2006 09:40	9.0	76.0	48.0	57.0	38.0	50.6	37.0	48.6	47.0	48.7	179.0	52.7	5	100.0
11/30/2006 09:45	9.0	76.1	51.0	58.2	41.0	50.4	41.0	49.0	51.0	49.8	193.0	53.2	5	100.0
11/30/2006 09:50	13.0	76.7	49.0	59.7	44.0	50.8	45.0	52.3	42.0	50.1	193.0	55.0	5	100.0
11/30/2006 09:55	11.0	76.9	45.0	58.4	35.0	48.0	41.0	48.2	49.0	49.8	181.0	52.9	5	100.0
11/30/2006 10:00	25.0	77.0	45.0	59.0	37.0	44.6	38.0	45.7	41.0	49.8	186.0	53.8	5	100.0
11/30/2006 10:05	25.0	77.7	37.0	58.7	37.0	45.1	40.0	46.5	46.0	49.9	185.0	53.7	5	100.0
11/30/2006 10:10	25.0	77.4	47.0	59.2	35.0	43.9	37.0	48.1	44.0	52.1	188.0	54.9	5	100.0
11/30/2006 10:15	27.0	77.8	41.0	60.0	33.0	45.2	34.0	45.0	47.0	52.6	182.0	55.2	5	100.0
11/30/2006 10:20	26.0	79.2	40.0	61.5	35.0	47.3	39.0	45.2	45.0	49.1	185.0	54.8	5	100.0
11/30/2006 10:25	26.0	77.5	42.0	61.8	34.0	49.5	41.0	46.8	49.0	49.1	192.0	55.3	5	100.0
11/30/2006 10:30	20.0	76.6	39.0	61.1	39.0	49.4	40.0	45.5	44.0	49.5	182.0	54.1	5	100.0
11/30/2006 10:35	25.0	75.4	43.0	62.1	39.0	46.5	41.0	47.8	52.0	52.8	200.0	55.4	5	100.0
11/30/2006 10:40	16.0	75.5	27.0	62.4	21.0	41.8	24.0	49.1	31.0	53.9	119.0	55.6	5	100.0
11/30/2006 10:45	0.0	75.5	0.0	62.4	0.0	41.8	0.0	49.1	0.0	53.9	0.0	56.5	5	100.0
11/30/2006 10:50	19.0	76.2	40.0	59.5	29.0	40.0	36.0	49.2	43.0	53.7	167.0	54.3	5	100.0
11/30/2006 10:55	34.0	74.7	43.0	59.2	39.0	43.2	39.0	47.5	52.0	51.4	207.0	54.6	5	100.0
11/30/2006 11:00	26.0	74.8	38.0	59.9	32.0	43.7	35.0	49.7	39.0	51.0	170.0	55.0	5	100.0
11/30/2006 11:05	32.0	74.7	39.0	60.1	33.0	43.1	39.0	49.1	43.0	49.7	186.0	54.9	5	100.0
11/30/2006 11:10	15.0	76.2	26.0	61.0	22.0	42.8	19.0	46.7	23.0	51.3	105.0	54.6	5	100.0
11/30/2006 11:15	27.0	78.6	37.0	60.8	37.0	44.6	37.0	48.0	44.0	50.7	182.0	55.1	5	100.0
11/30/2006 11:20	31.0	78.5	41.0	60.1	39.0	48.4	40.0	47.8	43.0	47.5	194.0	55.4	5	100.0
11/30/2006 11:25	30.0	76.7	42.0	59.4	34.0	45.7	37.0	46.9	46.0	50.8	189.0	55.1	5	100.0
11/30/2006 11:30	27.0	76.4	43.0	60.1	36.0	44.4	43.0	49.5	44.0	49.3	193.0	54.6	5	100.0
11/30/2006 11:35	26.0	76.9	45.0	60.1	39.0	48.6	41.0	48.4	47.0	50.0	198.0	55.2	5	100.0
11/30/2006 11:40	22.0	77.8	37.0	59.9	35.0	46.2	37.0	48.3	48.0	49.7	179.0	54.3	5	100.0
11/30/2006 11:45	31.0	80.7	44.0	59.3	33.0	43.3	42.0	48.5	46.0	51.2	196.0	55.8	5	100.0
11/30/2006 11:50	31.0	78.9	45.0	61.5	35.0	44.9	44.0	45.8	48.0	50.0	203.0	55.2	5	100.0
11/30/2006 11:55	32.0	79.2	41.0	60.8	37.0	44.1	42.0	46.2	46.0	47.8	198.0	54.5	5	100.0
11/30/2006 12:00	33.0	78.7	43.0	60.1	43.0	45.9	43.0	46.5	51.0	46.8	213.0	54.2	5	100.0
11/30/2006 12:05	28.0	76.2	45.0	58.9	39.0	45.0	41.0	48.9	47.0	49.7	200.0	54.4	5	100.0
11/30/2006 12:10	35.0	74.1	42.0	57.3	42.0	46.0	41.0	49.1	49.0	49.4	209.0	54.4	5	100.0
11/30/2006 12:15	31.0	75.6	42.0	58.4	39.0	50.5	37.0	47.5	42.0	47.8	191.0	55.1	5	100.0
11/30/2006 12:20	37.0	76.3	43.0	58.3	39.0	47.7	41.0	45.2	51.0	47.7	211.0	54.4	5	100.0
11/30/2006 12:25	32.0	75.1	41.0	58.8	42.0	50.0	43.0	45.8	51.0	48.5	209.0	54.3	5	100.0
11/30/2006 12:30	28.0	75.0	45.0	59.5	37.0	47.8	48.0	46.7	49.0	48.4	207.0	53.9	5	100.0
11/30/2006 12:35	37.0	75.0	46.0	59.6	47.0	49.6	45.0	46.7	51.0	47.8	226.0	54.8	5	100.0
11/30/2006 12:40	27.0	75.6	46.0	60.6	35.0	47.0	38.0	49.2	49.0	50.9	195.0	55.6	5	100.0
11/30/2006 12:45	33.0	75.8	44.0	60.1	39.0	46.5	41.0	50.1	51.0	47.5	208.0	55.0	5	100.0
11/30/2006 12:50	36.0	78.1	47.0	58.7	43.0	46.2	43.0	48.9	49.0	47.4	218.0	55.0	5	100.0
11/30/2006 12:55	31.0	78.2	42.0	58.7	43.0	50.3	37.0	48.5	46.0	47.6	199.0	55.5	5	100.0
11/30/2006 13:00	33.0	68.0	43.0	59.8	39.0	50.8	41.0	49.5	45.0	49.0	201.0	54.9	5	100.0
11/30/2006 13:05	37.0	62.2	46.0	59.3	44.0	49.2	39.0	49.0	47.0	50.3	213.0	53.8	5	100.0
11/30/2006 13:10	37.0	59.3	47.0	59.8	44.0	49.3	45.0	49.7	47.0	48.8	220.0	53.2	5	100.0
11/30/2006 13:15	35.0	58.8	42.0	59.3	39.0	48.4	40.0	49.1	56.0	49.4	212.0	52.7	5	100.0
11/30/2006 13:20	39.0	57.1	43.0	60.1	37.0	49.0	41.0	49.2	47.0	47.9	207.0	52.6	5	100.0
11/30/2006 13:25	35.0	56.5	41.0	58.7	43.0	50.7	41.0	47.6	52.0	46.3	212.0	51.5	5	100.0
11/30/2006 13:30	35.0	57.4	41.0	59.4	37.0	49.9	37.0	48.5	44.0	47.6	194.0	52.5	5	100.0
11/30/2006 13:35	33.0	55.9	46.0	59.8	35.0	47.1	43.0	48.9	45.0	48.6	202.0	52.1	5	100.0
11/30/2006 13:40	39.0	57.2	45.0	59.4	40.0	47.8	41.0	49.3	42.0	49.7	207.0	52.8	5	100.0
11/30/2006 13:45	35.0	58.7	47.0	59.9	38.0	46.7	43.0	52.1	45.0	50.9	208.0	53.7	5	100.0
11/30/2006 13:50	36.0	58.0	52.0	59.7	43.0	47.2	46.0	51.4	50.0	49.8	227.0	53.2	5	100.0
11/30/2006 13:55	45.0	56.7	49.0	59.2	41.0	49.0	44.0	50.8	48.0	50.7	227.0	53.4	5	100.0
11/30/2006 14:00	40.0	55.4	48.0	58.9	44.0	47.5	43.0	50.8	47.0	51.9	222.0	53.0	5	100.0
11/30/2006 14:05	53.0	54.2	57.0	57.7	39.0	44.4	48.0	51.7	44.0	50.4	241.0	52.3	5	100.0
11/30/2006 14:10	58.0	53.5	53.0	56.9	43.0	45.3	45.0	48.8	50.0	49.0	249.0	51.1	5	100.0
11/30/2006 14:15	55.0	52.2	53.0	56.7	49.0	46.2	44.0	49.2	48.0	48.7	249.0	50.8	5	100.0
11/30/2006 14:20	53.0	53.8	49.0	56.6	45.0	45.7	43.0	50.0	39.0	48.5	229.0	51.2	5	100.0
11/30/2006 14:25	55.0	52.3	51.0	56.4	45.0	44.4	47.0	50.7	50.0	49.3	248.0	50.8	5	100.0
11/30/2006 14:30	50.0	54.1	48.0	58.1	43.0	47.7	43.0	51.0	45.0	49.7	229.0	52.3	5	100.0
11/30/2006 14:35	59.0	55.3	47.0	57.5	46.0	46.8	44.0	51.5	44.0	51.0	240.0	52.6	5	100.0
11/30/2006 14:40	59.0	52.5	57.0	55.5	50.0	47.1	53.0	51.5	52.0	50.4	271.0	51.5	5	100.0
11/30/2006 14:45	45.0	53.3	52.0	57.1	45.0	45.5	41.0	51.7	42.0	50.9	225.0	51.9	5	100.0
11/30/2006 14:50	56.0	53.0	54.0	56.2	45.0	45.7	48.0	52.7	46.0	48.5	249.0	51.5	5	100.0
11/30/2006 14:55	49.0	54.2	59.0	56.4	45.0	45.3	45.0	50.6	51.0	49.6	249.0	51.5	5	100.0
11/30/2006 15:00	28.0	56.9	67.0	55.5	47.0	47.2	47.0	52.0	47.0	50.1	236.0	52.2	5	100.0
11/30/2006 15:05	24.0	53.6	55.0	45.8	47.0	40.5	45.0	45.6	45.0	43.9	216.0	45.1	5	100.0
11/30/2006 15:10	26.0	49.8	49.0	45.2	44.0	41.5	46.0	45.6	41.0	43.1	206.0	44.7	5	100.0
11/30/2006 15:15	31.0	50.1	54.0	44.1	47.0	40.7	46.0	44.8	45.0	43.3	223.0	44.2	5	100.0
11/30/2006 15:20	34.0	47.5	54.0	43.1	48.0	40.0	49.0	43.2	44.0	41.0	229.0	42.7	5	100.0
11/30/2006 15:25	29.0	47.8	51.0	44.8	44.0	40.6	45.0	43.6	42.0	40.5	211.0	43.2	5	100.0
11/30/2006 15:30	32.0	46.5	56.0	43.4	41.0	37.5	45.0	44.2	41.0	40.6	215.0	42.4	5	100.0
11/30/2006 15:35	35.0	46.7	53.0	42.3	45.0	35.7	44.0	42.9	45.0	41.2	222.0	41.6	5	100.0
11/30/2006 15:40	35.0	44.9	48.0	39.0	44.0	34.7	41.0	40.3	42.0	38.3	210.0	39.2	5	100.0
11/30/2006 15:45	36.0	43.7	54.0	40.7	47.0	37.6	44.0	42.3	45.0	39.5	226.0	40.6	5	100.0
11/30/2006 15:50	35.0	42.7	49.0	38.9	42.0	34.7	46.0	40.8	43.0	39.7	215.0	39.3	5	100.0
11/30/2006 15:55	37.0	40.7	51.0	36.6	47.0	34.1	45.0	40.3	47.0	38.9	227.0	38.0	5	100.0
11/30/2006 16:00	39.0	40.3	53.0	38.5	46.0	35.8	46.0	39.7	49.0	40.0	233.0	38.8	5	100.0
11/30/2006 16:05	43.0	36.7	46.0	33.9	46.0	32.9	43.0	38.0	43.0	38.8	221.0	36.0	5	100.0
11/30/2006 16:10	39.0	35.5	44.0	29.8	39.0	27.4	43.0	34.1	40.0	36.1	205.0	32.6	5	100.0
11/30/2006 16:15	42.0	36.1	46.0	33.0	41.0	29.8	45.0	36.8	43.0	38.4	217.0	34.9	5	100.0
11/30/2006 16:20	47.0	33.6	54.0	32.2	39.0	27.9	51.0	37.7	44.0	40.8	235.0	34.6	5	100.0
11/30/2006 16:25	37.0	33.4	45.0	29.2	39.0	26.9	40.0	36.5	39.0	40.0	200.0	33.1	5	100.0
11/30/2006 16:30	31.0	33.2	33.0	26.1	30.0	24.1	33.0	33.6	35.0	37.0	162.0	31.0	5	100.0
11/30/2006 16:35	39.0	30.7	44.0	21.8	37.0	21.7	42.0	29.9	46.0	33.5	208.0	27.7	5	100.0
11/30/2006 16:40	47.0	28.3	41.0	21.1	39.0	20.9	45.0	29.0	44.0	31.6	216.0	26.4	5	100.0
11/30/2006 16:45	40.0	28.5	40.0	19.9	37.0	20.7	40.0	26.8	42.0	29.9	199.0	25.3	5	100.0
11/30/2006 16:50	42.0	24.0	40.0	18.1	39.0	18.8	42.0	26.6	41.0	29.7	204.0	23.5	5	100.0
11/30/2006 16:55	46.0	23.5	45.0	18.8	39.0	18.1	42.0	25.3	43.0	27.9	215.0	22.8	5	100.0
11/30/2006 17:00	38.0	33.4	46.0	18.6	34.0	18.6	45.0	27.4	47.0	30.7	210.0	25.9	5	100.0
11/30/2006 17:05	42.0	35.8	43.0	21.5	33.0	19.9	43.0	29.3	45.0	31.9	206.0	28.1	5	100.0
11/30/2006 17:10	42.0	38.0	42.0	20.5	38.0	19.2	42.0	27.2	41.0	31.3	205.0	27.4	5	100.0
11/30/2006 17:15	42.0	30.2	40.0	20.5	37.0	18.4	41.0	27.2	46.0	33.2	206.0	26.3	5	100.0
11/30/2006 17:20	45.0	35.4	49.0	25.5	45.0	23.6	45.0	29.6	45.0	34.0	229.0	29.5	5	100.0
11/30/2006 17:25	28.0	39.4	29.0	24.9	24.0	24.2	25.0	30.5	25.0	34.7	131.0	30.8	5	100.0
11/30/2006 17:30	41.0	34.9	39.0	20.3	37.0	19.6	39.0	25.1	42.0	29.9	198.0	26.2	5	100.0
11/30/2006 17:35	42.0	32.4	41.0	18.3	37.0	18.5	37.0	21.8	40.0	26.4	197.0	23.6	5	100.0
11/30/2006 17:40	43.0	28.6	39.0	18.0	39.0	17.7	41.0	25.0	41.0	28.7	203.0	23.8	5	100.0
11/30/2006 17:45	43.0	34.3	42.0	18.4	40.0	21.4	41.0	27.6	41.0	31.5	207.0	26.7	5	100.0
11/30/2006 17:50	45.0	40.7	46.0	24.7	46.0	25.5	43.0	31.5	45.0	33.3	225.0	31.1	5	100.0
11/30/2006 17:55	41.0	41.5	41.0	20.7	38.0	23.6	41.0	30.5	45.0	31.9	206.0	29.8	5	100.0
11/30/2006 18:00	37.0	38.5	41.0	18.7	36.0	19.5	39.0	25.7	43.0	28.2	196.0	26.1	5	100.0
11/30/2006 18:05	43.0	35.9	41.0	19.0	35.0	18.2	37.0	23.4	41.0	25.7	197.0	24.8	5	100.0
11/30/2006 18:10	41.0	31.2	40.0	17.9	37.0	18.4	41.0	23.8	41.0	27.4	200.0	23.9	5	100.0
11/30/2006 18:15	44.0	31.0	43.0	18.2	39.0	19.0	41.0	22.7	43.0	26.9	210.0	23.7	5	100.0
11/30/2006 18:20	39.0	31.6	41.0	18.6	40.0	19.3	42.0	24.5	41.0	27.5	203.0	24.3	5	100.0
11/30/2006 18:25	42.0	35.3	49.0	24.2	44.0	24.2	45.0	29.4	43.0	31.1	223.0	28.7	5	100.0
11/30/2006 18:30	39.0	31.6	41.0	21.5	39.0	23.5	43.0	28.9	45.0	30.9	207.0	27.4	5	100.0
11/30/2006 18:35	43.0	35.2	49.0	24.1	42.0	26.4	42.0	30.1	39.0	31.5	215.0	29.3	5	100.0
11/30/2006 18:40	43.0	33.4	43.0	22.7	42.0	25.1	43.0	30.4	42.0	31.4	213.0	28.6	5	100.0
11/30/2006 18:45	43.0	32.8	43.0	19.6	39.0	23.0	43.0	29.1	41.0	30.4	209.0	27.0	5	100.0
11/30/2006 18:50	44.0	37.1	51.0	26.7	40.0	26.6	43.0	32.1	44.0	35.3	222.0	31.5	5	100.0
11/30/2006 18:55	49.0	42.7	51.0	32.2	41.0	29.3	47.0	36.9	45.0	37.9	233.0	35.9	5	100.0
11/30/2006 19:00	53.0	42.9	47.0	34.2	44.0	31.3	40.0	36.7	42.0	38.7	226.0	37.0	5	100.0
11/30/2006 19:05	49.0	42.6	48.0	34.8	40.0	31.8	44.0	37.3	42.0	39.6	223.0	37.4	5	100.0
11/30/2006 19:10	51.0	43.7	45.0	35.4	43.0	33.1	46.0	38.1	41.0	38.9	226.0	38.0	5	100.0
11/30/2006 19:15	53.0	42.0	51.0	34.2	45.0	31.4	41.0	35.6	47.0	37.4	237.0	36.3	5	100.0
11/30/2006 19:20	51.0	40.8	48.0	32.4	43.0	29.8	43.0	34.3	46.0	36.5	231.0	34.9	5	100.0
11/30/2006 19:25	50.0	39.1	47.0	32.5	44.0	30.5	43.0	34.3	43.0	36.1	227.0	34.6	5	100.0
11/30/2006 19:30	52.0	42.9	50.0	36.0	46.0	34.3	42.0	36.5	48.0	38.7	238.0	37.8	5	100.0
11/30/2006 19:35	52.0	45.2	48.0	38.0	44.0	35.6	44.0	38.5	47.0	41.2	235.0	39.9	5	100.0
11/30/2006 19:40	56.0	46.7	50.0	39.3	50.0	36.7	45.0	39.7	46.0	40.7	247.0	40.8	5	100.0
11/30/2006 19:45	39.0	57.1	41.0	48.7	45.0	43.0	46.0	47.5	45.0	45.6	216.0	48.1	5	100.0
11/30/2006 19:50	37.0	65.8	43.0	54.8	37.0	52.8	42.0	54.9	40.0	56.5	199.0	56.8	5	100.0
11/30/2006 19:55	35.0	71.2	37.0	58.1	34.0	52.8	39.0	58.9	40.0	58.9	185.0	59.9	5	100.0
11/30/2006 20:00	33.0	73.8	34.0	61.4	34.0	55.4	38.0	57.7	34.0	61.4	173.0	61.8	5	100.0
11/30/2006 20:05	34.0	72.6	37.0	62.7	37.0	57.5	36.0	60.3	34.0	62.5	178.0	63.0	5	100.0
11/30/2006 20:10	33.0	73.0	39.0	62.9	36.0	60.4	37.0	61.0	33.0	61.0	178.0	63.5	5	100.0
11/30/2006 20:15	28.0	75.3	34.0	64.3	36.0	59.7	34.0	60.7	36.0	60.8	168.0	63.7	5	100.0
11/30/2006 20:20	35.0	74.9	35.0	64.7	36.0	56.3	37.0	58.3	34.0	60.0	177.0	62.8	5	100.0
11/30/2006 20:25	34.0	75.8	39.0	63.1	35.0	57.4	39.0	57.2	37.0	61.2	184.0	62.7	5	100.0
11/30/2006 20:30	35.0	75.9	39.0	63.0	36.0	58.6	33.0	60.0	33.0	66.1	176.0	64.7	5	100.0
11/30/2006 20:35	29.0	77.7	33.0	62.7	34.0	61.2	35.0	62.1	29.0	64.3	160.0	65.3	5	100.0
11/30/2006 20:40	31.0	79.9	34.0	62.7	33.0	60.0	30.0	58.1	29.0	62.1	157.0	64.5	5	100.0
11/30/2006 20:45	23.0	78.7	27.0	63.6	37.0	62.0	39.0	60.5	33.0	61.5	159.0	64.2	5	100.0
11/30/2006 20:50	24.0	79.2	34.0	64.9	33.0	63.8	35.0	56.7	35.0	61.9	161.0	64.4	5	100.0
11/30/2006 20:55	28.0	78.8	30.0	63.8	32.0	64.7	29.0	57.6	32.0	62.0	151.0	65.2	5	100.0
11/30/2006 21:00	21.0	76.9	27.0	65.6	26.0	65.7	29.0	63.2	29.0	64.4	132.0	66.6	5	100.0
11/30/2006 21:05	21.0	77.0	29.0	70.4	29.0	69.2	37.0	64.1	27.0	63.4	143.0	68.2	5	100.0
11/30/2006 21:10	27.0	76.3	36.0	72.1	35.0	67.8	37.0	66.1	35.0	63.2	170.0	68.7	5	100.0
11/30/2006 21:15	27.0	76.0	38.0	72.4	33.0	65.2	32.0	65.2	31.0	65.7	161.0	68.8	5	100.0
11/30/2006 21:20	23.0	77.1	31.0	71.5	35.0	69.8	35.0	65.2	32.0	65.0	156.0	69.2	5	100.0
11/30/2006 21:25	30.0	76.3	36.0	72.2	39.0	69.8	29.0	66.0	33.0	66.9	167.0	70.3	5	100.0
11/30/2006 21:30	25.0	76.0	33.0	74.1	31.0	69.9	33.0	64.9	35.0	64.9	157.0	69.6	5	100.0
11/30/2006 21:35	21.0	77.4	29.0	72.9	30.0	70.0	31.0	62.9	28.0	62.9	139.0	68.7	5	100.0
11/30/2006 21:40	25.0	78.3	31.0	72.9	31.0	73.1	35.0	65.7	31.0	62.6	153.0	70.1	5	100.0
11/30/2006 21:45	21.0	76.6	26.0	71.2	30.0	69.5	29.0	66.3	32.0	64.7	138.0	69.1	5	100.0
11/30/2006 21:50	29.0	74.9	35.0	71.5	33.0	66.1	31.0	65.5	29.0	63.1	157.0	68.3	5	100.0
11/30/2006 21:55	22.0	76.0	28.0	74.0	29.0	67.3	31.0	63.5	30.0	63.3	140.0	68.3	5	100.0
11/30/2006 22:00	23.0	76.6	27.0	73.8	29.0	70.0	27.0	63.3	27.0	64.0	133.0	69.3	5	100.0
11/30/2006 22:05	19.0	77.1	29.0	74.8	26.0	68.3	27.0	63.2	27.0	61.2	128.0	68.5	5	100.0
11/30/2006 22:10	18.0	76.9	24.0	74.3	23.0	70.5	29.0	63.9	27.0	59.3	121.0	68.1	5	100.0
11/30/2006 22:15	19.0	78.1	26.0	72.8	30.0	70.1	27.0	62.6	26.0	61.3	128.0	68.5	5	100.0
11/30/2006 22:20	23.0	75.3	28.0	73.2	28.0	70.3	23.0	62.7	26.0	58.8	128.0	68.1	5	100.0
11/30/2006 22:25	19.0	76.8	31.0	74.5	27.0	68.7	31.0	66.8	27.0	60.8	135.0	69.2	5	100.0
11/30/2006 22:30	17.0	75.4	27.0	74.6	25.0	68.1	29.0	64.9	23.0	60.6	121.0	68.4	5	100.0
11/30/2006 22:35	16.0	76.1	25.0	74.7	24.0	68.5	29.0	60.6	20.0	60.9	114.0	67.6	5	100.0
11/30/2006 22:40	19.0	76.8	25.0	74.2	23.0	71.8	25.0	60.1	23.0	60.7	115.0	68.4	5	100.0
11/30/2006 22:45	15.0	76.8	29.0	75.0	25.0	75.3	21.0	60.0	21.0	59.2	111.0	69.5	5	100.0
11/30/2006 22:50	19.0	77.2	23.0	75.0	26.0	72.6	22.0	59.2	25.0	61.6	115.0	68.9	5	100.0
11/30/2006 22:55	16.0	75.2	25.0	73.2	25.0	66.1	26.0	59.2	20.0	61.5	112.0	66.6	5	100.0
11/30/2006 23:00	11.0	76.0	20.0	72.5	19.0	64.9	19.0	62.0	19.0	59.8	88.0	66.3	5	100.0
11/30/2006 23:05	3.0	76.3	14.0	73.7	11.0	67.8	12.0	64.1	11.0	62.2	51.0	67.8	5	100.0
11/30/2006 23:10	10.0	76.6	15.0	74.0	17.0	70.5	15.0	64.5	15.0	63.2	72.0	69.3	5	100.0
11/30/2006 23:15	10.0	76.3	16.0	74.1	15.0	71.3	16.0	64.6	13.0	62.7	70.0	69.5	5	100.0
11/30/2006 23:20	13.0	76.2	18.0	73.9	17.0	69.3	17.0	60.7	14.0	60.6	79.0	68.1	5	100.0
11/30/2006 23:25	6.0	76.5	16.0	74.4	11.0	70.1	11.0	63.6	13.0	63.8	57.0	69.3	5	100.0
11/30/2006 23:30	6.0	76.4	15.0	74.7	13.0	69.1	12.0	62.5	13.0	62.1	59.0	68.4	5	100.0
11/30/2006 23:35	10.0	76.7	21.0	74.2	18.0	67.0	16.0	57.3	15.0	62.2	80.0	67.3	5	100.0
11/30/2006 23:40	10.0	76.4	18.0	75.0	17.0	69.2	15.0	57.7	11.0	62.2	71.0	68.2	5	100.0
11/30/2006 23:45	6.0	76.6	13.0	75.3	16.0	70.7	16.0	63.0	11.0	62.6	62.0	68.8	5	100.0
11/30/2006 23:50	6.0	76.8	9.0	74.4	9.0	71.5	9.0	65.2	7.0	63.7	40.0	70.2	5	100.0
11/30/2006 23:55	9.0	76.7	15.0	74.7	13.0	67.0	14.0	62.3	15.0	63.9	66.0	68.4	5	100.0
