5 Minutes	Lane 1 Flow (Veh/5 Minutes)	Lane 1 Occ (%)	Lane 2 Flow (Veh/5 Minutes)	Lane 2 Occ (%)	Lane 3 Flow (Veh/5 Minutes)	Lane 3 Occ (%)	Lane 4 Flow (Veh/5 Minutes)	Lane 4 Occ (%)	Lane 5 Flow (Veh/5 Minutes)	Lane 5 Occ (%)	Lane 6 Flow (Veh/5 Minutes)	Lane 6 Occ (%)	Flow (Veh/5 Minutes)	Occupancy (%)	# Lane Points	% Observed
01/29/2006 00:00	14.0	2.4	15.0	1.4	13.0	1.5	12.0	1.5	8.0	1.1	0.0	0.0	62.0	1.6	5	0.0
01/29/2006 00:05	9.0	1.1	15.0	1.3	13.0	1.4	12.0	1.4	8.0	1.0	0.0	0.0	57.0	1.2	5	0.0
01/29/2006 00:10	16.0	2.3	14.0	1.4	13.0	1.5	12.0	1.5	7.0	1.0	0.0	0.0	62.0	1.6	5	0.0
01/29/2006 00:15	13.0	2.1	14.0	1.4	12.0	1.5	11.0	1.4	7.0	1.0	0.0	0.0	57.0	1.5	5	0.0
01/29/2006 00:20	19.0	2.7	14.0	1.3	12.0	1.5	11.0	1.4	7.0	1.0	0.0	0.0	63.0	1.6	5	0.0
01/29/2006 00:25	26.0	4.1	14.0	1.2	12.0	1.3	11.0	1.3	7.0	0.9	0.0	0.0	70.0	1.8	5	0.0
01/29/2006 00:30	23.0	3.5	13.0	1.2	12.0	1.4	11.0	1.3	7.0	0.9	0.0	0.0	66.0	1.7	5	0.0
01/29/2006 00:35	23.0	3.1	13.0	1.2	12.0	1.3	11.0	1.3	7.0	0.9	0.0	0.0	66.0	1.6	5	0.0
01/29/2006 00:40	30.0	4.4	13.0	1.1	11.0	1.2	10.0	1.2	7.0	0.9	0.0	0.0	71.0	1.8	5	0.0
01/29/2006 00:45	29.0	4.6	13.0	1.1	11.0	1.2	10.0	1.2	7.0	0.9	0.0	0.0	70.0	1.8	5	0.0
01/29/2006 00:50	35.0	5.1	13.0	1.2	11.0	1.3	10.0	1.2	7.0	0.9	0.0	0.0	76.0	1.9	5	0.0
01/29/2006 00:55	29.0	4.4	13.0	1.2	12.0	1.3	11.0	1.2	7.0	0.9	0.0	0.0	72.0	1.8	5	0.0
01/29/2006 01:00	31.0	4.7	12.0	1.1	11.0	1.2	10.0	1.1	6.0	0.8	0.0	0.0	70.0	1.8	5	0.0
01/29/2006 01:05	34.0	5.2	12.0	1.1	11.0	1.2	10.0	1.1	6.0	0.8	0.0	0.0	73.0	1.9	5	0.0
01/29/2006 01:10	35.0	5.3	12.0	1.1	11.0	1.2	10.0	1.2	6.0	0.8	0.0	0.0	74.0	1.9	5	0.0
01/29/2006 01:15	36.0	5.1	12.0	1.1	11.0	1.2	10.0	1.2	6.0	0.9	0.0	0.0	75.0	1.9	5	0.0
01/29/2006 01:20	35.0	5.0	12.0	1.1	10.0	1.2	9.0	1.1	6.0	0.8	0.0	0.0	72.0	1.8	5	0.0
01/29/2006 01:25	32.0	5.0	12.0	1.1	10.0	1.2	10.0	1.1	6.0	0.8	0.0	0.0	70.0	1.8	5	0.0
01/29/2006 01:30	30.0	4.5	12.0	1.1	10.0	1.2	9.0	1.1	6.0	0.8	0.0	0.0	67.0	1.7	5	0.0
01/29/2006 01:35	34.0	4.9	11.0	1.1	10.0	1.2	9.0	1.1	6.0	0.8	0.0	0.0	70.0	1.8	5	0.0
01/29/2006 01:40	33.0	4.7	12.0	1.1	10.0	1.2	10.0	1.1	6.0	0.8	0.0	0.0	71.0	1.8	5	0.0
01/29/2006 01:45	28.0	4.1	12.0	1.1	10.0	1.2	9.0	1.1	6.0	0.8	0.0	0.0	65.0	1.7	5	0.0
01/29/2006 01:50	28.0	4.4	11.0	1.1	10.0	1.2	9.0	1.1	6.0	0.8	0.0	0.0	64.0	1.7	5	0.0
01/29/2006 01:55	22.0	3.3	11.0	1.1	10.0	1.2	9.0	1.1	6.0	0.8	0.0	0.0	58.0	1.5	5	0.0
01/29/2006 02:00	28.0	4.4	12.0	1.1	10.0	1.2	10.0	1.1	6.0	0.8	0.0	0.0	66.0	1.7	5	0.0
01/29/2006 02:05	32.0	4.8	11.0	1.1	10.0	1.2	9.0	1.1	6.0	0.8	0.0	0.0	68.0	1.8	5	0.0
01/29/2006 02:10	27.0	3.9	11.0	1.1	10.0	1.2	9.0	1.1	6.0	0.8	0.0	0.0	63.0	1.6	5	0.0
01/29/2006 02:15	24.0	3.2	11.0	1.0	10.0	1.1	9.0	1.1	6.0	0.8	0.0	0.0	60.0	1.4	5	0.0
01/29/2006 02:20	21.0	3.3	11.0	1.1	10.0	1.2	9.0	1.1	6.0	0.8	0.0	0.0	57.0	1.5	5	0.0
01/29/2006 02:25	28.0	4.4	11.0	1.1	10.0	1.2	9.0	1.1	6.0	0.8	0.0	0.0	64.0	1.7	5	0.0
01/29/2006 02:30	21.0	3.3	10.0	1.0	9.0	1.1	8.0	1.1	5.0	0.8	0.0	0.0	53.0	1.4	5	0.0
01/29/2006 02:35	19.0	2.6	11.0	1.1	10.0	1.2	9.0	1.1	6.0	0.8	0.0	0.0	55.0	1.4	5	0.0
01/29/2006 02:40	26.0	3.9	11.0	1.0	9.0	1.1	9.0	1.1	6.0	0.8	0.0	0.0	61.0	1.6	5	0.0
01/29/2006 02:45	25.0	3.4	10.0	1.0	9.0	1.1	8.0	1.1	5.0	0.8	0.0	0.0	57.0	1.5	5	0.0
01/29/2006 02:50	19.0	2.8	10.0	1.1	9.0	1.2	8.0	1.1	5.0	0.8	0.0	0.0	51.0	1.4	5	0.0
01/29/2006 02:55	22.0	3.1	10.0	1.0	9.0	1.1	8.0	1.0	5.0	0.7	0.0	0.0	54.0	1.4	5	0.0
01/29/2006 03:00	19.0	2.7	10.0	1.0	9.0	1.1	8.0	1.0	5.0	0.7	0.0	0.0	51.0	1.3	5	0.0
01/29/2006 03:05	25.0	3.5	10.0	0.9	9.0	1.0	8.0	1.0	5.0	0.7	0.0	0.0	57.0	1.4	5	0.0
01/29/2006 03:10	22.0	3.1	10.0	1.1	9.0	1.2	8.0	1.1	5.0	0.8	0.0	0.0	54.0	1.5	5	0.0
01/29/2006 03:15	16.0	2.5	10.0	1.1	9.0	1.2	8.0	1.1	5.0	0.8	0.0	0.0	48.0	1.3	5	0.0
01/29/2006 03:20	16.0	2.2	10.0	0.8	9.0	0.9	8.0	0.9	5.0	0.6	0.0	0.0	48.0	1.1	5	0.0
01/29/2006 03:25	21.0	2.9	10.0	1.1	9.0	1.2	8.0	1.1	5.0	0.8	0.0	0.0	53.0	1.4	5	0.0
01/29/2006 03:30	24.0	3.2	10.0	1.1	9.0	1.2	8.0	1.1	5.0	0.8	0.0	0.0	56.0	1.5	5	0.0
01/29/2006 03:35	17.0	2.2	10.0	1.1	9.0	1.2	8.0	1.1	5.0	0.8	0.0	0.0	49.0	1.3	5	0.0
01/29/2006 03:40	16.0	2.2	10.0	1.0	9.0	1.1	8.0	1.0	5.0	0.7	0.0	0.0	48.0	1.2	5	0.0
01/29/2006 03:45	10.0	1.4	10.0	1.1	9.0	1.2	8.0	1.1	5.0	0.8	0.0	0.0	42.0	1.1	5	0.0
01/29/2006 03:50	12.0	1.9	10.0	0.8	9.0	0.9	8.0	0.8	5.0	0.6	0.0	0.0	44.0	1.0	5	0.0
01/29/2006 03:55	17.0	2.4	10.0	1.1	9.0	1.2	8.0	1.1	5.0	0.8	0.0	0.0	49.0	1.3	5	0.0
01/29/2006 04:00	12.0	1.6	10.0	0.8	9.0	0.9	8.0	0.9	5.0	0.6	0.0	0.0	44.0	0.9	5	0.0
01/29/2006 04:05	11.0	1.6	10.0	1.0	9.0	1.1	8.0	1.1	5.0	0.8	0.0	0.0	43.0	1.1	5	0.0
01/29/2006 04:10	11.0	1.5	10.0	1.1	9.0	1.2	8.0	1.1	5.0	0.8	0.0	0.0	43.0	1.1	5	0.0
01/29/2006 04:15	18.0	2.6	10.0	0.9	9.0	1.0	8.0	1.0	5.0	0.7	0.0	0.0	50.0	1.2	5	0.0
01/29/2006 04:20	8.0	1.0	10.0	1.1	9.0	1.2	8.0	1.1	5.0	0.8	0.0	0.0	40.0	1.0	5	0.0
01/29/2006 04:25	14.0	1.9	10.0	1.0	9.0	1.0	8.0	1.0	5.0	0.7	0.0	0.0	46.0	1.1	5	0.0
01/29/2006 04:30	13.0	1.8	10.0	1.0	9.0	1.1	8.0	1.0	5.0	0.7	0.0	0.0	45.0	1.1	5	0.0
01/29/2006 04:35	10.0	1.4	10.0	1.1	9.0	1.2	8.0	1.1	5.0	0.8	0.0	0.0	42.0	1.1	5	0.0
01/29/2006 04:40	12.0	1.6	10.0	0.9	9.0	1.0	8.0	1.0	5.0	0.7	0.0	0.0	44.0	1.1	5	0.0
01/29/2006 04:45	10.0	1.2	10.0	1.1	9.0	1.2	8.0	1.1	5.0	0.8	0.0	0.0	42.0	1.1	5	0.0
01/29/2006 04:50	12.0	1.8	10.0	1.0	9.0	1.0	8.0	1.0	5.0	0.7	0.0	0.0	44.0	1.1	5	0.0
01/29/2006 04:55	15.0	2.0	10.0	1.1	9.0	1.2	8.0	1.1	5.0	0.8	0.0	0.0	47.0	1.2	5	0.0
01/29/2006 05:00	10.0	1.4	10.0	1.1	9.0	1.2	8.0	1.1	5.0	0.8	0.0	0.0	42.0	1.1	5	0.0
01/29/2006 05:05	9.0	1.0	10.0	1.0	9.0	1.1	8.0	1.1	5.0	0.8	0.0	0.0	41.0	1.0	5	0.0
01/29/2006 05:10	10.0	1.0	11.0	1.1	10.0	1.2	9.0	1.1	6.0	0.8	0.0	0.0	46.0	1.0	5	0.0
01/29/2006 05:15	5.0	0.5	11.0	1.1	10.0	1.2	9.0	1.1	6.0	0.8	0.0	0.0	41.0	0.9	5	0.0
01/29/2006 05:20	7.0	0.9	11.0	1.1	9.0	1.2	9.0	1.1	6.0	0.8	0.0	0.0	42.0	1.0	5	0.0
01/29/2006 05:25	7.0	1.0	10.0	1.0	9.0	1.1	8.0	1.0	5.0	0.7	0.0	0.0	39.0	1.0	5	0.0
01/29/2006 05:30	7.0	0.7	12.0	1.1	10.0	1.2	9.0	1.1	6.0	0.8	0.0	0.0	44.0	1.0	5	0.0
01/29/2006 05:35	4.0	0.4	12.0	1.1	10.0	1.2	10.0	1.1	6.0	0.8	0.0	0.0	42.0	0.9	5	0.0
01/29/2006 05:40	7.0	1.3	11.0	1.1	10.0	1.2	9.0	1.1	6.0	0.8	0.0	0.0	43.0	1.1	5	0.0
01/29/2006 05:45	6.0	0.6	12.0	1.1	10.0	1.2	9.0	1.1	6.0	0.8	0.0	0.0	43.0	1.0	5	0.0
01/29/2006 05:50	12.0	1.5	12.0	1.1	10.0	1.2	10.0	1.1	6.0	0.8	0.0	0.0	50.0	1.1	5	0.0
01/29/2006 05:55	11.0	1.3	11.0	1.0	10.0	1.1	9.0	1.0	6.0	0.7	0.0	0.0	47.0	1.0	5	0.0
01/29/2006 06:00	5.0	0.6	11.0	1.0	10.0	1.1	9.0	1.0	6.0	0.7	0.0	0.0	41.0	0.9	5	0.0
01/29/2006 06:05	5.0	0.5	12.0	1.1	10.0	1.2	9.0	1.1	6.0	0.8	0.0	0.0	42.0	0.9	5	0.0
01/29/2006 06:10	8.0	0.9	13.0	1.1	11.0	1.2	10.0	1.2	7.0	0.8	0.0	0.0	49.0	1.1	5	0.0
01/29/2006 06:15	11.0	1.4	12.0	1.1	11.0	1.2	10.0	1.1	6.0	0.8	0.0	0.0	50.0	1.1	5	0.0
01/29/2006 06:20	9.0	1.2	12.0	1.1	11.0	1.2	10.0	1.1	6.0	0.8	0.0	0.0	48.0	1.1	5	0.0
01/29/2006 06:25	4.0	0.4	12.0	1.1	11.0	1.2	10.0	1.1	6.0	0.8	0.0	0.0	43.0	0.9	5	0.0
01/29/2006 06:30	7.0	0.9	13.0	1.1	11.0	1.2	10.0	1.1	7.0	0.8	0.0	0.0	48.0	1.0	5	0.0
01/29/2006 06:35	9.0	0.9	13.0	1.2	11.0	1.3	10.0	1.2	7.0	0.9	0.0	0.0	50.0	1.1	5	0.0
01/29/2006 06:40	6.0	0.8	12.0	1.2	11.0	1.3	10.0	1.2	6.0	0.9	0.0	0.0	45.0	1.1	5	0.0
01/29/2006 06:45	12.0	1.5	13.0	1.2	12.0	1.3	11.0	1.2	7.0	0.9	0.0	0.0	55.0	1.2	5	0.0
01/29/2006 06:50	11.0	1.3	13.0	1.2	11.0	1.3	10.0	1.3	7.0	0.9	0.0	0.0	52.0	1.2	5	0.0
01/29/2006 06:55	10.0	1.1	13.0	1.2	11.0	1.3	10.0	1.3	7.0	0.9	0.0	0.0	51.0	1.2	5	0.0
01/29/2006 07:00	13.0	1.5	13.0	1.2	11.0	1.3	10.0	1.3	7.0	0.9	0.0	0.0	54.0	1.2	5	0.0
01/29/2006 07:05	10.0	1.4	12.0	1.2	11.0	1.3	10.0	1.2	6.0	0.9	0.0	0.0	49.0	1.2	5	0.0
01/29/2006 07:10	10.0	1.9	13.0	1.2	11.0	1.3	10.0	1.2	7.0	0.9	0.0	0.0	51.0	1.3	5	0.0
01/29/2006 07:15	8.0	1.0	14.0	1.3	12.0	1.4	11.0	1.3	7.0	1.0	0.0	0.0	52.0	1.2	5	0.0
01/29/2006 07:20	8.0	1.0	14.0	1.3	13.0	1.4	12.0	1.3	7.0	0.9	0.0	0.0	54.0	1.2	5	0.0
01/29/2006 07:25	9.0	1.5	14.0	1.2	13.0	1.3	12.0	1.3	8.0	0.9	0.0	0.0	56.0	1.2	5	0.0
01/29/2006 07:30	8.0	1.1	14.0	1.3	13.0	1.4	12.0	1.3	7.0	1.0	0.0	0.0	54.0	1.2	5	0.0
01/29/2006 07:35	8.0	0.9	15.0	1.4	13.0	1.5	12.0	1.4	8.0	1.0	0.0	0.0	56.0	1.2	5	0.0
01/29/2006 07:40	11.0	1.5	15.0	1.3	13.0	1.4	12.0	1.4	8.0	1.0	0.0	0.0	59.0	1.3	5	0.0
01/29/2006 07:45	9.0	1.1	16.0	1.4	14.0	1.5	13.0	1.4	8.0	1.0	0.0	0.0	60.0	1.3	5	0.0
01/29/2006 07:50	12.0	1.5	15.0	1.5	14.0	1.6	13.0	1.5	8.0	1.1	0.0	0.0	62.0	1.4	5	0.0
01/29/2006 07:55	15.0	2.0	16.0	1.4	14.0	1.6	13.0	1.5	8.0	1.1	0.0	0.0	66.0	1.5	5	0.0
01/29/2006 08:00	9.0	1.2	16.0	1.4	14.0	1.6	13.0	1.5	8.0	1.1	0.0	0.0	60.0	1.3	5	0.0
01/29/2006 08:05	14.0	1.8	15.0	1.4	13.0	1.5	12.0	1.4	8.0	1.0	0.0	0.0	62.0	1.4	5	0.0
01/29/2006 08:10	9.0	1.1	16.0	1.4	14.0	1.5	13.0	1.4	8.0	1.0	0.0	0.0	60.0	1.3	5	0.0
01/29/2006 08:15	11.0	1.4	16.0	1.4	14.0	1.6	13.0	1.5	8.0	1.1	0.0	0.0	62.0	1.4	5	0.0
01/29/2006 08:20	7.0	0.8	16.0	1.4	14.0	1.5	13.0	1.5	9.0	1.1	0.0	0.0	59.0	1.3	5	0.0
01/29/2006 08:25	11.0	1.2	16.0	1.5	14.0	1.6	13.0	1.5	9.0	1.1	0.0	0.0	63.0	1.4	5	0.0
01/29/2006 08:30	16.0	2.0	16.0	1.6	14.0	1.7	13.0	1.6	9.0	1.2	0.0	0.0	68.0	1.6	5	0.0
01/29/2006 08:35	18.0	3.0	17.0	1.6	15.0	1.8	14.0	1.7	9.0	1.2	0.0	0.0	73.0	1.9	5	0.0
01/29/2006 08:40	13.0	1.6	17.0	1.6	15.0	1.8	14.0	1.7	9.0	1.2	0.0	0.0	68.0	1.6	5	0.0
01/29/2006 08:45	17.0	2.3	19.0	1.7	17.0	1.9	15.0	1.8	10.0	1.3	0.0	0.0	78.0	1.8	5	0.0
01/29/2006 08:50	18.0	2.2	19.0	1.8	17.0	2.0	15.0	1.9	10.0	1.4	0.0	0.0	79.0	1.9	5	0.0
01/29/2006 08:55	20.0	2.5	19.0	1.9	17.0	2.1	16.0	2.0	10.0	1.4	0.0	0.0	82.0	2.0	5	0.0
01/29/2006 09:00	16.0	2.2	19.0	1.9	17.0	2.1	16.0	2.0	10.0	1.4	0.0	0.0	78.0	1.9	5	0.0
01/29/2006 09:05	21.0	3.2	19.0	1.8	17.0	2.0	16.0	1.9	10.0	1.4	0.0	0.0	83.0	2.1	5	0.0
01/29/2006 09:10	18.0	2.5	20.0	1.7	17.0	1.9	16.0	1.8	10.0	1.3	0.0	0.0	81.0	1.8	5	0.0
01/29/2006 09:15	20.0	3.1	20.0	1.7	17.0	1.9	16.0	1.8	10.0	1.3	0.0	0.0	83.0	2.0	5	0.0
01/29/2006 09:20	28.0	3.6	21.0	2.0	19.0	2.1	18.0	2.0	11.0	1.5	0.0	0.0	97.0	2.2	5	0.0
01/29/2006 09:25	24.0	3.1	21.0	1.9	19.0	2.1	18.0	2.0	11.0	1.4	0.0	0.0	93.0	2.1	5	0.0
01/29/2006 09:30	21.0	2.9	21.0	2.1	19.0	2.3	17.0	2.1	11.0	1.5	0.0	0.0	89.0	2.2	5	0.0
01/29/2006 09:35	19.0	2.5	23.0	2.1	20.0	2.3	19.0	2.2	12.0	1.6	0.0	0.0	93.0	2.1	5	0.0
01/29/2006 09:40	26.0	4.0	22.0	2.2	20.0	2.4	18.0	2.2	12.0	1.6	0.0	0.0	98.0	2.5	5	0.0
01/29/2006 09:45	23.0	3.3	24.0	2.3	21.0	2.5	20.0	2.4	13.0	1.7	0.0	0.0	101.0	2.5	5	0.0
01/29/2006 09:50	22.0	3.2	24.0	2.2	22.0	2.4	20.0	2.3	13.0	1.6	0.0	0.0	101.0	2.3	5	0.0
01/29/2006 09:55	25.0	3.5	23.0	2.3	20.0	2.5	19.0	2.4	12.0	1.7	0.0	0.0	99.0	2.5	5	0.0
01/29/2006 10:00	27.0	3.8	23.0	2.4	21.0	2.6	19.0	2.5	12.0	1.8	0.0	0.0	102.0	2.6	5	0.0
01/29/2006 10:05	17.0	2.6	24.0	2.2	21.0	2.4	20.0	2.3	13.0	1.7	0.0	0.0	95.0	2.3	5	0.0
01/29/2006 10:10	23.0	3.0	25.0	2.3	22.0	2.5	21.0	2.4	13.0	1.7	0.0	0.0	104.0	2.4	5	0.0
01/29/2006 10:15	25.0	3.8	26.0	2.5	23.0	2.7	21.0	2.6	13.0	1.9	0.0	0.0	108.0	2.7	5	0.0
01/29/2006 10:20	34.0	4.6	26.0	2.5	23.0	2.7	21.0	2.6	14.0	1.8	0.0	0.0	118.0	2.8	5	0.0
01/29/2006 10:25	26.0	3.5	27.0	2.5	24.0	2.7	23.0	2.6	14.0	1.8	0.0	0.0	114.0	2.6	5	0.0
01/29/2006 10:30	29.0	4.1	27.0	2.4	24.0	2.7	22.0	2.5	14.0	1.8	0.0	0.0	116.0	2.7	5	0.0
01/29/2006 10:35	35.0	5.2	27.0	2.6	24.0	2.8	22.0	2.7	14.0	1.9	0.0	0.0	122.0	3.0	5	0.0
01/29/2006 10:40	27.0	3.7	29.0	2.7	26.0	3.0	24.0	2.8	15.0	2.0	0.0	0.0	121.0	2.8	5	0.0
01/29/2006 10:45	26.0	3.6	28.0	2.7	25.0	3.0	23.0	2.8	15.0	2.0	0.0	0.0	117.0	2.8	5	0.0
01/29/2006 10:50	27.0	3.8	28.0	2.7	25.0	3.0	23.0	2.8	15.0	2.0	0.0	0.0	118.0	2.9	5	0.0
01/29/2006 10:55	30.0	4.5	29.0	2.6	25.0	2.8	24.0	2.7	15.0	1.9	0.0	0.0	123.0	2.9	5	0.0
01/29/2006 11:00	26.0	4.0	27.0	2.6	24.0	2.8	22.0	2.7	14.0	1.9	0.0	0.0	113.0	2.8	5	0.0
01/29/2006 11:05	38.0	4.7	27.0	2.6	24.0	2.8	22.0	2.7	14.0	1.9	0.0	0.0	125.0	2.9	5	0.0
01/29/2006 11:10	29.0	4.2	28.0	2.7	25.0	2.9	23.0	2.8	15.0	2.0	0.0	0.0	120.0	2.9	5	0.0
01/29/2006 11:15	29.0	4.4	28.0	2.8	25.0	3.1	23.0	2.9	15.0	2.1	0.0	0.0	120.0	3.1	5	0.0
01/29/2006 11:20	36.0	5.3	29.0	2.8	25.0	3.0	24.0	2.9	15.0	2.1	0.0	0.0	129.0	3.2	5	0.0
01/29/2006 11:25	37.0	5.3	30.0	2.9	26.0	3.1	24.0	3.0	16.0	2.1	0.0	0.0	133.0	3.3	5	0.0
01/29/2006 11:30	37.0	5.8	29.0	2.9	26.0	3.2	24.0	3.0	15.0	2.2	0.0	0.0	131.0	3.4	5	0.0
01/29/2006 11:35	40.0	5.8	31.0	2.7	27.0	3.0	25.0	2.8	16.0	2.0	0.0	0.0	139.0	3.3	5	0.0
01/29/2006 11:40	27.0	4.0	31.0	3.0	28.0	3.3	26.0	3.2	17.0	2.3	0.0	0.0	129.0	3.1	5	0.0
01/29/2006 11:45	40.0	5.9	30.0	3.0	27.0	3.3	25.0	3.2	16.0	2.3	0.0	0.0	138.0	3.5	5	0.0
01/29/2006 11:50	40.0	6.4	31.0	2.9	27.0	3.1	25.0	3.0	16.0	2.1	0.0	0.0	139.0	3.5	5	0.0
01/29/2006 11:55	41.0	6.3	30.0	3.0	27.0	3.3	25.0	3.1	16.0	2.2	0.0	0.0	139.0	3.6	5	0.0
01/29/2006 12:00	37.0	5.8	30.0	3.0	26.0	3.3	24.0	3.2	16.0	2.3	0.0	0.0	133.0	3.5	5	0.0
01/29/2006 12:05	45.0	6.0	29.0	2.9	26.0	3.1	24.0	3.0	15.0	2.1	0.0	0.0	139.0	3.4	5	0.0
01/29/2006 12:10	35.0	5.1	30.0	2.9	27.0	3.2	25.0	3.0	16.0	2.2	0.0	0.0	133.0	3.3	5	0.0
01/29/2006 12:15	43.0	6.5	32.0	3.2	29.0	3.5	26.0	3.3	17.0	2.4	0.0	0.0	147.0	3.8	5	0.0
01/29/2006 12:20	36.0	6.0	32.0	3.2	28.0	3.5	26.0	3.3	17.0	2.4	0.0	0.0	139.0	3.7	5	0.0
01/29/2006 12:25	39.0	5.8	32.0	2.9	28.0	3.2	26.0	3.0	17.0	2.2	0.0	0.0	142.0	3.4	5	0.0
01/29/2006 12:30	36.0	4.9	33.0	3.2	29.0	3.5	27.0	3.3	17.0	2.4	0.0	0.0	142.0	3.4	5	0.0
01/29/2006 12:35	44.0	6.7	31.0	3.1	28.0	3.4	26.0	3.2	17.0	2.3	0.0	0.0	146.0	3.8	5	0.0
01/29/2006 12:40	41.0	6.5	33.0	3.3	29.0	3.6	27.0	3.5	17.0	2.5	0.0	0.0	147.0	3.9	5	0.0
01/29/2006 12:45	45.0	7.8	34.0	3.3	30.0	3.6	28.0	3.4	18.0	2.5	0.0	0.0	155.0	4.1	5	0.0
01/29/2006 12:50	53.0	8.9	32.0	3.3	28.0	3.6	26.0	3.4	17.0	2.4	0.0	0.0	156.0	4.3	5	0.0
01/29/2006 12:55	43.0	6.8	33.0	3.4	29.0	3.8	27.0	3.6	17.0	2.6	0.0	0.0	149.0	4.0	5	0.0
01/29/2006 13:00	45.0	6.7	33.0	3.3	29.0	3.6	27.0	3.5	17.0	2.5	0.0	0.0	151.0	3.9	5	0.0
01/29/2006 13:05	49.0	7.4	33.0	3.2	29.0	3.5	27.0	3.3	17.0	2.4	0.0	0.0	155.0	4.0	5	0.0
01/29/2006 13:10	39.0	5.7	31.0	3.3	28.0	3.6	26.0	3.4	17.0	2.4	0.0	0.0	141.0	3.7	5	0.0
01/29/2006 13:15	50.0	7.3	33.0	3.2	29.0	3.5	27.0	3.3	17.0	2.4	0.0	0.0	156.0	3.9	5	0.0
01/29/2006 13:20	42.0	6.2	32.0	3.4	28.0	3.7	26.0	3.5	17.0	2.5	0.0	0.0	145.0	3.8	5	0.0
01/29/2006 13:25	48.0	7.8	32.0	3.4	28.0	3.7	26.0	3.5	17.0	2.5	0.0	0.0	151.0	4.2	5	0.0
01/29/2006 13:30	51.0	8.1	31.0	3.3	27.0	3.6	25.0	3.4	16.0	2.4	0.0	0.0	150.0	4.1	5	0.0
01/29/2006 13:35	38.0	6.4	33.0	3.3	29.0	3.6	27.0	3.4	17.0	2.5	0.0	0.0	144.0	3.8	5	0.0
01/29/2006 13:40	10.0	1.0	34.0	3.6	30.0	3.9	28.0	3.7	18.0	2.7	0.0	0.0	120.0	3.0	5	0.0
01/29/2006 13:45	10.0	1.7	34.0	3.5	30.0	3.8	28.0	3.6	18.0	2.6	0.0	0.0	120.0	3.0	5	0.0
01/29/2006 13:50	10.0	2.0	34.0	3.5	30.0	3.8	27.0	3.6	18.0	2.6	0.0	0.0	119.0	3.1	5	0.0
01/29/2006 13:55	20.0	3.5	33.0	3.4	29.0	3.7	27.0	3.5	18.0	2.5	0.0	0.0	127.0	3.3	5	0.0
01/29/2006 14:00	22.0	3.6	34.0	3.5	30.0	3.8	28.0	3.6	18.0	2.6	0.0	0.0	132.0	3.4	5	0.0
01/29/2006 14:05	8.0	1.2	34.0	3.4	30.0	3.7	27.0	3.5	18.0	2.5	0.0	0.0	117.0	2.9	5	0.0
01/29/2006 14:10	16.0	2.2	33.0	3.2	29.0	3.5	27.0	3.3	17.0	2.4	0.0	0.0	122.0	2.9	5	0.0
01/29/2006 14:15	12.0	1.6	32.0	3.4	29.0	3.7	26.0	3.5	17.0	2.5	0.0	0.0	116.0	2.9	5	0.0
01/29/2006 14:20	20.0	2.3	32.0	3.4	29.0	3.7	26.0	3.5	17.0	2.5	0.0	0.0	124.0	3.1	5	0.0
01/29/2006 14:25	16.0	2.0	34.0	3.5	30.0	3.8	28.0	3.7	18.0	2.6	0.0	0.0	126.0	3.1	5	0.0
01/29/2006 14:30	27.0	4.1	33.0	3.4	29.0	3.7	27.0	3.6	17.0	2.5	0.0	0.0	133.0	3.5	5	0.0
01/29/2006 14:35	58.0	8.8	33.0	3.5	29.0	3.8	27.0	3.6	18.0	2.6	0.0	0.0	165.0	4.5	5	0.0
01/29/2006 14:40	54.0	8.5	34.0	3.6	30.0	3.9	28.0	3.7	18.0	2.7	0.0	0.0	164.0	4.5	5	0.0
01/29/2006 14:45	52.0	8.0	34.0	3.3	30.0	3.6	27.0	3.4	18.0	2.4	0.0	0.0	161.0	4.1	5	0.0
01/29/2006 14:50	51.0	7.6	34.0	3.6	30.0	3.9	28.0	3.8	18.0	2.7	0.0	0.0	161.0	4.3	5	0.0
01/29/2006 14:55	45.0	6.6	34.0	3.7	30.0	4.1	28.0	3.9	18.0	2.8	0.0	0.0	155.0	4.2	5	0.0
01/29/2006 15:00	48.0	7.8	33.0	3.3	29.0	3.6	27.0	3.4	17.0	2.5	0.0	0.0	154.0	4.1	5	0.0
01/29/2006 15:05	53.0	8.1	31.0	3.3	27.0	3.6	25.0	3.5	16.0	2.5	0.0	0.0	152.0	4.2	5	0.0
01/29/2006 15:10	51.0	7.8	32.0	3.5	28.0	3.8	26.0	3.6	17.0	2.6	0.0	0.0	154.0	4.3	5	0.0
01/29/2006 15:15	47.0	6.9	33.0	3.5	29.0	3.8	27.0	3.6	17.0	2.6	0.0	0.0	153.0	4.1	5	0.0
01/29/2006 15:20	51.0	8.5	34.0	3.5	30.0	3.8	28.0	3.7	18.0	2.6	0.0	0.0	161.0	4.4	5	0.0
01/29/2006 15:25	42.0	6.5	32.0	3.4	28.0	3.7	26.0	3.6	17.0	2.5	0.0	0.0	145.0	4.0	5	0.0
01/29/2006 15:30	43.0	7.4	33.0	3.5	29.0	3.8	27.0	3.7	18.0	2.6	0.0	0.0	150.0	4.2	5	0.0
01/29/2006 15:35	45.0	7.2	33.0	3.4	29.0	3.7	27.0	3.5	18.0	2.5	0.0	0.0	152.0	4.1	5	0.0
01/29/2006 15:40	43.0	6.9	35.0	3.4	31.0	3.7	28.0	3.6	18.0	2.6	0.0	0.0	155.0	4.0	5	0.0
01/29/2006 15:45	56.0	9.7	33.0	3.3	29.0	3.6	27.0	3.4	17.0	2.4	0.0	0.0	162.0	4.5	5	0.0
01/29/2006 15:50	37.0	6.1	32.0	3.5	29.0	3.8	26.0	3.6	17.0	2.6	0.0	0.0	141.0	3.9	5	0.0
01/29/2006 15:55	46.0	8.0	34.0	3.5	30.0	3.8	27.0	3.6	18.0	2.6	0.0	0.0	155.0	4.3	5	0.0
01/29/2006 16:00	51.0	8.6	34.0	3.6	30.0	3.9	27.0	3.8	18.0	2.7	0.0	0.0	160.0	4.5	5	0.0
01/29/2006 16:05	46.0	7.8	33.0	3.4	29.0	3.7	27.0	3.5	17.0	2.5	0.0	0.0	152.0	4.2	5	0.0
01/29/2006 16:10	50.0	8.4	33.0	3.5	29.0	3.8	27.0	3.7	17.0	2.6	0.0	0.0	156.0	4.4	5	0.0
01/29/2006 16:15	34.0	5.4	32.0	3.4	28.0	3.7	26.0	3.5	17.0	2.5	0.0	0.0	137.0	3.7	5	0.0
01/29/2006 16:20	42.0	6.8	34.0	3.5	30.0	3.8	28.0	3.6	18.0	2.6	0.0	0.0	152.0	4.1	5	0.0
01/29/2006 16:25	52.0	8.8	33.0	3.6	29.0	3.9	27.0	3.7	17.0	2.7	0.0	0.0	158.0	4.5	5	0.0
01/29/2006 16:30	32.0	5.3	34.0	3.5	30.0	3.8	28.0	3.6	18.0	2.6	0.0	0.0	142.0	3.8	5	0.0
01/29/2006 16:35	40.0	6.1	34.0	3.4	30.0	3.7	28.0	3.5	18.0	2.5	0.0	0.0	150.0	3.8	5	0.0
01/29/2006 16:40	41.0	7.2	35.0	3.6	31.0	4.0	28.0	3.8	18.0	2.7	0.0	0.0	153.0	4.3	5	0.0
01/29/2006 16:45	38.0	6.5	34.0	3.7	30.0	4.0	28.0	3.8	18.0	2.7	0.0	0.0	148.0	4.2	5	0.0
01/29/2006 16:50	44.0	7.4	34.0	3.8	30.0	4.1	28.0	4.0	18.0	2.8	0.0	0.0	154.0	4.4	5	0.0
01/29/2006 16:55	47.0	7.8	35.0	3.6	31.0	3.9	29.0	3.7	19.0	2.7	0.0	0.0	161.0	4.3	5	0.0
01/29/2006 17:00	45.0	7.3	34.0	3.4	30.0	3.7	28.0	3.5	18.0	2.5	0.0	0.0	155.0	4.1	5	0.0
01/29/2006 17:05	41.0	7.0	34.0	3.6	30.0	3.9	28.0	3.8	18.0	2.7	0.0	0.0	151.0	4.2	5	0.0
01/29/2006 17:10	47.0	8.2	35.0	3.6	31.0	3.9	29.0	3.8	19.0	2.7	0.0	0.0	161.0	4.4	5	0.0
01/29/2006 17:15	41.0	7.5	35.0	3.6	31.0	3.9	29.0	3.8	19.0	2.7	0.0	0.0	155.0	4.3	5	0.0
01/29/2006 17:20	43.0	7.8	34.0	3.8	30.0	4.1	28.0	4.0	18.0	2.8	0.0	0.0	153.0	4.5	5	0.0
01/29/2006 17:25	32.0	5.4	34.0	3.7	30.0	4.0	27.0	3.8	18.0	2.7	0.0	0.0	141.0	3.9	5	0.0
01/29/2006 17:30	30.0	5.0	32.0	3.4	29.0	3.8	26.0	3.6	17.0	2.6	0.0	0.0	134.0	3.7	5	0.0
01/29/2006 17:35	30.0	5.0	32.0	3.4	28.0	3.7	26.0	3.5	17.0	2.5	0.0	0.0	133.0	3.6	5	0.0
01/29/2006 17:40	30.0	5.0	33.0	3.6	29.0	4.0	27.0	3.8	18.0	2.7	0.0	0.0	137.0	3.8	5	0.0
01/29/2006 17:45	30.0	5.0	34.0	3.7	30.0	4.0	28.0	3.8	18.0	2.7	0.0	0.0	140.0	3.9	5	0.0
01/29/2006 17:50	30.0	5.0	33.0	3.7	29.0	4.0	27.0	3.8	17.0	2.7	0.0	0.0	136.0	3.9	5	0.0
01/29/2006 17:55	30.0	5.0	32.0	3.5	29.0	3.8	26.0	3.6	17.0	2.6	0.0	0.0	134.0	3.7	5	0.0
01/29/2006 18:00	30.0	5.0	32.0	3.6	28.0	3.9	26.0	3.8	17.0	2.7	0.0	0.0	133.0	3.8	5	0.0
01/29/2006 18:05	30.0	5.0	32.0	3.6	29.0	4.0	26.0	3.8	17.0	2.7	0.0	0.0	134.0	3.8	5	0.0
01/29/2006 18:10	30.0	5.0	31.0	3.5	27.0	3.8	25.0	3.6	16.0	2.6	0.0	0.0	129.0	3.7	5	0.0
01/29/2006 18:15	30.0	5.0	30.0	3.3	26.0	3.6	24.0	3.4	16.0	2.5	0.0	0.0	126.0	3.6	5	0.0
01/29/2006 18:20	30.0	5.0	30.0	3.3	27.0	3.6	25.0	3.4	16.0	2.4	0.0	0.0	128.0	3.5	5	0.0
01/29/2006 18:25	30.0	5.0	32.0	3.3	28.0	3.6	26.0	3.4	17.0	2.4	0.0	0.0	133.0	3.5	5	0.0
01/29/2006 18:30	30.0	5.0	31.0	3.1	27.0	3.4	25.0	3.2	16.0	2.3	0.0	0.0	129.0	3.4	5	0.0
01/29/2006 18:35	30.0	5.0	30.0	3.1	26.0	3.4	24.0	3.2	16.0	2.3	0.0	0.0	126.0	3.4	5	0.0
01/29/2006 18:40	30.0	5.0	29.0	3.1	26.0	3.4	24.0	3.2	15.0	2.3	0.0	0.0	124.0	3.4	5	0.0
01/29/2006 18:45	30.0	5.0	28.0	3.0	25.0	3.2	23.0	3.1	15.0	2.2	0.0	0.0	121.0	3.3	5	0.0
01/29/2006 18:50	30.0	5.0	27.0	2.9	23.0	3.1	22.0	3.0	14.0	2.1	0.0	0.0	116.0	3.2	5	0.0
01/29/2006 18:55	30.0	5.0	27.0	2.8	24.0	3.0	22.0	2.9	14.0	2.1	0.0	0.0	117.0	3.1	5	0.0
01/29/2006 19:00	30.0	5.0	27.0	2.8	24.0	3.0	22.0	2.9	14.0	2.1	0.0	0.0	117.0	3.1	5	0.0
01/29/2006 19:05	30.0	5.0	27.0	2.8	24.0	3.1	22.0	2.9	14.0	2.1	0.0	0.0	117.0	3.2	5	0.0
01/29/2006 19:10	30.0	5.0	25.0	2.7	22.0	3.0	20.0	2.8	13.0	2.0	0.0	0.0	110.0	3.1	5	0.0
01/29/2006 19:15	30.0	5.0	26.0	2.6	23.0	2.9	21.0	2.7	14.0	2.0	0.0	0.0	114.0	3.0	5	0.0
01/29/2006 19:20	30.0	5.0	25.0	2.7	22.0	3.0	21.0	2.9	13.0	2.0	0.0	0.0	111.0	3.1	5	0.0
01/29/2006 19:25	30.0	5.0	26.0	2.6	23.0	2.9	21.0	2.7	13.0	1.9	0.0	0.0	113.0	3.0	5	0.0
01/29/2006 19:30	30.0	5.0	24.0	2.4	21.0	2.6	20.0	2.5	13.0	1.8	0.0	0.0	108.0	2.9	5	0.0
01/29/2006 19:35	30.0	5.0	24.0	2.6	22.0	2.9	20.0	2.8	13.0	2.0	0.0	0.0	109.0	3.1	5	0.0
01/29/2006 19:40	30.0	5.0	25.0	2.5	22.0	2.7	21.0	2.6	13.0	1.9	0.0	0.0	111.0	2.9	5	0.0
01/29/2006 19:45	30.0	5.0	24.0	2.5	21.0	2.7	19.0	2.6	12.0	1.9	0.0	0.0	106.0	2.9	5	0.0
01/29/2006 19:50	30.0	5.0	24.0	2.4	21.0	2.7	20.0	2.5	13.0	1.8	0.0	0.0	108.0	2.9	5	0.0
01/29/2006 19:55	30.0	5.0	25.0	2.4	22.0	2.6	20.0	2.5	13.0	1.8	0.0	0.0	110.0	2.9	5	0.0
01/29/2006 20:00	30.0	5.0	22.0	2.3	20.0	2.5	18.0	2.4	12.0	1.7	0.0	0.0	102.0	2.8	5	0.0
01/29/2006 20:05	30.0	5.0	23.0	2.3	21.0	2.6	19.0	2.4	12.0	1.7	0.0	0.0	105.0	2.8	5	0.0
01/29/2006 20:10	30.0	5.0	23.0	2.3	20.0	2.5	19.0	2.4	12.0	1.7	0.0	0.0	104.0	2.8	5	0.0
01/29/2006 20:15	30.0	5.0	23.0	2.2	20.0	2.5	19.0	2.3	12.0	1.7	0.0	0.0	104.0	2.7	5	0.0
01/29/2006 20:20	30.0	5.0	22.0	2.2	20.0	2.4	18.0	2.3	12.0	1.7	0.0	0.0	102.0	2.7	5	0.0
01/29/2006 20:25	30.0	5.0	23.0	2.2	20.0	2.4	19.0	2.3	12.0	1.7	0.0	0.0	104.0	2.7	5	0.0
01/29/2006 20:30	30.0	5.0	22.0	2.2	19.0	2.5	18.0	2.3	11.0	1.7	0.0	0.0	100.0	2.7	5	0.0
01/29/2006 20:35	27.0	4.5	21.0	2.0	19.0	2.2	17.0	2.1	11.0	1.5	0.0	0.0	95.0	2.5	5	0.0
01/29/2006 20:40	24.0	3.9	21.0	2.1	18.0	2.3	17.0	2.2	11.0	1.6	0.0	0.0	91.0	2.4	5	0.0
01/29/2006 20:45	24.0	3.8	22.0	2.1	19.0	2.3	18.0	2.2	11.0	1.5	0.0	0.0	94.0	2.4	5	0.0
01/29/2006 20:50	34.0	5.2	20.0	2.0	17.0	2.1	16.0	2.0	10.0	1.5	0.0	0.0	97.0	2.6	5	0.0
01/29/2006 20:55	26.0	3.9	21.0	2.0	18.0	2.1	17.0	2.0	11.0	1.5	0.0	0.0	93.0	2.3	5	0.0
01/29/2006 21:00	30.0	4.7	20.0	2.0	18.0	2.2	16.0	2.1	11.0	1.5	0.0	0.0	95.0	2.5	5	0.0
01/29/2006 21:05	24.0	4.0	21.0	2.0	19.0	2.2	17.0	2.1	11.0	1.5	0.0	0.0	92.0	2.4	5	0.0
01/29/2006 21:10	26.0	3.9	20.0	1.9	17.0	2.0	16.0	1.9	10.0	1.4	0.0	0.0	89.0	2.2	5	0.0
01/29/2006 21:15	23.0	3.7	20.0	2.0	18.0	2.2	17.0	2.1	11.0	1.5	0.0	0.0	89.0	2.3	5	0.0
01/29/2006 21:20	29.0	4.0	19.0	2.0	17.0	2.1	16.0	2.0	10.0	1.5	0.0	0.0	91.0	2.3	5	0.0
01/29/2006 21:25	30.0	4.1	20.0	2.0	17.0	2.1	16.0	2.0	10.0	1.5	0.0	0.0	93.0	2.3	5	0.0
01/29/2006 21:30	30.0	4.6	20.0	2.0	18.0	2.1	17.0	2.0	11.0	1.5	0.0	0.0	96.0	2.4	5	0.0
01/29/2006 21:35	28.0	4.7	20.0	2.0	18.0	2.2	17.0	2.1	11.0	1.5	0.0	0.0	94.0	2.5	5	0.0
01/29/2006 21:40	25.0	3.5	19.0	1.8	17.0	1.9	16.0	1.8	10.0	1.3	0.0	0.0	87.0	2.1	5	0.0
01/29/2006 21:45	26.0	4.1	20.0	1.9	17.0	2.1	16.0	2.0	10.0	1.4	0.0	0.0	89.0	2.3	5	0.0
01/29/2006 21:50	22.0	3.4	18.0	1.8	16.0	2.0	15.0	1.9	10.0	1.4	0.0	0.0	81.0	2.1	5	0.0
01/29/2006 21:55	24.0	3.7	19.0	1.8	17.0	2.0	16.0	1.9	10.0	1.3	0.0	0.0	86.0	2.1	5	0.0
01/29/2006 22:00	22.0	3.2	18.0	1.8	16.0	2.0	15.0	1.9	10.0	1.4	0.0	0.0	81.0	2.1	5	0.0
01/29/2006 22:05	26.0	3.9	18.0	1.8	16.0	2.0	15.0	1.9	10.0	1.4	0.0	0.0	85.0	2.2	5	0.0
01/29/2006 22:10	28.0	4.2	18.0	1.7	16.0	1.8	14.0	1.8	9.0	1.3	0.0	0.0	85.0	2.1	5	0.0
01/29/2006 22:15	23.0	3.4	19.0	1.7	16.0	1.8	15.0	1.8	10.0	1.3	0.0	0.0	83.0	2.0	5	0.0
01/29/2006 22:20	25.0	3.5	18.0	1.7	16.0	1.8	15.0	1.8	10.0	1.3	0.0	0.0	84.0	2.0	5	0.0
01/29/2006 22:25	29.0	3.9	18.0	1.7	16.0	1.9	15.0	1.8	10.0	1.3	0.0	0.0	88.0	2.1	5	0.0
01/29/2006 22:30	18.0	2.6	17.0	1.6	15.0	1.8	14.0	1.7	9.0	1.2	0.0	0.0	73.0	1.8	5	0.0
01/29/2006 22:35	18.0	2.9	17.0	1.5	15.0	1.6	14.0	1.6	9.0	1.1	0.0	0.0	73.0	1.8	5	0.0
01/29/2006 22:40	23.0	3.5	17.0	1.6	15.0	1.7	14.0	1.6	9.0	1.2	0.0	0.0	78.0	1.9	5	0.0
01/29/2006 22:45	23.0	3.1	16.0	1.5	14.0	1.6	13.0	1.6	9.0	1.1	0.0	0.0	75.0	1.8	5	0.0
01/29/2006 22:50	22.0	3.1	15.0	1.3	14.0	1.5	13.0	1.4	8.0	1.0	0.0	0.0	72.0	1.7	5	0.0
01/29/2006 22:55	10.0	1.2	15.0	1.4	13.0	1.5	12.0	1.4	8.0	1.0	0.0	0.0	58.0	1.3	5	0.0
01/29/2006 23:00	21.0	3.5	14.0	1.3	13.0	1.4	12.0	1.4	7.0	1.0	0.0	0.0	67.0	1.7	5	0.0
01/29/2006 23:05	21.0	3.6	15.0	1.3	13.0	1.4	12.0	1.4	8.0	1.0	0.0	0.0	69.0	1.7	5	0.0
01/29/2006 23:10	20.0	2.6	14.0	1.2	13.0	1.3	12.0	1.3	7.0	0.9	0.0	0.0	66.0	1.5	5	0.0
01/29/2006 23:15	28.0	4.3	14.0	1.3	13.0	1.4	12.0	1.4	7.0	1.0	0.0	0.0	74.0	1.9	5	0.0
01/29/2006 23:20	14.0	2.0	15.0	1.2	13.0	1.3	12.0	1.3	8.0	0.9	0.0	0.0	62.0	1.4	5	0.0
01/29/2006 23:25	21.0	2.9	14.0	1.3	12.0	1.4	11.0	1.4	7.0	1.0	0.0	0.0	65.0	1.6	5	0.0
01/29/2006 23:30	24.0	3.4	14.0	1.3	12.0	1.4	11.0	1.3	7.0	1.0	0.0	0.0	68.0	1.7	5	0.0
01/29/2006 23:35	18.0	2.4	14.0	1.3	12.0	1.4	11.0	1.3	7.0	0.9	0.0	0.0	62.0	1.5	5	0.0
01/29/2006 23:40	19.0	2.5	13.0	1.3	12.0	1.4	11.0	1.3	7.0	0.9	0.0	0.0	62.0	1.5	5	0.0
01/29/2006 23:45	18.0	2.6	14.0	1.2	12.0	1.3	11.0	1.2	7.0	0.9	0.0	0.0	62.0	1.4	5	0.0
01/29/2006 23:50	19.0	2.6	13.0	1.3	12.0	1.4	11.0	1.3	7.0	0.9	0.0	0.0	62.0	1.5	5	0.0
01/29/2006 23:55	16.0	2.4	13.0	1.2	11.0	1.3	10.0	1.3	7.0	0.9	0.0	0.0	57.0	1.4	5	0.0
01/30/2006 00:00	17.0	2.9	23.0	1.7	20.0	1.9	19.0	1.8	12.0	1.3	0.0	0.0	91.0	1.9	5	0.0
01/30/2006 00:05	11.0	1.5	24.0	1.8	22.0	1.9	20.0	1.8	13.0	1.3	0.0	0.0	90.0	1.7	5	0.0
01/30/2006 00:10	15.0	2.1	23.0	1.7	20.0	1.8	19.0	1.7	12.0	1.2	0.0	0.0	89.0	1.7	5	0.0
01/30/2006 00:15	19.0	3.0	21.0	1.6	18.0	1.8	17.0	1.7	11.0	1.2	0.0	0.0	86.0	1.9	5	0.0
01/30/2006 00:20	15.0	2.2	21.0	1.6	19.0	1.7	17.0	1.6	11.0	1.2	0.0	0.0	83.0	1.6	5	0.0
01/30/2006 00:25	13.0	1.6	19.0	1.5	17.0	1.6	16.0	1.5	10.0	1.1	0.0	0.0	75.0	1.5	5	0.0
01/30/2006 00:30	12.0	1.8	19.0	1.4	17.0	1.5	15.0	1.5	10.0	1.0	0.0	0.0	73.0	1.4	5	0.0
01/30/2006 00:35	13.0	1.8	18.0	1.4	16.0	1.5	15.0	1.4	9.0	1.0	0.0	0.0	71.0	1.4	5	0.0
01/30/2006 00:40	11.0	1.8	18.0	1.4	16.0	1.5	14.0	1.4	9.0	1.0	0.0	0.0	68.0	1.4	5	0.0
01/30/2006 00:45	10.0	1.3	18.0	1.4	16.0	1.6	15.0	1.5	10.0	1.1	0.0	0.0	69.0	1.4	5	0.0
01/30/2006 00:50	13.0	1.8	17.0	1.3	15.0	1.4	14.0	1.4	9.0	1.0	0.0	0.0	68.0	1.4	5	0.0
01/30/2006 00:55	10.0	1.7	16.0	1.3	14.0	1.4	13.0	1.3	9.0	0.9	0.0	0.0	62.0	1.3	5	0.0
01/30/2006 01:00	10.0	1.6	16.0	1.2	14.0	1.3	13.0	1.3	9.0	0.9	0.0	0.0	62.0	1.3	5	0.0
01/30/2006 01:05	10.0	1.7	16.0	1.2	14.0	1.3	13.0	1.3	8.0	0.9	0.0	0.0	61.0	1.3	5	0.0
01/30/2006 01:10	8.0	0.7	16.0	1.2	14.0	1.4	13.0	1.3	9.0	0.9	0.0	0.0	60.0	1.1	5	0.0
01/30/2006 01:15	13.0	1.9	16.0	1.2	14.0	1.3	13.0	1.3	8.0	0.9	0.0	0.0	64.0	1.3	5	0.0
01/30/2006 01:20	4.0	0.6	15.0	1.2	13.0	1.3	12.0	1.3	8.0	0.9	0.0	0.0	52.0	1.1	5	0.0
01/30/2006 01:25	9.0	1.6	16.0	1.3	14.0	1.4	13.0	1.3	8.0	1.0	0.0	0.0	60.0	1.3	5	0.0
01/30/2006 01:30	5.0	0.6	14.0	1.2	13.0	1.3	12.0	1.2	8.0	0.9	0.0	0.0	52.0	1.0	5	0.0
01/30/2006 01:35	10.0	1.4	15.0	1.2	13.0	1.3	12.0	1.2	8.0	0.9	0.0	0.0	58.0	1.2	5	0.0
01/30/2006 01:40	9.0	1.0	14.0	1.2	13.0	1.3	12.0	1.3	8.0	0.9	0.0	0.0	56.0	1.1	5	0.0
01/30/2006 01:45	6.0	0.9	14.0	1.1	12.0	1.2	11.0	1.2	7.0	0.8	0.0	0.0	50.0	1.1	5	0.0
01/30/2006 01:50	6.0	0.9	14.0	1.1	13.0	1.2	12.0	1.2	8.0	0.8	0.0	0.0	53.0	1.1	5	0.0
01/30/2006 01:55	8.0	1.1	14.0	1.1	13.0	1.2	12.0	1.1	8.0	0.8	0.0	0.0	55.0	1.1	5	0.0
01/30/2006 02:00	5.0	0.7	14.0	1.2	13.0	1.3	12.0	1.2	7.0	0.9	0.0	0.0	51.0	1.0	5	0.0
01/30/2006 02:05	7.0	0.8	14.0	1.1	12.0	1.2	11.0	1.2	7.0	0.8	0.0	0.0	51.0	1.0	5	0.0
01/30/2006 02:10	10.0	1.3	15.0	1.1	13.0	1.2	12.0	1.2	8.0	0.8	0.0	0.0	58.0	1.1	5	0.0
01/30/2006 02:15	6.0	1.0	14.0	1.2	12.0	1.3	11.0	1.2	7.0	0.9	0.0	0.0	50.0	1.1	5	0.0
01/30/2006 02:20	8.0	1.2	14.0	1.2	12.0	1.3	11.0	1.2	7.0	0.9	0.0	0.0	52.0	1.1	5	0.0
01/30/2006 02:25	4.0	0.5	14.0	1.1	12.0	1.2	11.0	1.2	7.0	0.8	0.0	0.0	48.0	1.0	5	0.0
01/30/2006 02:30	7.0	1.0	14.0	1.1	13.0	1.2	12.0	1.2	8.0	0.9	0.0	0.0	54.0	1.1	5	0.0
01/30/2006 02:35	4.0	0.4	14.0	1.2	13.0	1.3	12.0	1.2	7.0	0.9	0.0	0.0	50.0	1.0	5	0.0
01/30/2006 02:40	5.0	0.5	14.0	1.1	12.0	1.2	11.0	1.1	7.0	0.8	0.0	0.0	49.0	1.0	5	0.0
01/30/2006 02:45	5.0	0.5	14.0	1.1	12.0	1.2	11.0	1.2	7.0	0.9	0.0	0.0	49.0	1.0	5	0.0
01/30/2006 02:50	5.0	0.5	13.0	1.1	11.0	1.2	10.0	1.1	7.0	0.8	0.0	0.0	46.0	0.9	5	0.0
01/30/2006 02:55	4.0	0.4	13.0	1.1	12.0	1.2	11.0	1.1	7.0	0.8	0.0	0.0	47.0	0.9	5	0.0
01/30/2006 03:00	8.0	1.0	12.0	1.0	11.0	1.1	10.0	1.1	6.0	0.8	0.0	0.0	47.0	1.0	5	0.0
01/30/2006 03:05	1.0	0.1	13.0	1.0	11.0	1.1	10.0	1.1	7.0	0.8	0.0	0.0	42.0	0.8	5	0.0
01/30/2006 03:10	6.0	1.2	12.0	1.2	11.0	1.3	10.0	1.2	6.0	0.9	0.0	0.0	45.0	1.2	5	0.0
01/30/2006 03:15	6.0	0.6	13.0	1.1	11.0	1.2	10.0	1.1	7.0	0.8	0.0	0.0	47.0	1.0	5	0.0
01/30/2006 03:20	9.0	1.3	13.0	1.1	11.0	1.2	10.0	1.2	7.0	0.8	0.0	0.0	50.0	1.1	5	0.0
01/30/2006 03:25	4.0	0.4	14.0	1.2	12.0	1.3	11.0	1.2	7.0	0.9	0.0	0.0	48.0	1.0	5	0.0
01/30/2006 03:30	1.0	0.1	13.0	1.2	12.0	1.3	11.0	1.2	7.0	0.9	0.0	0.0	44.0	0.9	5	0.0
01/30/2006 03:35	4.0	0.4	13.0	1.3	12.0	1.4	11.0	1.3	7.0	0.9	0.0	0.0	47.0	1.1	5	0.0
01/30/2006 03:40	7.0	0.7	14.0	1.2	12.0	1.3	11.0	1.2	7.0	0.9	0.0	0.0	51.0	1.0	5	0.0
01/30/2006 03:45	8.0	0.9	14.0	1.2	12.0	1.3	11.0	1.2	7.0	0.9	0.0	0.0	52.0	1.1	5	0.0
01/30/2006 03:50	10.0	1.0	14.0	1.2	13.0	1.3	12.0	1.2	7.0	0.9	0.0	0.0	56.0	1.1	5	0.0
01/30/2006 03:55	10.0	1.0	14.0	1.2	12.0	1.3	11.0	1.2	7.0	0.9	0.0	0.0	54.0	1.1	5	0.0
01/30/2006 04:00	10.0	1.0	14.0	1.2	12.0	1.3	11.0	1.2	7.0	0.9	0.0	0.0	54.0	1.1	5	0.0
01/30/2006 04:05	10.0	1.0	14.0	1.2	13.0	1.3	12.0	1.2	8.0	0.9	0.0	0.0	57.0	1.1	5	0.0
01/30/2006 04:10	10.0	1.0	14.0	1.2	12.0	1.3	11.0	1.3	7.0	0.9	0.0	0.0	54.0	1.1	5	0.0
01/30/2006 04:15	10.0	1.0	15.0	1.3	13.0	1.5	12.0	1.4	8.0	1.0	0.0	0.0	58.0	1.2	5	0.0
01/30/2006 04:20	10.0	1.0	15.0	1.4	13.0	1.5	12.0	1.4	8.0	1.0	0.0	0.0	58.0	1.3	5	0.0
01/30/2006 04:25	10.0	1.0	15.0	1.4	14.0	1.6	13.0	1.5	8.0	1.1	0.0	0.0	60.0	1.3	5	0.0
01/30/2006 04:30	10.0	1.0	14.0	1.4	13.0	1.5	12.0	1.4	8.0	1.0	0.0	0.0	57.0	1.3	5	0.0
01/30/2006 04:35	10.0	1.0	15.0	1.6	13.0	1.7	12.0	1.6	8.0	1.2	0.0	0.0	58.0	1.4	5	0.0
01/30/2006 04:40	10.0	1.0	16.0	1.5	14.0	1.7	13.0	1.6	8.0	1.1	0.0	0.0	61.0	1.4	5	0.0
01/30/2006 04:45	10.0	1.0	17.0	1.5	15.0	1.6	14.0	1.6	9.0	1.1	0.0	0.0	65.0	1.4	5	0.0
01/30/2006 04:50	10.0	1.0	18.0	1.6	16.0	1.8	14.0	1.7	9.0	1.2	0.0	0.0	67.0	1.5	5	0.0
01/30/2006 04:55	10.0	1.0	18.0	1.6	16.0	1.8	15.0	1.7	9.0	1.2	0.0	0.0	68.0	1.5	5	0.0
01/30/2006 05:00	10.0	1.0	19.0	1.8	16.0	2.0	15.0	1.9	10.0	1.3	0.0	0.0	70.0	1.6	5	0.0
01/30/2006 05:05	10.0	1.0	18.0	1.7	16.0	1.8	15.0	1.7	9.0	1.2	0.0	0.0	68.0	1.5	5	0.0
01/30/2006 05:10	10.0	1.0	20.0	1.9	18.0	2.1	17.0	2.0	11.0	1.4	0.0	0.0	76.0	1.7	5	0.0
01/30/2006 05:15	10.0	1.0	23.0	2.0	20.0	2.2	19.0	2.1	12.0	1.5	0.0	0.0	84.0	1.8	5	0.0
01/30/2006 05:20	10.0	1.0	22.0	1.9	20.0	2.1	18.0	2.0	12.0	1.4	0.0	0.0	82.0	1.7	5	0.0
01/30/2006 05:25	10.0	1.0	26.0	2.1	23.0	2.3	21.0	2.2	14.0	1.6	0.0	0.0	94.0	1.9	5	0.0
01/30/2006 05:30	10.0	1.0	28.0	2.6	24.0	2.9	23.0	2.7	15.0	2.0	0.0	0.0	100.0	2.2	5	0.0
01/30/2006 05:35	10.0	1.0	30.0	2.5	26.0	2.7	24.0	2.6	16.0	1.9	0.0	0.0	106.0	2.1	5	0.0
01/30/2006 05:40	10.0	1.0	35.0	3.1	31.0	3.4	29.0	3.2	19.0	2.3	0.0	0.0	124.0	2.6	5	0.0
01/30/2006 05:45	10.0	1.0	38.0	3.1	33.0	3.4	31.0	3.2	20.0	2.3	0.0	0.0	132.0	2.6	5	0.0
01/30/2006 05:50	10.0	1.0	37.0	3.0	32.0	3.3	30.0	3.1	19.0	2.2	0.0	0.0	128.0	2.5	5	0.0
01/30/2006 05:55	10.0	1.0	37.0	3.1	32.0	3.4	30.0	3.2	19.0	2.3	0.0	0.0	128.0	2.6	5	0.0
01/30/2006 06:00	10.0	1.0	34.0	2.9	30.0	3.2	28.0	3.0	18.0	2.2	0.0	0.0	120.0	2.4	5	0.0
01/30/2006 06:05	10.0	1.0	35.0	3.0	31.0	3.2	29.0	3.1	19.0	2.2	0.0	0.0	124.0	2.5	5	0.0
01/30/2006 06:10	10.0	1.0	41.0	3.2	36.0	3.5	33.0	3.3	21.0	2.4	0.0	0.0	141.0	2.7	5	0.0
01/30/2006 06:15	10.0	1.0	43.0	3.6	38.0	3.9	35.0	3.7	22.0	2.7	0.0	0.0	148.0	3.0	5	0.0
01/30/2006 06:20	10.0	1.0	43.0	3.7	38.0	4.1	35.0	3.9	23.0	2.8	0.0	0.0	149.0	3.1	5	0.0
01/30/2006 06:25	10.0	1.0	46.0	3.8	40.0	4.2	37.0	4.0	24.0	2.9	0.0	0.0	157.0	3.2	5	0.0
01/30/2006 06:30	10.0	1.0	47.0	4.1	42.0	4.5	39.0	4.2	25.0	3.0	0.0	0.0	163.0	3.4	5	0.0
01/30/2006 06:35	10.0	1.0	51.0	4.0	45.0	4.4	41.0	4.2	27.0	3.0	0.0	0.0	174.0	3.3	5	0.0
01/30/2006 06:40	10.0	1.0	56.0	4.9	50.0	5.4	46.0	5.1	30.0	3.7	0.0	0.0	192.0	4.0	5	0.0
01/30/2006 06:45	10.0	1.0	63.0	5.4	56.0	5.8	52.0	5.6	33.0	4.0	0.0	0.0	214.0	4.4	5	0.0
01/30/2006 06:50	10.0	1.0	62.0	5.2	55.0	5.7	51.0	5.4	33.0	3.9	0.0	0.0	211.0	4.2	5	0.0
01/30/2006 06:55	10.0	1.0	58.0	5.0	52.0	5.5	48.0	5.2	31.0	3.7	0.0	0.0	199.0	4.1	5	0.0
01/30/2006 07:00	10.0	1.0	55.0	4.7	48.0	5.1	45.0	4.9	29.0	3.5	0.0	0.0	187.0	3.8	5	0.0
01/30/2006 07:05	10.0	1.0	56.0	4.9	50.0	5.3	46.0	5.1	30.0	3.6	0.0	0.0	192.0	4.0	5	0.0
01/30/2006 07:10	10.0	1.0	60.0	5.2	53.0	5.7	49.0	5.4	32.0	3.9	0.0	0.0	204.0	4.2	5	0.0
01/30/2006 07:15	10.0	1.0	63.0	5.5	56.0	6.0	52.0	5.8	33.0	4.1	0.0	0.0	214.0	4.5	5	0.0
01/30/2006 07:20	10.0	1.0	69.0	5.6	61.0	6.1	56.0	5.8	36.0	4.2	0.0	0.0	232.0	4.6	5	0.0
01/30/2006 07:25	10.0	1.0	68.0	5.8	60.0	6.3	55.0	6.0	36.0	4.3	0.0	0.0	229.0	4.7	5	0.0
01/30/2006 07:30	10.0	1.0	68.0	6.0	60.0	6.5	56.0	6.2	36.0	4.5	0.0	0.0	230.0	4.8	5	0.0
01/30/2006 07:35	10.0	1.0	68.0	6.1	60.0	6.6	55.0	6.3	36.0	4.5	0.0	0.0	229.0	4.9	5	0.0
01/30/2006 07:40	10.0	1.0	74.0	6.8	65.0	7.4	60.0	7.1	39.0	5.0	0.0	0.0	248.0	5.5	5	0.0
01/30/2006 07:45	10.0	1.0	75.0	6.5	67.0	7.1	62.0	6.7	40.0	4.8	0.0	0.0	254.0	5.2	5	0.0
01/30/2006 07:50	10.0	1.0	78.0	6.8	69.0	7.4	64.0	7.0	41.0	5.0	0.0	0.0	262.0	5.4	5	0.0
01/30/2006 07:55	10.0	1.0	75.0	6.3	66.0	6.9	61.0	6.6	39.0	4.7	0.0	0.0	251.0	5.1	5	0.0
01/30/2006 08:00	10.0	1.0	73.0	6.5	65.0	7.1	60.0	6.7	39.0	4.8	0.0	0.0	247.0	5.2	5	0.0
01/30/2006 08:05	10.0	1.0	70.0	6.2	62.0	6.7	57.0	6.4	37.0	4.6	0.0	0.0	236.0	5.0	5	0.0
01/30/2006 08:10	10.0	1.0	73.0	6.4	64.0	6.9	60.0	6.6	38.0	4.7	0.0	0.0	245.0	5.1	5	0.0
01/30/2006 08:15	10.0	1.0	73.0	6.2	64.0	6.8	60.0	6.4	38.0	4.6	0.0	0.0	245.0	5.0	5	0.0
01/30/2006 08:20	10.0	1.0	70.0	6.6	62.0	7.2	57.0	6.8	37.0	4.9	0.0	0.0	236.0	5.3	5	0.0
01/30/2006 08:25	10.0	1.0	74.0	6.4	66.0	7.0	61.0	6.7	39.0	4.8	0.0	0.0	250.0	5.2	5	0.0
01/30/2006 08:30	10.0	1.0	70.0	6.5	62.0	7.1	57.0	6.8	37.0	4.8	0.0	0.0	236.0	5.2	5	0.0
01/30/2006 08:35	10.0	1.0	72.0	6.7	64.0	7.3	59.0	7.0	38.0	5.0	0.0	0.0	243.0	5.4	5	0.0
01/30/2006 08:40	10.0	1.0	70.0	7.2	62.0	7.8	57.0	7.5	37.0	5.4	0.0	0.0	236.0	5.8	5	0.0
01/30/2006 08:45	10.0	1.0	73.0	6.7	65.0	7.3	60.0	6.9	38.0	5.0	0.0	0.0	246.0	5.4	5	0.0
01/30/2006 08:50	10.0	1.0	74.0	6.9	66.0	7.5	61.0	7.2	39.0	5.1	0.0	0.0	250.0	5.5	5	0.0
01/30/2006 08:55	10.0	1.0	73.0	6.7	64.0	7.3	60.0	7.0	38.0	5.0	0.0	0.0	245.0	5.4	5	0.0
01/30/2006 09:00	10.0	1.0	70.0	6.5	62.0	7.1	57.0	6.7	37.0	4.8	0.0	0.0	236.0	5.2	5	0.0
01/30/2006 09:05	10.0	1.0	74.0	6.4	66.0	7.0	61.0	6.7	39.0	4.8	0.0	0.0	250.0	5.2	5	0.0
01/30/2006 09:10	10.0	1.0	68.0	6.5	60.0	7.1	56.0	6.8	36.0	4.8	0.0	0.0	230.0	5.2	5	0.0
01/30/2006 09:15	10.0	1.0	71.0	6.1	63.0	6.7	58.0	6.4	37.0	4.6	0.0	0.0	239.0	5.0	5	0.0
01/30/2006 09:20	10.0	1.0	72.0	6.4	64.0	7.0	59.0	6.6	38.0	4.8	0.0	0.0	243.0	5.2	5	0.0
01/30/2006 09:25	10.0	1.0	72.0	6.4	64.0	6.9	59.0	6.6	38.0	4.7	0.0	0.0	243.0	5.1	5	0.0
01/30/2006 09:30	10.0	1.0	68.0	6.2	60.0	6.8	56.0	6.5	36.0	4.7	0.0	0.0	230.0	5.0	5	0.0
01/30/2006 09:35	10.0	1.0	74.0	6.4	65.0	6.9	60.0	6.6	39.0	4.7	0.0	0.0	248.0	5.1	5	0.0
01/30/2006 09:40	10.0	1.0	71.0	6.5	63.0	7.1	58.0	6.8	38.0	4.9	0.0	0.0	240.0	5.3	5	0.0
01/30/2006 09:45	10.0	1.0	75.0	7.0	67.0	7.6	62.0	7.3	40.0	5.2	0.0	0.0	254.0	5.6	5	0.0
01/30/2006 09:50	10.0	1.0	73.0	6.7	64.0	7.4	59.0	7.0	38.0	5.0	0.0	0.0	244.0	5.4	5	0.0
01/30/2006 09:55	10.0	1.0	77.0	6.5	68.0	7.1	63.0	6.8	41.0	4.9	0.0	0.0	259.0	5.3	5	0.0
01/30/2006 10:00	10.0	1.0	71.0	6.2	63.0	6.7	58.0	6.4	38.0	4.6	0.0	0.0	240.0	5.0	5	0.0
01/30/2006 10:05	10.0	1.0	70.0	6.5	62.0	7.1	58.0	6.8	37.0	4.9	0.0	0.0	237.0	5.3	5	0.0
01/30/2006 10:10	10.0	1.0	70.0	6.4	62.0	6.9	57.0	6.6	37.0	4.7	0.0	0.0	236.0	5.1	5	0.0
01/30/2006 10:15	10.0	1.0	72.0	6.6	64.0	7.2	59.0	6.9	38.0	4.9	0.0	0.0	243.0	5.3	5	0.0
01/30/2006 10:20	10.0	1.0	71.0	6.3	63.0	6.9	58.0	6.5	37.0	4.7	0.0	0.0	239.0	5.1	5	0.0
01/30/2006 10:25	10.0	1.0	71.0	6.7	63.0	7.3	58.0	7.0	38.0	5.0	0.0	0.0	240.0	5.4	5	0.0
01/30/2006 10:30	10.0	1.0	71.0	6.4	63.0	7.0	58.0	6.6	37.0	4.8	0.0	0.0	239.0	5.1	5	0.0
01/30/2006 10:35	10.0	1.0	73.0	6.2	64.0	6.8	60.0	6.5	38.0	4.6	0.0	0.0	245.0	5.0	5	0.0
01/30/2006 10:40	10.0	1.0	74.0	6.5	65.0	7.1	61.0	6.7	39.0	4.8	0.0	0.0	249.0	5.2	5	0.0
01/30/2006 10:45	10.0	1.0	75.0	6.7	67.0	7.3	62.0	6.9	40.0	5.0	0.0	0.0	254.0	5.4	5	0.0
01/30/2006 10:50	10.0	1.0	72.0	6.5	63.0	7.1	59.0	6.8	38.0	4.9	0.0	0.0	242.0	5.3	5	0.0
01/30/2006 10:55	10.0	1.0	76.0	6.3	67.0	6.8	62.0	6.5	40.0	4.7	0.0	0.0	255.0	5.1	5	0.0
01/30/2006 11:00	10.0	1.0	74.0	6.2	65.0	6.8	60.0	6.5	39.0	4.7	0.0	0.0	248.0	5.0	5	0.0
01/30/2006 11:05	10.0	1.0	69.0	6.1	61.0	6.7	57.0	6.4	37.0	4.6	0.0	0.0	234.0	4.9	5	0.0
01/30/2006 11:10	10.0	1.0	73.0	6.3	64.0	6.8	59.0	6.5	38.0	4.7	0.0	0.0	244.0	5.1	5	0.0
01/30/2006 11:15	10.0	1.0	80.0	6.8	70.0	7.4	65.0	7.1	42.0	5.1	0.0	0.0	267.0	5.5	5	0.0
01/30/2006 11:20	10.0	1.0	77.0	6.7	68.0	7.3	63.0	6.9	41.0	5.0	0.0	0.0	259.0	5.4	5	0.0
01/30/2006 11:25	10.0	1.0	77.0	6.6	68.0	7.2	63.0	6.9	40.0	4.9	0.0	0.0	258.0	5.3	5	0.0
01/30/2006 11:30	10.0	1.0	76.0	6.4	68.0	7.0	63.0	6.7	40.0	4.8	0.0	0.0	257.0	5.2	5	0.0
01/30/2006 11:35	10.0	1.0	77.0	6.7	68.0	7.3	63.0	7.0	40.0	5.0	0.0	0.0	258.0	5.4	5	0.0
01/30/2006 11:40	10.0	1.0	77.0	6.8	68.0	7.4	63.0	7.1	41.0	5.0	0.0	0.0	259.0	5.5	5	0.0
01/30/2006 11:45	10.0	1.0	82.0	7.3	72.0	7.9	67.0	7.6	43.0	5.4	0.0	0.0	274.0	5.8	5	0.0
01/30/2006 11:50	10.0	1.0	86.0	7.1	76.0	7.8	71.0	7.4	45.0	5.3	0.0	0.0	288.0	5.7	5	0.0
01/30/2006 11:55	10.0	1.0	80.0	7.1	71.0	7.7	65.0	7.4	42.0	5.3	0.0	0.0	268.0	5.7	5	0.0
01/30/2006 12:00	10.0	1.0	83.0	6.9	73.0	7.6	68.0	7.2	44.0	5.2	0.0	0.0	278.0	5.6	5	0.0
01/30/2006 12:05	10.0	1.0	84.0	6.7	74.0	7.3	69.0	7.0	44.0	5.0	0.0	0.0	281.0	5.4	5	0.0
01/30/2006 12:10	10.0	1.0	83.0	7.2	74.0	7.9	68.0	7.5	44.0	5.4	0.0	0.0	279.0	5.8	5	0.0
01/30/2006 12:15	10.0	1.0	81.0	7.0	72.0	7.7	67.0	7.3	43.0	5.2	0.0	0.0	273.0	5.7	5	0.0
01/30/2006 12:20	10.0	1.0	82.0	6.8	72.0	7.4	67.0	7.0	43.0	5.0	0.0	0.0	274.0	5.4	5	0.0
01/30/2006 12:25	10.0	1.0	80.0	6.9	71.0	7.6	66.0	7.2	42.0	5.2	0.0	0.0	269.0	5.6	5	0.0
01/30/2006 12:30	10.0	1.0	82.0	6.9	73.0	7.6	68.0	7.2	43.0	5.2	0.0	0.0	276.0	5.6	5	0.0
01/30/2006 12:35	10.0	1.0	81.0	7.0	71.0	7.6	66.0	7.3	43.0	5.2	0.0	0.0	271.0	5.6	5	0.0
01/30/2006 12:40	10.0	1.0	84.0	7.4	74.0	8.0	69.0	7.6	44.0	5.5	0.0	0.0	281.0	5.9	5	0.0
01/30/2006 12:45	10.0	1.0	84.0	7.4	74.0	8.0	69.0	7.7	44.0	5.5	0.0	0.0	281.0	5.9	5	0.0
01/30/2006 12:50	10.0	1.0	85.0	7.3	75.0	8.0	70.0	7.6	45.0	5.5	0.0	0.0	285.0	5.9	5	0.0
01/30/2006 12:55	10.0	1.0	81.0	7.0	71.0	7.6	66.0	7.3	43.0	5.2	0.0	0.0	271.0	5.6	5	0.0
01/30/2006 13:00	10.0	1.0	78.0	6.9	69.0	7.5	64.0	7.2	41.0	5.1	0.0	0.0	262.0	5.5	5	0.0
01/30/2006 13:05	10.0	1.0	76.0	7.0	67.0	7.6	62.0	7.3	40.0	5.2	0.0	0.0	255.0	5.6	5	0.0
01/30/2006 13:10	10.0	1.0	81.0	7.2	71.0	7.8	66.0	7.5	43.0	5.3	0.0	0.0	271.0	5.8	5	0.0
01/30/2006 13:15	10.0	1.0	79.0	6.9	70.0	7.6	65.0	7.2	42.0	5.2	0.0	0.0	266.0	5.6	5	0.0
01/30/2006 13:20	10.0	1.0	83.0	7.3	73.0	8.0	68.0	7.6	44.0	5.5	0.0	0.0	278.0	5.9	5	0.0
01/30/2006 13:25	10.0	1.0	84.0	7.1	74.0	7.8	69.0	7.4	44.0	5.3	0.0	0.0	281.0	5.7	5	0.0
01/30/2006 13:30	10.0	1.0	79.0	6.6	70.0	7.2	65.0	6.9	42.0	4.9	0.0	0.0	266.0	5.3	5	0.0
01/30/2006 13:35	10.0	1.0	79.0	6.9	70.0	7.5	65.0	7.2	42.0	5.1	0.0	0.0	266.0	5.5	5	0.0
01/30/2006 13:40	10.0	1.0	86.0	7.0	76.0	7.6	71.0	7.3	45.0	5.2	0.0	0.0	288.0	5.6	5	0.0
01/30/2006 13:45	10.0	1.0	88.0	7.4	78.0	8.0	72.0	7.6	46.0	5.5	0.0	0.0	294.0	5.9	5	0.0
01/30/2006 13:50	10.0	1.0	88.0	7.5	78.0	8.2	72.0	7.8	46.0	5.6	0.0	0.0	294.0	6.0	5	0.0
01/30/2006 13:55	10.0	1.0	86.0	7.2	76.0	7.9	70.0	7.5	45.0	5.4	0.0	0.0	287.0	5.8	5	0.0
01/30/2006 14:00	10.0	1.0	81.0	6.8	72.0	7.4	66.0	7.0	43.0	5.0	0.0	0.0	272.0	5.4	5	0.0
01/30/2006 14:05	10.0	1.0	84.0	7.2	74.0	7.8	69.0	7.5	44.0	5.4	0.0	0.0	281.0	5.8	5	0.0
01/30/2006 14:10	10.0	1.0	88.0	7.3	78.0	7.9	72.0	7.5	46.0	5.4	0.0	0.0	294.0	5.8	5	0.0
01/30/2006 14:15	10.0	1.0	91.0	7.4	80.0	8.1	74.0	7.7	48.0	5.5	0.0	0.0	303.0	6.0	5	0.0
01/30/2006 14:20	10.0	1.0	90.0	7.6	79.0	8.3	74.0	7.9	47.0	5.7	0.0	0.0	300.0	6.1	5	0.0
01/30/2006 14:25	10.0	1.0	93.0	7.8	82.0	8.5	76.0	8.1	49.0	5.8	0.0	0.0	310.0	6.2	5	0.0
01/30/2006 14:30	10.0	1.0	94.0	7.8	83.0	8.6	77.0	8.2	49.0	5.8	0.0	0.0	313.0	6.3	5	0.0
01/30/2006 14:35	10.0	1.0	101.0	8.4	89.0	9.2	82.0	8.8	53.0	6.3	0.0	0.0	335.0	6.7	5	0.0
01/30/2006 14:40	10.0	1.0	99.0	9.3	88.0	10.2	81.0	9.7	52.0	6.9	0.0	0.0	330.0	7.4	5	0.0
01/30/2006 14:45	10.0	1.0	101.0	8.9	89.0	9.7	83.0	9.3	53.0	6.6	0.0	0.0	336.0	7.1	5	0.0
01/30/2006 14:50	10.0	1.0	101.0	8.7	89.0	9.5	83.0	9.1	53.0	6.5	0.0	0.0	336.0	7.0	5	0.0
01/30/2006 14:55	10.0	1.0	92.0	8.1	81.0	8.8	75.0	8.4	48.0	6.0	0.0	0.0	306.0	6.4	5	0.0
01/30/2006 15:00	10.0	1.0	86.0	7.5	76.0	8.2	71.0	7.8	45.0	5.6	0.0	0.0	288.0	6.0	5	0.0
01/30/2006 15:05	10.0	1.0	94.0	8.2	83.0	9.0	77.0	8.5	49.0	6.1	0.0	0.0	313.0	6.6	5	0.0
01/30/2006 15:10	10.0	1.0	104.0	9.1	92.0	9.9	86.0	9.5	55.0	6.8	0.0	0.0	347.0	7.2	5	0.0
01/30/2006 15:15	10.0	1.0	96.0	9.3	85.0	10.2	79.0	9.7	51.0	6.9	0.0	0.0	321.0	7.4	5	0.0
01/30/2006 15:20	10.0	1.0	94.0	8.8	83.0	9.6	77.0	9.1	50.0	6.5	0.0	0.0	314.0	7.0	5	0.0
01/30/2006 15:25	10.0	1.0	96.0	8.9	85.0	9.7	79.0	9.3	51.0	6.6	0.0	0.0	321.0	7.1	5	0.0
01/30/2006 15:30	10.0	1.0	94.0	8.9	83.0	9.8	77.0	9.3	50.0	6.7	0.0	0.0	314.0	7.1	5	0.0
01/30/2006 15:35	10.0	1.0	98.0	9.4	87.0	10.3	81.0	9.8	52.0	7.0	0.0	0.0	328.0	7.5	5	0.0
01/30/2006 15:40	10.0	1.0	101.0	10.9	89.0	11.9	82.0	11.3	53.0	8.1	0.0	0.0	335.0	8.7	5	0.0
01/30/2006 15:45	10.0	1.0	99.0	11.9	88.0	13.0	81.0	12.4	52.0	8.9	0.0	0.0	330.0	9.4	5	0.0
01/30/2006 15:50	10.0	1.0	98.0	12.1	87.0	13.2	81.0	12.6	52.0	9.0	0.0	0.0	328.0	9.6	5	0.0
01/30/2006 15:55	10.0	1.0	97.0	12.0	86.0	13.1	80.0	12.5	51.0	8.9	0.0	0.0	324.0	9.5	5	0.0
01/30/2006 16:00	10.0	1.0	97.0	10.5	86.0	11.5	80.0	10.9	51.0	7.8	0.0	0.0	324.0	8.4	5	0.0
01/30/2006 16:05	10.0	1.0	95.0	10.4	84.0	11.4	78.0	10.8	50.0	7.8	0.0	0.0	317.0	8.3	5	0.0
01/30/2006 16:10	10.0	1.0	94.0	12.0	83.0	13.1	77.0	12.5	50.0	9.0	0.0	0.0	314.0	9.5	5	0.0
01/30/2006 16:15	10.0	1.0	97.0	11.5	86.0	12.5	80.0	11.9	51.0	8.5	0.0	0.0	324.0	9.1	5	0.0
01/30/2006 16:20	10.0	1.0	97.0	11.5	86.0	12.6	80.0	12.0	51.0	8.6	0.0	0.0	324.0	9.2	5	0.0
01/30/2006 16:25	10.0	1.0	96.0	10.4	85.0	11.3	78.0	10.8	50.0	7.7	0.0	0.0	319.0	8.2	5	0.0
01/30/2006 16:30	10.0	1.0	96.0	10.4	85.0	11.4	79.0	10.9	51.0	7.8	0.0	0.0	321.0	8.3	5	0.0
01/30/2006 16:35	10.0	1.0	98.0	10.8	86.0	11.8	80.0	11.3	51.0	8.1	0.0	0.0	325.0	8.6	5	0.0
01/30/2006 16:40	10.0	1.0	94.0	12.1	83.0	13.2	77.0	12.6	50.0	9.0	0.0	0.0	314.0	9.6	5	0.0
01/30/2006 16:45	10.0	1.0	92.0	13.1	81.0	14.3	75.0	13.7	48.0	9.8	0.0	0.0	306.0	10.4	5	0.0
01/30/2006 16:50	10.0	1.0	92.0	13.8	81.0	15.0	75.0	14.3	48.0	10.3	0.0	0.0	306.0	10.9	5	0.0
01/30/2006 16:55	10.0	1.0	89.0	11.5	79.0	12.6	73.0	12.0	47.0	8.6	0.0	0.0	298.0	9.1	5	0.0
01/30/2006 17:00	10.0	1.0	89.0	10.1	78.0	11.0	73.0	10.5	47.0	7.5	0.0	0.0	297.0	8.0	5	0.0
01/30/2006 17:05	10.0	1.0	94.0	11.5	83.0	12.6	77.0	12.0	50.0	8.6	0.0	0.0	314.0	9.1	5	0.0
01/30/2006 17:10	10.0	1.0	94.0	12.3	83.0	13.5	77.0	12.8	49.0	9.2	0.0	0.0	313.0	9.8	5	0.0
01/30/2006 17:15	10.0	1.0	98.0	15.0	86.0	16.4	80.0	15.6	52.0	11.2	0.0	0.0	326.0	11.9	5	0.0
01/30/2006 17:20	10.0	1.0	94.0	15.0	83.0	16.4	77.0	15.6	49.0	11.2	0.0	0.0	313.0	11.8	5	0.0
01/30/2006 17:25	10.0	1.0	96.0	17.6	85.0	19.2	79.0	18.3	51.0	13.1	0.0	0.0	321.0	13.8	5	0.0
01/30/2006 17:30	10.0	1.0	89.0	16.7	79.0	18.2	73.0	17.3	47.0	12.4	0.0	0.0	298.0	13.1	5	0.0
01/30/2006 17:35	10.0	1.0	89.0	15.2	79.0	16.5	73.0	15.8	47.0	11.3	0.0	0.0	298.0	11.9	5	0.0
01/30/2006 17:40	10.0	1.0	86.0	14.8	76.0	16.1	71.0	15.4	45.0	11.0	0.0	0.0	288.0	11.7	5	0.0
01/30/2006 17:45	10.0	1.0	87.0	13.5	77.0	14.7	71.0	14.0	46.0	10.0	0.0	0.0	291.0	10.7	5	0.0
01/30/2006 17:50	10.0	1.0	89.0	10.6	79.0	11.6	73.0	11.1	47.0	7.9	0.0	0.0	298.0	8.4	5	0.0
01/30/2006 17:55	10.0	1.0	84.0	12.2	74.0	13.3	69.0	12.7	44.0	9.1	0.0	0.0	281.0	9.6	5	0.0
01/30/2006 18:00	10.0	1.0	86.0	9.7	76.0	10.6	70.0	10.1	45.0	7.2	0.0	0.0	287.0	7.7	5	0.0
01/30/2006 18:05	10.0	1.0	84.0	10.1	74.0	11.0	69.0	10.5	44.0	7.5	0.0	0.0	281.0	8.0	5	0.0
01/30/2006 18:10	10.0	1.0	91.0	9.5	81.0	10.4	75.0	9.9	48.0	7.1	0.0	0.0	305.0	7.6	5	0.0
01/30/2006 18:15	10.0	1.0	91.0	10.5	81.0	11.5	75.0	10.9	48.0	7.8	0.0	0.0	305.0	8.3	5	0.0
01/30/2006 18:20	22.0	3.0	92.0	9.4	81.0	10.2	75.0	9.7	48.0	7.0	0.0	0.0	318.0	7.9	5	0.0
01/30/2006 18:25	36.0	5.8	90.0	8.9	80.0	9.7	74.0	9.3	48.0	6.6	0.0	0.0	328.0	8.1	5	0.0
01/30/2006 18:30	43.0	7.0	91.0	8.6	80.0	9.4	74.0	9.0	48.0	6.4	0.0	0.0	336.0	8.1	5	0.0
01/30/2006 18:35	41.0	6.6	89.0	8.6	79.0	9.3	73.0	8.9	47.0	6.4	0.0	0.0	329.0	8.0	5	0.0
01/30/2006 18:40	42.0	7.0	92.0	8.4	81.0	9.1	75.0	8.7	48.0	6.2	0.0	0.0	338.0	7.9	5	0.0
01/30/2006 18:45	42.0	6.7	88.0	7.8	78.0	8.6	72.0	8.2	47.0	5.8	0.0	0.0	327.0	7.4	5	0.0
01/30/2006 18:50	39.0	6.1	88.0	7.4	77.0	8.1	72.0	7.7	46.0	5.5	0.0	0.0	322.0	7.0	5	0.0
01/30/2006 18:55	34.0	5.7	81.0	6.9	72.0	7.5	67.0	7.2	43.0	5.1	0.0	0.0	297.0	6.5	5	0.0
01/30/2006 19:00	34.0	5.2	83.0	7.5	74.0	8.2	68.0	7.8	44.0	5.6	0.0	0.0	303.0	6.9	5	0.0
01/30/2006 19:05	39.0	6.4	80.0	6.8	71.0	7.4	65.0	7.0	42.0	5.0	0.0	0.0	297.0	6.5	5	0.0
01/30/2006 19:10	40.0	6.2	81.0	6.9	72.0	7.6	67.0	7.2	43.0	5.2	0.0	0.0	303.0	6.6	5	0.0
01/30/2006 19:15	31.0	4.7	83.0	6.5	74.0	7.1	68.0	6.8	44.0	4.9	0.0	0.0	300.0	6.0	5	0.0
01/30/2006 19:20	39.0	6.1	79.0	6.4	70.0	7.0	65.0	6.7	42.0	4.8	0.0	0.0	295.0	6.2	5	0.0
01/30/2006 19:25	34.0	5.8	73.0	5.9	65.0	6.4	60.0	6.1	39.0	4.4	0.0	0.0	271.0	5.7	5	0.0
01/30/2006 19:30	32.0	4.8	79.0	5.8	70.0	6.3	65.0	6.0	42.0	4.3	0.0	0.0	288.0	5.4	5	0.0
01/30/2006 19:35	21.0	3.3	70.0	5.7	62.0	6.2	57.0	5.9	37.0	4.2	0.0	0.0	247.0	5.0	5	0.0
01/30/2006 19:40	32.0	4.8	67.0	5.6	59.0	6.1	55.0	5.8	35.0	4.2	0.0	0.0	248.0	5.3	5	0.0
01/30/2006 19:45	29.0	4.2	66.0	5.3	58.0	5.8	54.0	5.6	35.0	4.0	0.0	0.0	242.0	5.0	5	0.0
01/30/2006 19:50	28.0	4.1	69.0	5.3	61.0	5.8	56.0	5.6	36.0	4.0	0.0	0.0	250.0	5.0	5	0.0
01/30/2006 19:55	30.0	4.6	64.0	4.9	56.0	5.3	52.0	5.1	34.0	3.7	0.0	0.0	236.0	4.7	5	0.0
01/30/2006 20:00	35.0	4.8	65.0	5.1	58.0	5.6	54.0	5.3	34.0	3.8	0.0	0.0	246.0	4.9	5	0.0
01/30/2006 20:05	34.0	5.1	63.0	4.9	56.0	5.3	52.0	5.1	33.0	3.6	0.0	0.0	238.0	4.8	5	0.0
01/30/2006 20:10	23.0	3.6	61.0	4.7	53.0	5.1	50.0	4.9	32.0	3.5	0.0	0.0	219.0	4.3	5	0.0
01/30/2006 20:15	27.0	4.5	62.0	4.9	55.0	5.3	51.0	5.1	33.0	3.7	0.0	0.0	228.0	4.7	5	0.0
01/30/2006 20:20	15.0	1.8	61.0	4.6	54.0	5.1	50.0	4.8	32.0	3.5	0.0	0.0	212.0	4.0	5	0.0
01/30/2006 20:25	10.0	1.0	57.0	4.3	50.0	4.7	47.0	4.5	30.0	3.2	0.0	0.0	194.0	3.5	5	0.0
01/30/2006 20:30	29.0	4.4	56.0	4.1	50.0	4.5	46.0	4.3	30.0	3.1	0.0	0.0	211.0	4.1	5	0.0
01/30/2006 20:35	25.0	3.8	57.0	4.3	51.0	4.7	47.0	4.5	30.0	3.2	0.0	0.0	210.0	4.1	5	0.0
01/30/2006 20:40	28.0	4.0	56.0	4.3	50.0	4.7	46.0	4.5	30.0	3.2	0.0	0.0	210.0	4.1	5	0.0
01/30/2006 20:45	30.0	4.4	55.0	4.2	49.0	4.6	45.0	4.4	29.0	3.2	0.0	0.0	208.0	4.2	5	0.0
01/30/2006 20:50	28.0	3.8	51.0	4.1	45.0	4.5	42.0	4.3	27.0	3.1	0.0	0.0	193.0	3.9	5	0.0
01/30/2006 20:55	32.0	4.8	52.0	3.9	46.0	4.3	42.0	4.1	27.0	2.9	0.0	0.0	199.0	4.0	5	0.0
01/30/2006 21:00	23.0	4.1	49.0	3.8	43.0	4.1	40.0	3.9	26.0	2.8	0.0	0.0	181.0	3.7	5	0.0
01/30/2006 21:05	28.0	4.6	50.0	3.9	44.0	4.2	41.0	4.0	26.0	2.9	0.0	0.0	189.0	3.9	5	0.0
01/30/2006 21:10	29.0	4.4	55.0	4.2	48.0	4.6	45.0	4.3	29.0	3.1	0.0	0.0	206.0	4.1	5	0.0
01/30/2006 21:15	21.0	3.2	55.0	4.1	49.0	4.5	45.0	4.3	29.0	3.1	0.0	0.0	199.0	3.8	5	0.0
01/30/2006 21:20	28.0	3.8	52.0	4.1	46.0	4.4	43.0	4.2	28.0	3.0	0.0	0.0	197.0	3.9	5	0.0
01/30/2006 21:25	23.0	3.5	52.0	3.9	46.0	4.2	43.0	4.0	27.0	2.9	0.0	0.0	191.0	3.7	5	0.0
01/30/2006 21:30	31.0	4.4	52.0	3.9	46.0	4.3	43.0	4.1	28.0	2.9	0.0	0.0	200.0	3.9	5	0.0
01/30/2006 21:35	26.0	4.0	51.0	3.8	45.0	4.1	41.0	3.9	27.0	2.8	0.0	0.0	190.0	3.7	5	0.0
01/30/2006 21:40	24.0	3.6	51.0	3.9	45.0	4.2	42.0	4.0	27.0	2.9	0.0	0.0	189.0	3.7	5	0.0
01/30/2006 21:45	26.0	4.4	47.0	3.6	42.0	3.9	39.0	3.8	25.0	2.7	0.0	0.0	179.0	3.7	5	0.0
01/30/2006 21:50	25.0	3.7	44.0	3.3	39.0	3.6	36.0	3.5	23.0	2.5	0.0	0.0	167.0	3.3	5	0.0
01/30/2006 21:55	29.0	4.7	43.0	3.4	38.0	3.7	35.0	3.5	22.0	2.5	0.0	0.0	167.0	3.5	5	0.0
01/30/2006 22:00	27.0	4.2	43.0	3.3	38.0	3.6	35.0	3.4	22.0	2.4	0.0	0.0	165.0	3.4	5	0.0
01/30/2006 22:05	27.0	3.6	45.0	3.5	39.0	3.8	37.0	3.7	23.0	2.6	0.0	0.0	171.0	3.4	5	0.0
01/30/2006 22:10	28.0	4.4	43.0	3.4	38.0	3.7	35.0	3.5	22.0	2.5	0.0	0.0	166.0	3.5	5	0.0
01/30/2006 22:15	23.0	3.3	44.0	3.3	39.0	3.6	36.0	3.5	23.0	2.5	0.0	0.0	165.0	3.2	5	0.0
01/30/2006 22:20	22.0	3.3	41.0	3.1	36.0	3.4	34.0	3.2	22.0	2.3	0.0	0.0	155.0	3.1	5	0.0
01/30/2006 22:25	27.0	4.0	38.0	3.0	33.0	3.3	31.0	3.1	20.0	2.2	0.0	0.0	149.0	3.1	5	0.0
01/30/2006 22:30	22.0	3.3	39.0	3.0	35.0	3.3	32.0	3.1	21.0	2.2	0.0	0.0	149.0	3.0	5	0.0
01/30/2006 22:35	24.0	3.8	40.0	3.0	35.0	3.3	33.0	3.1	21.0	2.2	0.0	0.0	153.0	3.1	5	0.0
01/30/2006 22:40	21.0	2.7	35.0	2.8	31.0	3.1	29.0	2.9	18.0	2.1	0.0	0.0	134.0	2.7	5	0.0
01/30/2006 22:45	18.0	2.6	37.0	2.7	33.0	3.0	30.0	2.8	19.0	2.0	0.0	0.0	137.0	2.6	5	0.0
01/30/2006 22:50	16.0	2.2	36.0	2.6	32.0	2.8	29.0	2.7	19.0	1.9	0.0	0.0	132.0	2.4	5	0.0
01/30/2006 22:55	21.0	2.9	33.0	2.5	29.0	2.7	27.0	2.6	17.0	1.8	0.0	0.0	127.0	2.5	5	0.0
01/30/2006 23:00	25.0	3.4	32.0	2.4	28.0	2.7	26.0	2.5	17.0	1.8	0.0	0.0	128.0	2.6	5	0.0
01/30/2006 23:05	11.0	2.9	34.0	2.7	30.0	3.0	28.0	2.8	18.0	2.0	0.0	0.0	121.0	2.7	5	0.0
01/30/2006 23:10	16.0	2.9	35.0	2.8	31.0	3.0	29.0	2.9	19.0	2.1	0.0	0.0	130.0	2.7	5	0.0
01/30/2006 23:15	20.0	3.0	32.0	2.5	28.0	2.7	26.0	2.6	17.0	1.9	0.0	0.0	123.0	2.5	5	0.0
01/30/2006 23:20	14.0	2.0	32.0	2.4	28.0	2.6	26.0	2.5	17.0	1.8	0.0	0.0	117.0	2.3	5	0.0
01/30/2006 23:25	23.0	2.9	29.0	2.3	26.0	2.5	24.0	2.4	15.0	1.7	0.0	0.0	117.0	2.3	5	0.0
01/30/2006 23:30	30.0	4.0	28.0	2.1	25.0	2.3	23.0	2.2	15.0	1.5	0.0	0.0	121.0	2.4	5	0.0
01/30/2006 23:35	30.0	4.0	29.0	2.3	26.0	2.5	24.0	2.4	15.0	1.7	0.0	0.0	124.0	2.6	5	0.0
01/30/2006 23:40	30.0	4.0	28.0	2.3	25.0	2.5	23.0	2.4	15.0	1.7	0.0	0.0	121.0	2.6	5	0.0
01/30/2006 23:45	30.0	4.0	29.0	2.2	26.0	2.4	24.0	2.3	15.0	1.7	0.0	0.0	124.0	2.5	5	0.0
01/30/2006 23:50	26.0	3.6	26.0	2.0	23.0	2.2	21.0	2.1	13.0	1.5	0.0	0.0	109.0	2.3	5	0.0
01/30/2006 23:55	11.0	1.7	24.0	1.8	21.0	2.0	20.0	1.9	13.0	1.4	0.0	0.0	89.0	1.8	5	0.0
01/31/2006 00:00	11.0	0.8	12.0	1.1	11.0	1.2	10.0	1.2	6.0	0.8	0.0	0.0	50.0	1.0	5	0.0
01/31/2006 00:05	12.0	0.9	13.0	1.2	11.0	1.3	10.0	1.2	7.0	0.9	0.0	0.0	53.0	1.1	5	0.0
01/31/2006 00:10	11.0	0.9	12.0	1.2	11.0	1.3	10.0	1.3	6.0	0.9	0.0	0.0	50.0	1.1	5	0.0
01/31/2006 00:15	11.0	0.9	12.0	1.2	11.0	1.3	10.0	1.2	6.0	0.9	0.0	0.0	50.0	1.1	5	0.0
01/31/2006 00:20	11.0	0.8	12.0	1.1	11.0	1.2	10.0	1.1	6.0	0.8	0.0	0.0	50.0	1.0	5	0.0
01/31/2006 00:25	11.0	0.9	12.0	1.2	11.0	1.3	10.0	1.2	6.0	0.9	0.0	0.0	50.0	1.1	5	0.0
01/31/2006 00:30	11.0	0.9	12.0	1.2	10.0	1.3	10.0	1.3	6.0	0.9	0.0	0.0	49.0	1.1	5	0.0
01/31/2006 00:35	10.0	0.9	11.0	1.2	10.0	1.3	9.0	1.3	6.0	0.9	0.0	0.0	46.0	1.1	5	0.0
01/31/2006 00:40	10.0	0.9	11.0	1.2	10.0	1.3	9.0	1.2	6.0	0.9	0.0	0.0	46.0	1.1	5	0.0
01/31/2006 00:45	10.0	0.8	11.0	1.1	10.0	1.2	9.0	1.1	6.0	0.8	0.0	0.0	46.0	1.0	5	0.0
01/31/2006 00:50	11.0	0.9	12.0	1.2	10.0	1.3	9.0	1.2	6.0	0.9	0.0	0.0	48.0	1.1	5	0.0
01/31/2006 00:55	10.0	0.9	11.0	1.2	10.0	1.3	9.0	1.3	6.0	0.9	0.0	0.0	46.0	1.1	5	0.0
01/31/2006 01:00	10.0	0.9	11.0	1.2	9.0	1.3	9.0	1.2	6.0	0.9	0.0	0.0	45.0	1.1	5	0.0
01/31/2006 01:05	10.0	0.8	11.0	1.1	10.0	1.2	9.0	1.2	6.0	0.9	0.0	0.0	46.0	1.1	5	0.0
01/31/2006 01:10	10.0	0.8	11.0	1.1	10.0	1.2	9.0	1.1	6.0	0.8	0.0	0.0	46.0	1.0	5	0.0
01/31/2006 01:15	10.0	0.8	11.0	1.1	10.0	1.2	9.0	1.1	6.0	0.8	0.0	0.0	46.0	1.0	5	0.0
01/31/2006 01:20	10.0	0.8	11.0	1.1	9.0	1.2	9.0	1.2	6.0	0.8	0.0	0.0	45.0	1.0	5	0.0
01/31/2006 01:25	10.0	0.8	10.0	1.1	9.0	1.2	8.0	1.1	5.0	0.8	0.0	0.0	42.0	1.0	5	0.0
01/31/2006 01:30	10.0	0.8	10.0	1.1	9.0	1.2	8.0	1.1	5.0	0.8	0.0	0.0	42.0	1.0	5	0.0
01/31/2006 01:35	10.0	0.8	10.0	1.1	9.0	1.2	8.0	1.2	5.0	0.9	0.0	0.0	42.0	1.1	5	0.0
01/31/2006 01:40	9.0	0.8	10.0	1.1	9.0	1.2	8.0	1.1	5.0	0.8	0.0	0.0	41.0	1.0	5	0.0
01/31/2006 01:45	10.0	0.8	10.0	1.1	9.0	1.2	8.0	1.1	5.0	0.8	0.0	0.0	42.0	1.0	5	0.0
01/31/2006 01:50	9.0	0.8	10.0	1.1	9.0	1.2	8.0	1.1	5.0	0.8	0.0	0.0	41.0	1.0	5	0.0
01/31/2006 01:55	9.0	0.8	10.0	1.1	9.0	1.2	8.0	1.1	5.0	0.8	0.0	0.0	41.0	1.0	5	0.0
01/31/2006 02:00	10.0	0.8	10.0	1.1	9.0	1.2	8.0	1.1	5.0	0.8	0.0	0.0	42.0	1.0	5	0.0
01/31/2006 02:05	9.0	0.8	10.0	1.1	9.0	1.2	8.0	1.1	5.0	0.8	0.0	0.0	41.0	1.0	5	0.0
01/31/2006 02:10	10.0	0.8	10.0	1.1	9.0	1.2	8.0	1.1	5.0	0.8	0.0	0.0	42.0	1.0	5	0.0
01/31/2006 02:15	9.0	0.8	10.0	1.1	9.0	1.2	8.0	1.1	5.0	0.8	0.0	0.0	41.0	1.0	5	0.0
01/31/2006 02:20	9.0	0.8	10.0	1.1	9.0	1.2	8.0	1.1	5.0	0.8	0.0	0.0	41.0	1.0	5	0.0
01/31/2006 02:25	10.0	0.8	10.0	1.1	9.0	1.2	8.0	1.1	5.0	0.8	0.0	0.0	42.0	1.0	5	0.0
01/31/2006 02:30	9.0	0.8	10.0	1.1	9.0	1.2	8.0	1.1	5.0	0.8	0.0	0.0	41.0	1.0	5	0.0
01/31/2006 02:35	9.0	0.8	10.0	1.1	9.0	1.2	8.0	1.1	5.0	0.8	0.0	0.0	41.0	1.0	5	0.0
01/31/2006 02:40	9.0	0.8	10.0	1.1	9.0	1.2	8.0	1.1	5.0	0.8	0.0	0.0	41.0	1.0	5	0.0
01/31/2006 02:45	9.0	0.8	10.0	1.1	9.0	1.2	8.0	1.1	5.0	0.8	0.0	0.0	41.0	1.0	5	0.0
01/31/2006 02:50	9.0	0.8	10.0	1.1	9.0	1.2	8.0	1.1	5.0	0.8	0.0	0.0	41.0	1.0	5	0.0
01/31/2006 02:55	9.0	0.8	10.0	1.1	9.0	1.2	8.0	1.1	5.0	0.8	0.0	0.0	41.0	1.0	5	0.0
01/31/2006 03:00	9.0	0.8	10.0	1.1	9.0	1.2	8.0	1.1	5.0	0.8	0.0	0.0	41.0	1.0	5	0.0
01/31/2006 03:05	9.0	0.8	10.0	1.1	9.0	1.2	8.0	1.1	5.0	0.8	0.0	0.0	41.0	1.0	5	0.0
01/31/2006 03:10	9.0	0.8	10.0	1.1	9.0	1.2	8.0	1.1	5.0	0.8	0.0	0.0	41.0	1.0	5	0.0
01/31/2006 03:15	9.0	0.8	10.0	1.1	9.0	1.2	8.0	1.1	5.0	0.8	0.0	0.0	41.0	1.0	5	0.0
01/31/2006 03:20	10.0	0.8	10.0	1.1	9.0	1.2	8.0	1.1	5.0	0.8	0.0	0.0	42.0	1.0	5	0.0
01/31/2006 03:25	10.0	0.9	11.0	1.2	9.0	1.3	9.0	1.2	6.0	0.9	0.0	0.0	45.0	1.1	5	0.0
01/31/2006 03:30	9.0	0.8	10.0	1.1	9.0	1.2	8.0	1.1	5.0	0.8	0.0	0.0	41.0	1.0	5	0.0
01/31/2006 03:35	9.0	0.8	10.0	1.1	9.0	1.2	8.0	1.1	5.0	0.8	0.0	0.0	41.0	1.0	5	0.0
01/31/2006 03:40	10.0	0.8	11.0	1.1	9.0	1.2	9.0	1.2	6.0	0.9	0.0	0.0	45.0	1.1	5	0.0
01/31/2006 03:45	10.0	0.9	11.0	1.2	9.0	1.3	9.0	1.2	6.0	0.9	0.0	0.0	45.0	1.1	5	0.0
01/31/2006 03:50	9.0	0.8	10.0	1.1	9.0	1.2	8.0	1.1	5.0	0.8	0.0	0.0	41.0	1.0	5	0.0
01/31/2006 03:55	10.0	0.9	11.0	1.2	10.0	1.3	9.0	1.2	6.0	0.9	0.0	0.0	46.0	1.1	5	0.0
01/31/2006 04:00	10.0	0.9	11.0	1.2	10.0	1.3	9.0	1.2	6.0	0.9	0.0	0.0	46.0	1.1	5	0.0
01/31/2006 04:05	10.0	0.8	11.0	1.1	10.0	1.2	9.0	1.2	6.0	0.9	0.0	0.0	46.0	1.1	5	0.0
01/31/2006 04:10	10.0	0.8	11.0	1.1	9.0	1.2	9.0	1.2	6.0	0.9	0.0	0.0	45.0	1.1	5	0.0
01/31/2006 04:15	10.0	0.8	11.0	1.1	10.0	1.2	9.0	1.1	6.0	0.8	0.0	0.0	46.0	1.0	5	0.0
01/31/2006 04:20	10.0	0.9	11.0	1.3	10.0	1.4	9.0	1.3	6.0	0.9	0.0	0.0	46.0	1.2	5	0.0
01/31/2006 04:25	11.0	1.0	12.0	1.3	10.0	1.4	9.0	1.4	6.0	1.0	0.0	0.0	48.0	1.2	5	0.0
01/31/2006 04:30	11.0	1.0	12.0	1.4	11.0	1.5	10.0	1.4	6.0	1.0	0.0	0.0	50.0	1.3	5	0.0
01/31/2006 04:35	12.0	1.0	13.0	1.4	11.0	1.5	10.0	1.4	7.0	1.0	0.0	0.0	53.0	1.3	5	0.0
01/31/2006 04:40	12.0	1.0	14.0	1.4	12.0	1.5	11.0	1.5	7.0	1.1	0.0	0.0	56.0	1.3	5	0.0
01/31/2006 04:45	13.0	1.1	14.0	1.4	13.0	1.6	12.0	1.5	7.0	1.1	0.0	0.0	59.0	1.3	5	0.0
01/31/2006 04:50	13.0	1.1	14.0	1.5	13.0	1.6	12.0	1.5	8.0	1.1	0.0	0.0	60.0	1.3	5	0.0
01/31/2006 04:55	13.0	1.2	14.0	1.6	12.0	1.7	11.0	1.7	7.0	1.2	0.0	0.0	57.0	1.5	5	0.0
01/31/2006 05:00	13.0	1.1	14.0	1.5	13.0	1.6	12.0	1.6	7.0	1.1	0.0	0.0	59.0	1.4	5	0.0
01/31/2006 05:05	14.0	1.1	15.0	1.6	13.0	1.7	12.0	1.6	8.0	1.2	0.0	0.0	62.0	1.4	5	0.0
01/31/2006 05:10	15.0	1.3	17.0	1.7	15.0	1.9	14.0	1.8	9.0	1.3	0.0	0.0	70.0	1.6	5	0.0
01/31/2006 05:15	13.0	1.2	14.0	1.7	13.0	1.8	12.0	1.8	7.0	1.3	0.0	0.0	59.0	1.6	5	0.0
01/31/2006 05:20	16.0	1.4	18.0	1.9	16.0	2.1	15.0	2.0	9.0	1.4	0.0	0.0	74.0	1.8	5	0.0
01/31/2006 05:25	18.0	1.4	20.0	2.0	17.0	2.1	16.0	2.0	10.0	1.5	0.0	0.0	81.0	1.8	5	0.0
01/31/2006 05:30	19.0	1.6	20.0	2.2	18.0	2.4	17.0	2.3	11.0	1.7	0.0	0.0	85.0	2.1	5	0.0
01/31/2006 05:35	19.0	1.6	20.0	2.2	18.0	2.4	17.0	2.3	11.0	1.6	0.0	0.0	85.0	2.0	5	0.0
01/31/2006 05:40	21.0	1.9	23.0	2.6	21.0	2.8	19.0	2.7	12.0	1.9	0.0	0.0	96.0	2.4	5	0.0
01/31/2006 05:45	21.0	1.8	23.0	2.4	20.0	2.6	19.0	2.5	12.0	1.8	0.0	0.0	95.0	2.2	5	0.0
01/31/2006 05:50	22.0	1.9	24.0	2.6	22.0	2.8	20.0	2.7	13.0	1.9	0.0	0.0	101.0	2.4	5	0.0
01/31/2006 05:55	22.0	2.0	24.0	2.7	21.0	2.9	20.0	2.8	13.0	2.0	0.0	0.0	100.0	2.5	5	0.0
01/31/2006 06:00	22.0	2.0	24.0	2.7	21.0	3.0	20.0	2.8	13.0	2.0	0.0	0.0	100.0	2.5	5	0.0
01/31/2006 06:05	22.0	2.0	24.0	2.6	21.0	2.9	19.0	2.8	12.0	2.0	0.0	0.0	98.0	2.4	5	0.0
01/31/2006 06:10	26.0	2.1	28.0	2.9	25.0	3.1	23.0	3.0	15.0	2.1	0.0	0.0	117.0	2.7	5	0.0
01/31/2006 06:15	27.0	2.2	30.0	3.0	26.0	3.3	24.0	3.2	16.0	2.3	0.0	0.0	123.0	2.8	5	0.0
01/31/2006 06:20	28.0	2.4	30.0	3.3	27.0	3.6	25.0	3.4	16.0	2.4	0.0	0.0	126.0	3.0	5	0.0
01/31/2006 06:25	29.0	2.6	31.0	3.5	28.0	3.8	26.0	3.7	17.0	2.6	0.0	0.0	131.0	3.2	5	0.0
01/31/2006 06:30	30.0	2.8	33.0	3.9	29.0	4.2	27.0	4.0	17.0	2.9	0.0	0.0	136.0	3.6	5	0.0
01/31/2006 06:35	29.0	2.7	31.0	3.7	27.0	4.0	25.0	3.8	16.0	2.7	0.0	0.0	128.0	3.4	5	0.0
01/31/2006 06:40	32.0	3.1	35.0	4.3	31.0	4.7	29.0	4.4	19.0	3.2	0.0	0.0	146.0	3.9	5	0.0
01/31/2006 06:45	34.0	3.0	37.0	4.1	33.0	4.4	30.0	4.2	19.0	3.0	0.0	0.0	153.0	3.7	5	0.0
01/31/2006 06:50	36.0	3.4	39.0	4.6	34.0	5.0	32.0	4.7	20.0	3.4	0.0	0.0	161.0	4.2	5	0.0
01/31/2006 06:55	35.0	3.3	39.0	4.5	34.0	4.9	32.0	4.7	20.0	3.3	0.0	0.0	160.0	4.1	5	0.0
01/31/2006 07:00	35.0	3.2	38.0	4.3	34.0	4.7	31.0	4.5	20.0	3.2	0.0	0.0	158.0	4.0	5	0.0
01/31/2006 07:05	39.0	3.2	42.0	4.3	37.0	4.7	34.0	4.5	22.0	3.2	0.0	0.0	174.0	4.0	5	0.0
01/31/2006 07:10	41.0	3.3	44.0	4.5	39.0	4.9	36.0	4.7	23.0	3.4	0.0	0.0	183.0	4.2	5	0.0
01/31/2006 07:15	42.0	3.6	46.0	4.8	40.0	5.3	38.0	5.0	24.0	3.6	0.0	0.0	190.0	4.4	5	0.0
01/31/2006 07:20	43.0	3.7	46.0	5.0	41.0	5.4	38.0	5.2	24.0	3.7	0.0	0.0	192.0	4.6	5	0.0
01/31/2006 07:25	44.0	4.2	48.0	5.6	43.0	6.2	40.0	5.9	25.0	4.2	0.0	0.0	200.0	5.2	5	0.0
01/31/2006 07:30	44.0	4.1	48.0	5.5	42.0	6.0	39.0	5.8	25.0	4.1	0.0	0.0	198.0	5.1	5	0.0
01/31/2006 07:35	47.0	4.4	51.0	6.0	45.0	6.5	42.0	6.2	27.0	4.5	0.0	0.0	212.0	5.5	5	0.0
01/31/2006 07:40	46.0	3.9	50.0	5.3	44.0	5.8	41.0	5.5	26.0	4.0	0.0	0.0	207.0	4.9	5	0.0
01/31/2006 07:45	48.0	4.4	52.0	5.9	46.0	6.4	42.0	6.1	27.0	4.4	0.0	0.0	215.0	5.4	5	0.0
01/31/2006 07:50	46.0	4.0	51.0	5.4	45.0	5.9	41.0	5.6	27.0	4.0	0.0	0.0	210.0	5.0	5	0.0
01/31/2006 07:55	43.0	4.0	47.0	5.4	41.0	5.9	38.0	5.6	25.0	4.0	0.0	0.0	194.0	5.0	5	0.0
01/31/2006 08:00	40.0	3.7	44.0	5.0	39.0	5.4	36.0	5.2	23.0	3.7	0.0	0.0	182.0	4.6	5	0.0
01/31/2006 08:05	41.0	3.6	45.0	4.8	39.0	5.3	37.0	5.0	23.0	3.6	0.0	0.0	185.0	4.4	5	0.0
01/31/2006 08:10	42.0	3.8	46.0	5.2	40.0	5.6	37.0	5.4	24.0	3.9	0.0	0.0	189.0	4.8	5	0.0
01/31/2006 08:15	42.0	3.9	45.0	5.3	40.0	5.8	37.0	5.5	24.0	3.9	0.0	0.0	188.0	4.9	5	0.0
01/31/2006 08:20	43.0	3.7	47.0	5.0	41.0	5.4	38.0	5.2	25.0	3.7	0.0	0.0	194.0	4.6	5	0.0
01/31/2006 08:25	25.0	2.3	28.0	3.1	24.0	3.4	23.0	3.3	15.0	2.3	0.0	0.0	115.0	2.9	5	0.0
01/31/2006 08:30	42.0	4.2	46.0	5.6	41.0	6.1	38.0	5.9	24.0	4.2	0.0	0.0	191.0	5.2	5	0.0
01/31/2006 08:35	41.0	4.2	44.0	5.7	39.0	6.2	36.0	5.9	23.0	4.2	0.0	0.0	183.0	5.2	5	0.0
01/31/2006 08:40	43.0	4.1	47.0	5.5	41.0	6.0	38.0	5.8	25.0	4.1	0.0	0.0	194.0	5.1	5	0.0
01/31/2006 08:45	24.0	2.1	26.0	2.8	23.0	3.1	21.0	2.9	14.0	2.1	0.0	0.0	108.0	2.6	5	0.0
01/31/2006 08:50	39.0	3.6	42.0	4.9	37.0	5.3	35.0	5.1	22.0	3.6	0.0	0.0	175.0	4.5	5	0.0
01/31/2006 08:55	38.0	3.4	41.0	4.6	36.0	5.0	34.0	4.8	22.0	3.4	0.0	0.0	171.0	4.3	5	0.0
01/31/2006 09:00	39.0	3.3	42.0	4.4	37.0	4.9	35.0	4.6	22.0	3.3	0.0	0.0	175.0	4.1	5	0.0
01/31/2006 09:05	36.0	3.5	40.0	4.8	35.0	5.2	32.0	5.0	21.0	3.6	0.0	0.0	164.0	4.4	5	0.0
01/31/2006 09:10	36.0	3.1	39.0	4.2	34.0	4.6	32.0	4.4	20.0	3.2	0.0	0.0	161.0	3.9	5	0.0
01/31/2006 09:15	38.0	3.0	42.0	4.1	37.0	4.5	34.0	4.3	22.0	3.1	0.0	0.0	173.0	3.8	5	0.0
01/31/2006 09:20	37.0	3.3	40.0	4.4	35.0	4.8	33.0	4.6	21.0	3.3	0.0	0.0	166.0	4.1	5	0.0
01/31/2006 09:25	34.0	3.1	37.0	4.3	33.0	4.6	31.0	4.4	20.0	3.2	0.0	0.0	155.0	3.9	5	0.0
01/31/2006 09:30	36.0	3.1	40.0	4.1	35.0	4.5	32.0	4.3	21.0	3.1	0.0	0.0	164.0	3.8	5	0.0
01/31/2006 09:35	35.0	3.0	39.0	4.0	34.0	4.4	32.0	4.2	20.0	3.0	0.0	0.0	160.0	3.7	5	0.0
01/31/2006 09:40	34.0	3.0	37.0	4.1	33.0	4.4	30.0	4.2	20.0	3.0	0.0	0.0	154.0	3.8	5	0.0
01/31/2006 09:45	33.0	3.0	36.0	4.1	32.0	4.5	30.0	4.3	19.0	3.1	0.0	0.0	150.0	3.8	5	0.0
01/31/2006 09:50	33.0	3.0	36.0	4.0	32.0	4.4	29.0	4.2	19.0	3.0	0.0	0.0	149.0	3.7	5	0.0
01/31/2006 09:55	33.0	2.7	35.0	3.6	31.0	4.0	29.0	3.8	19.0	2.7	0.0	0.0	147.0	3.4	5	0.0
01/31/2006 10:00	29.0	2.8	32.0	3.7	28.0	4.1	26.0	3.9	17.0	2.8	0.0	0.0	132.0	3.4	5	0.0
01/31/2006 10:05	31.0	2.8	34.0	3.8	30.0	4.1	27.0	4.0	18.0	2.8	0.0	0.0	140.0	3.5	5	0.0
01/31/2006 10:10	31.0	2.7	34.0	3.7	30.0	4.1	28.0	3.9	18.0	2.8	0.0	0.0	141.0	3.4	5	0.0
01/31/2006 10:15	30.0	2.7	33.0	3.7	29.0	4.0	27.0	3.8	17.0	2.8	0.0	0.0	136.0	3.4	5	0.0
01/31/2006 10:20	31.0	2.7	34.0	3.6	30.0	4.0	28.0	3.8	18.0	2.7	0.0	0.0	141.0	3.3	5	0.0
01/31/2006 10:25	31.0	2.5	34.0	3.4	30.0	3.8	27.0	3.6	18.0	2.6	0.0	0.0	140.0	3.2	5	0.0
01/31/2006 10:30	30.0	2.7	33.0	3.7	29.0	4.0	27.0	3.8	17.0	2.7	0.0	0.0	136.0	3.4	5	0.0
01/31/2006 10:35	31.0	2.7	33.0	3.7	29.0	4.0	27.0	3.8	18.0	2.7	0.0	0.0	138.0	3.4	5	0.0
01/31/2006 10:40	29.0	2.8	31.0	3.8	28.0	4.1	26.0	3.9	17.0	2.8	0.0	0.0	131.0	3.5	5	0.0
01/31/2006 10:45	30.0	2.7	33.0	3.6	29.0	3.9	27.0	3.8	17.0	2.7	0.0	0.0	136.0	3.3	5	0.0
01/31/2006 10:50	29.0	2.5	31.0	3.4	27.0	3.7	25.0	3.6	16.0	2.5	0.0	0.0	128.0	3.2	5	0.0
01/31/2006 10:55	29.0	2.5	32.0	3.4	28.0	3.7	26.0	3.5	17.0	2.5	0.0	0.0	132.0	3.1	5	0.0
01/31/2006 11:00	28.0	2.5	30.0	3.4	27.0	3.7	25.0	3.5	16.0	2.5	0.0	0.0	126.0	3.1	5	0.0
01/31/2006 11:05	29.0	2.6	31.0	3.5	28.0	3.8	26.0	3.6	17.0	2.6	0.0	0.0	131.0	3.2	5	0.0
01/31/2006 11:10	30.0	2.7	32.0	3.6	29.0	3.9	26.0	3.7	17.0	2.7	0.0	0.0	134.0	3.3	5	0.0
01/31/2006 11:15	30.0	2.7	32.0	3.6	29.0	4.0	26.0	3.8	17.0	2.7	0.0	0.0	134.0	3.3	5	0.0
01/31/2006 11:20	29.0	2.5	31.0	3.4	27.0	3.8	25.0	3.6	16.0	2.6	0.0	0.0	128.0	3.2	5	0.0
01/31/2006 11:25	28.0	2.6	30.0	3.5	27.0	3.8	25.0	3.6	16.0	2.6	0.0	0.0	126.0	3.2	5	0.0
01/31/2006 11:30	28.0	2.5	30.0	3.4	27.0	3.7	25.0	3.5	16.0	2.5	0.0	0.0	126.0	3.1	5	0.0
01/31/2006 11:35	28.0	2.6	31.0	3.6	27.0	3.9	25.0	3.7	16.0	2.7	0.0	0.0	127.0	3.3	5	0.0
01/31/2006 11:40	30.0	2.6	32.0	3.6	29.0	3.9	26.0	3.7	17.0	2.7	0.0	0.0	134.0	3.3	5	0.0
01/31/2006 11:45	29.0	2.8	32.0	3.8	28.0	4.1	26.0	3.9	17.0	2.8	0.0	0.0	132.0	3.5	5	0.0
01/31/2006 11:50	31.0	2.7	33.0	3.6	29.0	3.9	27.0	3.8	18.0	2.7	0.0	0.0	138.0	3.3	5	0.0
01/31/2006 11:55	29.0	2.6	31.0	3.6	27.0	3.9	25.0	3.7	16.0	2.7	0.0	0.0	128.0	3.3	5	0.0
01/31/2006 12:00	30.0	2.6	32.0	3.5	29.0	3.8	26.0	3.6	17.0	2.6	0.0	0.0	134.0	3.2	5	0.0
01/31/2006 12:05	29.0	2.6	31.0	3.5	28.0	3.8	26.0	3.7	17.0	2.6	0.0	0.0	131.0	3.3	5	0.0
01/31/2006 12:10	29.0	2.7	32.0	3.6	28.0	4.0	26.0	3.8	17.0	2.7	0.0	0.0	132.0	3.4	5	0.0
01/31/2006 12:15	30.0	2.8	33.0	3.8	29.0	4.1	27.0	4.0	17.0	2.8	0.0	0.0	136.0	3.5	5	0.0
01/31/2006 12:20	31.0	2.9	34.0	3.9	30.0	4.3	28.0	4.1	18.0	2.9	0.0	0.0	141.0	3.6	5	0.0
01/31/2006 12:25	29.0	2.8	32.0	3.8	28.0	4.2	26.0	4.0	17.0	2.8	0.0	0.0	132.0	3.5	5	0.0
01/31/2006 12:30	29.0	2.8	32.0	3.8	28.0	4.1	26.0	4.0	17.0	2.8	0.0	0.0	132.0	3.5	5	0.0
01/31/2006 12:35	30.0	2.5	33.0	3.4	29.0	3.8	27.0	3.6	17.0	2.6	0.0	0.0	136.0	3.2	5	0.0
01/31/2006 12:40	31.0	2.8	34.0	3.8	30.0	4.2	27.0	4.0	18.0	2.9	0.0	0.0	140.0	3.5	5	0.0
01/31/2006 12:45	32.0	2.9	35.0	4.0	31.0	4.3	28.0	4.1	18.0	3.0	0.0	0.0	144.0	3.7	5	0.0
01/31/2006 12:50	30.0	3.0	33.0	4.1	29.0	4.4	27.0	4.2	17.0	3.0	0.0	0.0	136.0	3.8	5	0.0
01/31/2006 12:55	30.0	3.0	33.0	4.1	29.0	4.4	27.0	4.2	17.0	3.0	0.0	0.0	136.0	3.8	5	0.0
01/31/2006 13:00	31.0	2.8	34.0	3.7	30.0	4.1	28.0	3.9	18.0	2.8	0.0	0.0	141.0	3.5	5	0.0
01/31/2006 13:05	30.0	2.8	32.0	3.8	29.0	4.1	26.0	4.0	17.0	2.8	0.0	0.0	134.0	3.5	5	0.0
01/31/2006 13:10	31.0	2.7	33.0	3.7	29.0	4.0	27.0	3.8	18.0	2.7	0.0	0.0	138.0	3.4	5	0.0
01/31/2006 13:15	31.0	2.9	34.0	4.0	30.0	4.3	28.0	4.1	18.0	3.0	0.0	0.0	141.0	3.7	5	0.0
01/31/2006 13:20	31.0	3.0	34.0	4.0	30.0	4.4	28.0	4.2	18.0	3.0	0.0	0.0	141.0	3.7	5	0.0
01/31/2006 13:25	32.0	3.1	35.0	4.3	31.0	4.7	29.0	4.4	19.0	3.2	0.0	0.0	146.0	3.9	5	0.0
01/31/2006 13:30	32.0	3.0	35.0	4.1	31.0	4.5	28.0	4.3	18.0	3.1	0.0	0.0	144.0	3.8	5	0.0
01/31/2006 13:35	31.0	2.9	34.0	4.0	30.0	4.3	28.0	4.1	18.0	3.0	0.0	0.0	141.0	3.7	5	0.0
01/31/2006 13:40	33.0	3.0	35.0	4.1	31.0	4.5	29.0	4.3	19.0	3.1	0.0	0.0	147.0	3.8	5	0.0
01/31/2006 13:45	33.0	3.2	35.0	4.3	31.0	4.7	29.0	4.5	19.0	3.2	0.0	0.0	147.0	4.0	5	0.0
01/31/2006 13:50	32.0	3.0	35.0	4.1	31.0	4.5	28.0	4.3	18.0	3.1	0.0	0.0	144.0	3.8	5	0.0
01/31/2006 13:55	31.0	2.9	34.0	4.0	30.0	4.3	28.0	4.1	18.0	3.0	0.0	0.0	141.0	3.7	5	0.0
01/31/2006 14:00	32.0	3.1	34.0	4.2	30.0	4.5	28.0	4.3	18.0	3.1	0.0	0.0	142.0	3.8	5	0.0
01/31/2006 14:05	34.0	3.1	37.0	4.2	33.0	4.5	30.0	4.3	20.0	3.1	0.0	0.0	154.0	3.8	5	0.0
01/31/2006 14:10	34.0	3.3	37.0	4.5	33.0	4.9	30.0	4.7	19.0	3.3	0.0	0.0	153.0	4.1	5	0.0
01/31/2006 14:15	36.0	3.4	39.0	4.6	35.0	5.1	32.0	4.8	21.0	3.5	0.0	0.0	163.0	4.3	5	0.0
01/31/2006 14:20	35.0	3.2	38.0	4.3	33.0	4.7	31.0	4.5	20.0	3.2	0.0	0.0	157.0	4.0	5	0.0
01/31/2006 14:25	35.0	3.3	38.0	4.5	34.0	4.9	31.0	4.7	20.0	3.4	0.0	0.0	158.0	4.2	5	0.0
01/31/2006 14:30	35.0	3.5	38.0	4.7	33.0	5.1	31.0	4.9	20.0	3.5	0.0	0.0	157.0	4.3	5	0.0
01/31/2006 14:35	37.0	3.7	41.0	5.0	36.0	5.5	33.0	5.2	21.0	3.8	0.0	0.0	168.0	4.7	5	0.0
01/31/2006 14:40	37.0	3.6	41.0	4.8	36.0	5.3	33.0	5.0	21.0	3.6	0.0	0.0	168.0	4.5	5	0.0
01/31/2006 14:45	37.0	3.6	40.0	4.9	36.0	5.4	33.0	5.1	21.0	3.7	0.0	0.0	167.0	4.6	5	0.0
01/31/2006 14:50	39.0	3.7	43.0	5.0	38.0	5.4	35.0	5.2	22.0	3.7	0.0	0.0	177.0	4.6	5	0.0
01/31/2006 14:55	37.0	3.5	40.0	4.7	36.0	5.1	33.0	4.9	21.0	3.5	0.0	0.0	167.0	4.3	5	0.0
01/31/2006 15:00	37.0	3.5	41.0	4.8	36.0	5.2	33.0	5.0	21.0	3.6	0.0	0.0	168.0	4.4	5	0.0
01/31/2006 15:05	39.0	3.7	42.0	5.0	37.0	5.5	35.0	5.2	22.0	3.7	0.0	0.0	175.0	4.6	5	0.0
01/31/2006 15:10	40.0	3.9	44.0	5.3	39.0	5.8	36.0	5.5	23.0	4.0	0.0	0.0	182.0	4.9	5	0.0
01/31/2006 15:15	41.0	3.9	45.0	5.3	40.0	5.7	37.0	5.5	24.0	3.9	0.0	0.0	187.0	4.9	5	0.0
01/31/2006 15:20	40.0	3.9	43.0	5.2	38.0	5.7	35.0	5.4	23.0	3.9	0.0	0.0	179.0	4.8	5	0.0
01/31/2006 15:25	41.0	3.7	44.0	5.0	39.0	5.4	36.0	5.2	23.0	3.7	0.0	0.0	183.0	4.6	5	0.0
01/31/2006 15:30	41.0	4.1	44.0	5.5	39.0	6.0	36.0	5.8	23.0	4.1	0.0	0.0	183.0	5.1	5	0.0
01/31/2006 15:35	43.0	4.2	46.0	5.6	41.0	6.2	38.0	5.9	24.0	4.2	0.0	0.0	192.0	5.2	5	0.0
01/31/2006 15:40	44.0	4.1	47.0	5.5	42.0	6.0	39.0	5.8	25.0	4.1	0.0	0.0	197.0	5.1	5	0.0
01/31/2006 15:45	41.0	3.9	45.0	5.3	40.0	5.8	37.0	5.5	24.0	4.0	0.0	0.0	187.0	4.9	5	0.0
01/31/2006 15:50	39.0	3.7	42.0	5.0	37.0	5.4	35.0	5.2	22.0	3.7	0.0	0.0	175.0	4.6	5	0.0
01/31/2006 15:55	39.0	3.8	43.0	5.1	38.0	5.6	35.0	5.3	22.0	3.8	0.0	0.0	177.0	4.7	5	0.0
01/31/2006 16:00	37.0	3.5	41.0	4.8	36.0	5.2	33.0	5.0	21.0	3.5	0.0	0.0	168.0	4.4	5	0.0
01/31/2006 16:05	39.0	3.6	42.0	4.9	37.0	5.4	34.0	5.1	22.0	3.7	0.0	0.0	174.0	4.5	5	0.0
01/31/2006 16:10	39.0	3.8	42.0	5.2	37.0	5.6	35.0	5.4	22.0	3.8	0.0	0.0	175.0	4.8	5	0.0
01/31/2006 16:15	39.0	3.6	42.0	4.8	37.0	5.3	35.0	5.0	22.0	3.6	0.0	0.0	175.0	4.4	5	0.0
01/31/2006 16:20	40.0	3.6	43.0	4.8	38.0	5.3	35.0	5.0	23.0	3.6	0.0	0.0	179.0	4.4	5	0.0
01/31/2006 16:25	39.0	3.6	42.0	4.9	37.0	5.3	34.0	5.1	22.0	3.6	0.0	0.0	174.0	4.5	5	0.0
01/31/2006 16:30	38.0	3.5	41.0	4.8	36.0	5.2	34.0	5.0	22.0	3.6	0.0	0.0	171.0	4.4	5	0.0
01/31/2006 16:35	40.0	3.8	43.0	5.2	38.0	5.7	35.0	5.4	23.0	3.9	0.0	0.0	179.0	4.8	5	0.0
01/31/2006 16:40	41.0	3.8	45.0	5.1	40.0	5.6	37.0	5.3	24.0	3.8	0.0	0.0	187.0	4.7	5	0.0
01/31/2006 16:45	39.0	3.8	43.0	5.1	38.0	5.6	35.0	5.3	23.0	3.8	0.0	0.0	178.0	4.7	5	0.0
01/31/2006 16:50	41.0	3.7	45.0	5.1	40.0	5.5	37.0	5.3	24.0	3.8	0.0	0.0	187.0	4.7	5	0.0
01/31/2006 16:55	39.0	4.0	43.0	5.4	38.0	5.8	35.0	5.6	23.0	4.0	0.0	0.0	178.0	4.9	5	0.0
01/31/2006 17:00	41.0	3.8	45.0	5.2	39.0	5.7	37.0	5.4	23.0	3.9	0.0	0.0	185.0	4.8	5	0.0
01/31/2006 17:05	41.0	4.1	45.0	5.5	40.0	6.0	37.0	5.7	24.0	4.1	0.0	0.0	187.0	5.1	5	0.0
01/31/2006 17:10	43.0	4.2	46.0	5.7	41.0	6.2	38.0	5.9	24.0	4.2	0.0	0.0	192.0	5.2	5	0.0
01/31/2006 17:15	41.0	4.2	44.0	5.7	39.0	6.2	36.0	5.9	23.0	4.2	0.0	0.0	183.0	5.2	5	0.0
01/31/2006 17:20	43.0	4.2	47.0	5.7	41.0	6.2	38.0	6.0	25.0	4.3	0.0	0.0	194.0	5.3	5	0.0
01/31/2006 17:25	42.0	4.1	45.0	5.5	40.0	6.0	37.0	5.8	24.0	4.1	0.0	0.0	188.0	5.1	5	0.0
01/31/2006 17:30	40.0	4.0	43.0	5.4	38.0	5.9	35.0	5.7	23.0	4.1	0.0	0.0	179.0	5.0	5	0.0
01/31/2006 17:35	41.0	4.0	44.0	5.4	39.0	5.9	36.0	5.6	23.0	4.0	0.0	0.0	183.0	5.0	5	0.0
01/31/2006 17:40	39.0	4.0	42.0	5.4	37.0	5.8	35.0	5.6	22.0	4.0	0.0	0.0	175.0	4.9	5	0.0
01/31/2006 17:45	39.0	4.0	42.0	5.4	37.0	5.9	35.0	5.6	22.0	4.0	0.0	0.0	175.0	5.0	5	0.0
01/31/2006 17:50	40.0	3.7	43.0	5.1	38.0	5.5	35.0	5.3	23.0	3.8	0.0	0.0	179.0	4.7	5	0.0
01/31/2006 17:55	39.0	3.8	42.0	5.2	37.0	5.7	34.0	5.4	22.0	3.9	0.0	0.0	174.0	4.8	5	0.0
01/31/2006 18:00	37.0	3.6	41.0	4.9	36.0	5.3	33.0	5.1	21.0	3.6	0.0	0.0	168.0	4.5	5	0.0
01/31/2006 18:05	37.0	3.7	41.0	5.0	36.0	5.4	33.0	5.2	21.0	3.7	0.0	0.0	168.0	4.6	5	0.0
01/31/2006 18:10	39.0	3.6	42.0	4.8	37.0	5.3	34.0	5.0	22.0	3.6	0.0	0.0	174.0	4.5	5	0.0
01/31/2006 18:15	39.0	3.7	42.0	5.1	37.0	5.5	35.0	5.3	22.0	3.8	0.0	0.0	175.0	4.7	5	0.0
01/31/2006 18:20	39.0	3.5	42.0	4.8	37.0	5.2	35.0	5.0	22.0	3.6	0.0	0.0	175.0	4.4	5	0.0
01/31/2006 18:25	38.0	3.5	41.0	4.8	36.0	5.2	34.0	4.9	22.0	3.5	0.0	0.0	171.0	4.4	5	0.0
01/31/2006 18:30	36.0	3.5	39.0	4.8	35.0	5.2	32.0	5.0	21.0	3.5	0.0	0.0	163.0	4.4	5	0.0
01/31/2006 18:35	36.0	3.2	39.0	4.4	34.0	4.8	32.0	4.6	20.0	3.3	0.0	0.0	161.0	4.0	5	0.0
01/31/2006 18:40	36.0	3.2	40.0	4.3	35.0	4.7	32.0	4.5	21.0	3.2	0.0	0.0	164.0	4.0	5	0.0
01/31/2006 18:45	35.0	3.3	38.0	4.4	34.0	4.9	31.0	4.6	20.0	3.3	0.0	0.0	158.0	4.1	5	0.0
01/31/2006 18:50	34.0	2.9	37.0	4.0	33.0	4.3	31.0	4.1	20.0	3.0	0.0	0.0	155.0	3.7	5	0.0
01/31/2006 18:55	33.0	3.0	36.0	4.1	32.0	4.5	29.0	4.2	19.0	3.0	0.0	0.0	149.0	3.8	5	0.0
01/31/2006 19:00	33.0	3.0	36.0	4.0	32.0	4.4	29.0	4.2	19.0	3.0	0.0	0.0	149.0	3.7	5	0.0
01/31/2006 19:05	31.0	2.8	34.0	3.9	30.0	4.2	27.0	4.0	18.0	2.9	0.0	0.0	140.0	3.6	5	0.0
01/31/2006 19:10	30.0	2.8	33.0	3.8	29.0	4.2	27.0	4.0	17.0	2.8	0.0	0.0	136.0	3.5	5	0.0
01/31/2006 19:15	30.0	2.6	33.0	3.6	29.0	3.9	27.0	3.7	17.0	2.7	0.0	0.0	136.0	3.3	5	0.0
01/31/2006 19:20	28.0	2.4	31.0	3.3	27.0	3.6	25.0	3.4	16.0	2.4	0.0	0.0	127.0	3.0	5	0.0
01/31/2006 19:25	27.0	2.3	30.0	3.1	26.0	3.4	24.0	3.3	16.0	2.3	0.0	0.0	123.0	2.9	5	0.0
01/31/2006 19:30	27.0	2.3	29.0	3.1	26.0	3.4	24.0	3.2	15.0	2.3	0.0	0.0	121.0	2.9	5	0.0
01/31/2006 19:35	25.0	2.2	27.0	3.0	24.0	3.3	22.0	3.1	14.0	2.2	0.0	0.0	112.0	2.8	5	0.0
01/31/2006 19:40	25.0	2.2	27.0	2.9	24.0	3.2	22.0	3.1	14.0	2.2	0.0	0.0	112.0	2.7	5	0.0
01/31/2006 19:45	23.0	2.0	25.0	2.6	22.0	2.9	21.0	2.8	13.0	2.0	0.0	0.0	104.0	2.4	5	0.0
01/31/2006 19:50	23.0	2.0	25.0	2.7	22.0	2.9	21.0	2.8	13.0	2.0	0.0	0.0	104.0	2.5	5	0.0
01/31/2006 19:55	22.0	2.0	24.0	2.6	22.0	2.9	20.0	2.8	13.0	2.0	0.0	0.0	101.0	2.4	5	0.0
01/31/2006 20:00	22.0	1.9	24.0	2.6	21.0	2.8	19.0	2.7	12.0	1.9	0.0	0.0	98.0	2.4	5	0.0
01/31/2006 20:05	22.0	2.0	24.0	2.7	21.0	2.9	20.0	2.8	13.0	2.0	0.0	0.0	100.0	2.5	5	0.0
01/31/2006 20:10	21.0	1.8	23.0	2.4	20.0	2.6	19.0	2.5	12.0	1.8	0.0	0.0	95.0	2.2	5	0.0
01/31/2006 20:15	21.0	1.8	23.0	2.4	20.0	2.7	19.0	2.5	12.0	1.8	0.0	0.0	95.0	2.3	5	0.0
01/31/2006 20:20	21.0	1.8	23.0	2.4	20.0	2.7	19.0	2.5	12.0	1.8	0.0	0.0	95.0	2.3	5	0.0
01/31/2006 20:25	20.0	1.7	22.0	2.3	19.0	2.5	18.0	2.4	11.0	1.7	0.0	0.0	90.0	2.1	5	0.0
01/31/2006 20:30	20.0	1.7	21.0	2.3	19.0	2.5	18.0	2.4	11.0	1.7	0.0	0.0	89.0	2.1	5	0.0
01/31/2006 20:35	20.0	1.7	22.0	2.2	19.0	2.5	18.0	2.3	11.0	1.7	0.0	0.0	90.0	2.1	5	0.0
01/31/2006 20:40	19.0	1.6	21.0	2.2	19.0	2.4	17.0	2.3	11.0	1.7	0.0	0.0	87.0	2.0	5	0.0
01/31/2006 20:45	20.0	1.6	21.0	2.2	19.0	2.4	18.0	2.3	11.0	1.7	0.0	0.0	89.0	2.1	5	0.0
01/31/2006 20:50	18.0	1.6	20.0	2.2	18.0	2.4	16.0	2.3	11.0	1.6	0.0	0.0	83.0	2.0	5	0.0
01/31/2006 20:55	19.0	1.6	20.0	2.1	18.0	2.3	17.0	2.2	11.0	1.6	0.0	0.0	85.0	2.0	5	0.0
01/31/2006 21:00	18.0	1.6	20.0	2.1	17.0	2.3	16.0	2.2	10.0	1.6	0.0	0.0	81.0	2.0	5	0.0
01/31/2006 21:05	19.0	1.5	20.0	2.1	18.0	2.3	17.0	2.2	11.0	1.6	0.0	0.0	85.0	1.9	5	0.0
01/31/2006 21:10	19.0	1.6	20.0	2.2	18.0	2.4	17.0	2.3	11.0	1.6	0.0	0.0	85.0	2.0	5	0.0
01/31/2006 21:15	19.0	1.6	21.0	2.2	18.0	2.3	17.0	2.2	11.0	1.6	0.0	0.0	86.0	2.0	5	0.0
01/31/2006 21:20	19.0	1.5	21.0	2.1	19.0	2.3	17.0	2.1	11.0	1.5	0.0	0.0	87.0	1.9	5	0.0
01/31/2006 21:25	18.0	1.5	19.0	2.0	17.0	2.2	16.0	2.1	10.0	1.5	0.0	0.0	80.0	1.9	5	0.0
01/31/2006 21:30	18.0	1.5	20.0	2.1	17.0	2.2	16.0	2.1	10.0	1.5	0.0	0.0	81.0	1.9	5	0.0
01/31/2006 21:35	19.0	1.5	20.0	2.1	18.0	2.3	17.0	2.2	11.0	1.5	0.0	0.0	85.0	1.9	5	0.0
01/31/2006 21:40	18.0	1.4	20.0	2.0	17.0	2.1	16.0	2.0	10.0	1.5	0.0	0.0	81.0	1.8	5	0.0
01/31/2006 21:45	17.0	1.4	19.0	1.9	17.0	2.1	16.0	2.0	10.0	1.4	0.0	0.0	79.0	1.8	5	0.0
01/31/2006 21:50	18.0	1.4	19.0	1.9	17.0	2.1	16.0	2.0	10.0	1.4	0.0	0.0	80.0	1.8	5	0.0
01/31/2006 21:55	17.0	1.4	18.0	1.8	16.0	2.0	15.0	1.9	10.0	1.4	0.0	0.0	76.0	1.7	5	0.0
01/31/2006 22:00	16.0	1.3	18.0	1.8	16.0	2.0	15.0	1.9	9.0	1.3	0.0	0.0	74.0	1.7	5	0.0
01/31/2006 22:05	17.0	1.3	19.0	1.8	17.0	2.0	15.0	1.9	10.0	1.4	0.0	0.0	78.0	1.7	5	0.0
01/31/2006 22:10	17.0	1.3	18.0	1.8	16.0	2.0	15.0	1.9	10.0	1.3	0.0	0.0	76.0	1.7	5	0.0
01/31/2006 22:15	17.0	1.3	18.0	1.8	16.0	1.9	15.0	1.9	10.0	1.3	0.0	0.0	76.0	1.6	5	0.0
01/31/2006 22:20	16.0	1.3	18.0	1.7	16.0	1.9	15.0	1.8	9.0	1.3	0.0	0.0	74.0	1.6	5	0.0
01/31/2006 22:25	15.0	1.2	17.0	1.7	15.0	1.8	14.0	1.7	9.0	1.2	0.0	0.0	70.0	1.5	5	0.0
01/31/2006 22:30	15.0	1.2	16.0	1.6	14.0	1.8	13.0	1.7	9.0	1.2	0.0	0.0	67.0	1.5	5	0.0
01/31/2006 22:35	15.0	1.1	16.0	1.5	14.0	1.7	13.0	1.6	8.0	1.1	0.0	0.0	66.0	1.4	5	0.0
01/31/2006 22:40	15.0	1.2	16.0	1.6	14.0	1.7	13.0	1.6	8.0	1.2	0.0	0.0	66.0	1.4	5	0.0
01/31/2006 22:45	14.0	1.1	15.0	1.5	14.0	1.6	13.0	1.6	8.0	1.1	0.0	0.0	64.0	1.4	5	0.0
01/31/2006 22:50	14.0	1.0	15.0	1.4	13.0	1.5	12.0	1.5	8.0	1.1	0.0	0.0	62.0	1.3	5	0.0
01/31/2006 22:55	14.0	1.0	15.0	1.4	13.0	1.5	12.0	1.5	8.0	1.1	0.0	0.0	62.0	1.3	5	0.0
01/31/2006 23:00	13.0	1.0	14.0	1.4	13.0	1.5	12.0	1.4	8.0	1.0	0.0	0.0	60.0	1.3	5	0.0
01/31/2006 23:05	13.0	1.0	14.0	1.4	13.0	1.5	12.0	1.5	8.0	1.0	0.0	0.0	60.0	1.3	5	0.0
01/31/2006 23:10	13.0	1.1	14.0	1.5	13.0	1.7	12.0	1.6	7.0	1.1	0.0	0.0	59.0	1.4	5	0.0
01/31/2006 23:15	14.0	1.1	15.0	1.5	13.0	1.6	12.0	1.5	8.0	1.1	0.0	0.0	62.0	1.4	5	0.0
01/31/2006 23:20	12.0	1.0	13.0	1.3	12.0	1.4	11.0	1.3	7.0	1.0	0.0	0.0	55.0	1.2	5	0.0
01/31/2006 23:25	12.0	0.9	13.0	1.3	12.0	1.4	11.0	1.3	7.0	0.9	0.0	0.0	55.0	1.2	5	0.0
01/31/2006 23:30	12.0	0.9	13.0	1.2	12.0	1.4	11.0	1.3	7.0	0.9	0.0	0.0	55.0	1.1	5	0.0
01/31/2006 23:35	11.0	1.0	12.0	1.3	11.0	1.4	10.0	1.3	6.0	1.0	0.0	0.0	50.0	1.2	5	0.0
01/31/2006 23:40	12.0	0.9	13.0	1.3	11.0	1.4	10.0	1.3	7.0	0.9	0.0	0.0	53.0	1.2	5	0.0
01/31/2006 23:45	12.0	0.9	13.0	1.2	11.0	1.3	10.0	1.3	7.0	0.9	0.0	0.0	53.0	1.1	5	0.0
01/31/2006 23:50	12.0	0.9	13.0	1.2	11.0	1.3	10.0	1.3	7.0	0.9	0.0	0.0	53.0	1.1	5	0.0
01/31/2006 23:55	11.0	0.8	12.0	1.1	11.0	1.2	10.0	1.2	6.0	0.9	0.0	0.0	50.0	1.1	5	0.0
