5 Minutes	Lane 1 Flow (Veh/5 Minutes)	Lane 1 Speed (mph)	Lane 2 Flow (Veh/5 Minutes)	Lane 2 Speed (mph)	Lane 3 Flow (Veh/5 Minutes)	Lane 3 Speed (mph)	Lane 4 Flow (Veh/5 Minutes)	Lane 4 Speed (mph)	Lane 5 Flow (Veh/5 Minutes)	Lane 5 Speed (mph)	Lane 6 Flow (Veh/5 Minutes)	Lane 6 Speed (mph)	Flow (Veh/5 Minutes)	Speed (mph)	# Lane Points	% Observed
01/29/2006 00:00	14.0	76.5	15.0	70.5	13.0	68.6	12.0	66.0	8.0	61.5	0.0	0.0	62.0	69.4	5	0.0
01/29/2006 00:05	9.0	77.2	15.0	70.6	13.0	68.7	12.0	66.1	8.0	61.6	0.0	0.0	57.0	69.0	5	0.0
01/29/2006 00:10	16.0	76.8	14.0	70.3	13.0	68.4	12.0	65.8	7.0	61.3	0.0	0.0	62.0	69.7	5	0.0
01/29/2006 00:15	13.0	75.3	14.0	70.2	12.0	68.3	11.0	65.7	7.0	61.2	0.0	0.0	57.0	69.0	5	0.0
01/29/2006 00:20	19.0	76.6	14.0	70.4	12.0	68.5	11.0	65.9	7.0	61.4	0.0	0.0	63.0	70.1	5	0.0
01/29/2006 00:25	26.0	73.7	14.0	70.2	12.0	68.3	11.0	65.7	7.0	61.2	0.0	0.0	70.0	69.6	5	0.0
01/29/2006 00:30	23.0	73.6	13.0	70.5	12.0	68.6	11.0	66.0	7.0	61.5	0.0	0.0	66.0	69.5	5	0.0
01/29/2006 00:35	23.0	77.2	13.0	70.5	12.0	68.6	11.0	66.0	7.0	61.5	0.0	0.0	66.0	70.8	5	0.0
01/29/2006 00:40	30.0	76.5	13.0	70.4	11.0	68.5	10.0	65.9	7.0	61.4	0.0	0.0	71.0	71.2	5	0.0
01/29/2006 00:45	29.0	73.4	13.0	70.4	11.0	68.5	10.0	65.9	7.0	61.4	0.0	0.0	70.0	69.8	5	0.0
01/29/2006 00:50	35.0	74.8	13.0	70.6	11.0	68.7	10.0	66.1	7.0	61.6	0.0	0.0	76.0	70.8	5	0.0
01/29/2006 00:55	29.0	74.1	13.0	70.5	12.0	68.6	11.0	66.0	7.0	61.5	0.0	0.0	72.0	70.1	5	0.0
01/29/2006 01:00	31.0	73.3	12.0	70.7	11.0	68.8	10.0	66.2	6.0	61.7	0.0	0.0	70.0	70.1	5	0.0
01/29/2006 01:05	34.0	72.5	12.0	70.7	11.0	68.8	10.0	66.2	6.0	61.7	0.0	0.0	73.0	69.9	5	0.0
01/29/2006 01:10	35.0	72.5	12.0	70.5	11.0	68.6	10.0	66.0	6.0	61.5	0.0	0.0	74.0	69.8	5	0.0
01/29/2006 01:15	36.0	74.9	12.0	70.6	11.0	68.7	10.0	66.1	6.0	61.6	0.0	0.0	75.0	71.1	5	0.0
01/29/2006 01:20	35.0	75.8	12.0	70.6	10.0	68.7	9.0	66.1	6.0	61.6	0.0	0.0	72.0	71.6	5	0.0
01/29/2006 01:25	32.0	73.1	12.0	70.2	10.0	68.3	10.0	65.7	6.0	61.2	0.0	0.0	70.0	69.8	5	0.0
01/29/2006 01:30	30.0	73.2	12.0	70.6	10.0	68.7	9.0	66.1	6.0	61.6	0.0	0.0	67.0	70.1	5	0.0
01/29/2006 01:35	34.0	74.7	11.0	70.7	10.0	68.8	9.0	66.2	6.0	61.7	0.0	0.0	70.0	71.0	5	0.0
01/29/2006 01:40	33.0	75.8	12.0	70.6	10.0	68.7	10.0	66.1	6.0	61.6	0.0	0.0	71.0	71.4	5	0.0
01/29/2006 01:45	28.0	75.4	12.0	70.2	10.0	68.3	9.0	65.7	6.0	61.2	0.0	0.0	65.0	70.7	5	0.0
01/29/2006 01:50	28.0	72.7	11.0	70.3	10.0	68.4	9.0	65.8	6.0	61.3	0.0	0.0	64.0	69.6	5	0.0
01/29/2006 01:55	22.0	73.3	11.0	70.7	10.0	68.8	9.0	66.2	6.0	61.7	0.0	0.0	58.0	69.7	5	0.0
01/29/2006 02:00	28.0	71.2	12.0	70.8	10.0	68.9	10.0	66.2	6.0	61.7	0.0	0.0	66.0	69.2	5	0.0
01/29/2006 02:05	32.0	71.7	11.0	70.7	10.0	68.8	9.0	66.2	6.0	61.7	0.0	0.0	68.0	69.5	5	0.0
01/29/2006 02:10	27.0	73.3	11.0	70.7	10.0	68.8	9.0	66.2	6.0	61.7	0.0	0.0	63.0	70.0	5	0.0
01/29/2006 02:15	24.0	76.6	11.0	70.7	10.0	68.8	9.0	66.2	6.0	61.7	0.0	0.0	60.0	71.2	5	0.0
01/29/2006 02:20	21.0	73.5	11.0	70.4	10.0	68.5	9.0	65.9	6.0	61.4	0.0	0.0	57.0	69.6	5	0.0
01/29/2006 02:25	28.0	71.3	11.0	70.4	10.0	68.5	9.0	65.9	6.0	61.4	0.0	0.0	64.0	69.0	5	0.0
01/29/2006 02:30	21.0	70.9	10.0	70.5	9.0	68.6	8.0	66.0	5.0	61.5	0.0	0.0	53.0	68.8	5	0.0
01/29/2006 02:35	19.0	74.4	11.0	70.5	10.0	68.6	9.0	66.0	6.0	61.5	0.0	0.0	55.0	69.8	5	0.0
01/29/2006 02:40	26.0	73.4	11.0	70.5	9.0	68.6	9.0	66.0	6.0	61.5	0.0	0.0	61.0	69.9	5	0.0
01/29/2006 02:45	25.0	76.1	10.0	70.8	9.0	68.9	8.0	66.2	5.0	61.7	0.0	0.0	57.0	71.4	5	0.0
01/29/2006 02:50	19.0	75.3	10.0	70.4	9.0	68.5	8.0	65.9	5.0	61.4	0.0	0.0	51.0	70.3	5	0.0
01/29/2006 02:55	22.0	76.0	10.0	70.7	9.0	68.8	8.0	66.2	5.0	61.7	0.0	0.0	54.0	71.0	5	0.0
01/29/2006 03:00	19.0	75.4	10.0	70.8	9.0	68.9	8.0	66.2	5.0	61.7	0.0	0.0	51.0	70.6	5	0.0
01/29/2006 03:05	25.0	75.2	10.0	70.5	9.0	68.6	8.0	66.0	5.0	61.5	0.0	0.0	57.0	70.8	5	0.0
01/29/2006 03:10	22.0	75.0	10.0	70.1	9.0	68.2	8.0	65.6	5.0	61.1	0.0	0.0	54.0	70.3	5	0.0
01/29/2006 03:15	16.0	73.4	10.0	70.1	9.0	68.2	8.0	65.6	5.0	61.1	0.0	0.0	48.0	69.2	5	0.0
01/29/2006 03:20	16.0	74.9	10.0	70.0	9.0	68.1	8.0	65.5	5.0	61.0	0.0	0.0	48.0	69.6	5	0.0
01/29/2006 03:25	21.0	75.4	10.0	70.4	9.0	68.5	8.0	65.9	5.0	61.4	0.0	0.0	53.0	70.5	5	0.0
01/29/2006 03:30	24.0	76.5	10.0	70.3	9.0	68.4	8.0	65.8	5.0	61.3	0.0	0.0	56.0	71.2	5	0.0
01/29/2006 03:35	17.0	77.3	10.0	70.1	9.0	68.2	8.0	65.6	5.0	61.1	0.0	0.0	49.0	70.6	5	0.0
01/29/2006 03:40	16.0	76.8	10.0	70.0	9.0	68.1	8.0	65.5	5.0	61.0	0.0	0.0	48.0	70.2	5	0.0
01/29/2006 03:45	10.0	76.5	10.0	69.5	9.0	67.6	8.0	65.0	5.0	60.6	0.0	0.0	42.0	68.8	5	0.0
01/29/2006 03:50	12.0	75.1	10.0	69.9	9.0	68.0	8.0	65.4	5.0	60.9	0.0	0.0	44.0	69.1	5	0.0
01/29/2006 03:55	17.0	75.2	10.0	69.7	9.0	67.8	8.0	65.2	5.0	60.8	0.0	0.0	49.0	69.6	5	0.0
01/29/2006 04:00	12.0	76.2	10.0	70.3	9.0	68.4	8.0	65.8	5.0	61.3	0.0	0.0	44.0	69.7	5	0.0
01/29/2006 04:05	11.0	75.9	10.0	70.6	9.0	68.7	8.0	66.1	5.0	61.6	0.0	0.0	43.0	69.7	5	0.0
01/29/2006 04:10	11.0	76.2	10.0	70.4	9.0	68.5	8.0	65.9	5.0	61.4	0.0	0.0	43.0	69.6	5	0.0
01/29/2006 04:15	18.0	75.6	10.0	70.4	9.0	68.5	8.0	65.9	5.0	61.4	0.0	0.0	50.0	70.3	5	0.0
01/29/2006 04:20	8.0	76.3	10.0	70.6	9.0	68.7	8.0	66.1	5.0	61.6	0.0	0.0	40.0	69.3	5	0.0
01/29/2006 04:25	14.0	76.5	10.0	70.6	9.0	68.7	8.0	66.1	5.0	61.6	0.0	0.0	46.0	70.3	5	0.0
01/29/2006 04:30	13.0	76.4	10.0	70.3	9.0	68.4	8.0	65.8	5.0	61.3	0.0	0.0	45.0	69.9	5	0.0
01/29/2006 04:35	10.0	76.3	10.0	70.8	9.0	68.9	8.0	66.2	5.0	61.7	0.0	0.0	42.0	69.8	5	0.0
01/29/2006 04:40	12.0	76.6	10.0	70.8	9.0	68.9	8.0	66.2	5.0	61.7	0.0	0.0	44.0	70.2	5	0.0
01/29/2006 04:45	10.0	77.1	10.0	70.8	9.0	68.9	8.0	66.2	5.0	61.7	0.0	0.0	42.0	70.0	5	0.0
01/29/2006 04:50	12.0	76.1	10.0	70.7	9.0	68.8	8.0	66.2	5.0	61.7	0.0	0.0	44.0	69.9	5	0.0
01/29/2006 04:55	15.0	76.6	10.0	70.6	9.0	68.7	8.0	66.1	5.0	61.6	0.0	0.0	47.0	70.4	5	0.0
01/29/2006 05:00	10.0	76.6	10.0	70.4	9.0	68.5	8.0	65.9	5.0	61.4	0.0	0.0	42.0	69.5	5	0.0
01/29/2006 05:05	9.0	77.4	10.0	70.4	9.0	68.5	8.0	65.9	5.0	61.4	0.0	0.0	41.0	69.5	5	0.0
01/29/2006 05:10	10.0	78.3	11.0	70.2	10.0	68.3	9.0	65.7	6.0	61.2	0.0	0.0	46.0	69.5	5	0.0
01/29/2006 05:15	5.0	78.0	11.0	70.3	10.0	68.4	9.0	65.8	6.0	61.3	0.0	0.0	41.0	68.5	5	0.0
01/29/2006 05:20	7.0	77.5	11.0	70.4	9.0	68.5	9.0	65.9	6.0	61.4	0.0	0.0	42.0	68.9	5	0.0
01/29/2006 05:25	7.0	77.0	10.0	70.4	9.0	68.5	8.0	65.9	5.0	61.4	0.0	0.0	39.0	69.1	5	0.0
01/29/2006 05:30	7.0	77.6	12.0	70.2	10.0	68.3	9.0	65.7	6.0	61.2	0.0	0.0	44.0	68.8	5	0.0
01/29/2006 05:35	4.0	77.4	12.0	70.5	10.0	68.6	10.0	66.0	6.0	61.5	0.0	0.0	42.0	68.3	5	0.0
01/29/2006 05:40	7.0	75.8	11.0	70.6	10.0	68.7	9.0	66.1	6.0	61.6	0.0	0.0	43.0	68.8	5	0.0
01/29/2006 05:45	6.0	76.9	12.0	70.5	10.0	68.6	9.0	66.0	6.0	61.5	0.0	0.0	43.0	68.8	5	0.0
01/29/2006 05:50	12.0	77.5	12.0	70.5	10.0	68.6	10.0	66.0	6.0	61.5	0.0	0.0	50.0	69.8	5	0.0
01/29/2006 05:55	11.0	78.0	11.0	70.4	10.0	68.5	9.0	65.9	6.0	61.4	0.0	0.0	47.0	69.8	5	0.0
01/29/2006 06:00	5.0	77.6	11.0	70.5	10.0	68.6	9.0	66.0	6.0	61.5	0.0	0.0	41.0	68.6	5	0.0
01/29/2006 06:05	5.0	77.7	12.0	70.5	10.0	68.6	9.0	66.0	6.0	61.5	0.0	0.0	42.0	68.7	5	0.0
01/29/2006 06:10	8.0	77.9	13.0	70.6	11.0	68.7	10.0	66.1	7.0	61.6	0.0	0.0	49.0	69.2	5	0.0
01/29/2006 06:15	11.0	77.9	12.0	70.5	11.0	68.6	10.0	66.0	6.0	61.5	0.0	0.0	50.0	69.7	5	0.0
01/29/2006 06:20	9.0	77.5	12.0	70.6	11.0	68.7	10.0	66.1	6.0	61.6	0.0	0.0	48.0	69.4	5	0.0
01/29/2006 06:25	4.0	77.6	12.0	70.6	11.0	68.7	10.0	66.1	6.0	61.6	0.0	0.0	43.0	68.5	5	0.0
01/29/2006 06:30	7.0	77.4	13.0	70.5	11.0	68.6	10.0	66.0	7.0	61.5	0.0	0.0	48.0	68.8	5	0.0
01/29/2006 06:35	9.0	78.1	13.0	70.5	11.0	68.6	10.0	66.0	7.0	61.5	0.0	0.0	50.0	69.3	5	0.0
01/29/2006 06:40	6.0	77.5	12.0	70.4	11.0	68.5	10.0	65.9	6.0	61.4	0.0	0.0	45.0	68.7	5	0.0
01/29/2006 06:45	12.0	78.0	13.0	70.4	12.0	68.5	11.0	65.9	7.0	61.4	0.0	0.0	55.0	69.6	5	0.0
01/29/2006 06:50	11.0	78.2	13.0	70.4	11.0	68.5	10.0	65.9	7.0	61.4	0.0	0.0	52.0	69.6	5	0.0
01/29/2006 06:55	10.0	78.5	13.0	70.2	11.0	68.3	10.0	65.7	7.0	61.2	0.0	0.0	51.0	69.3	5	0.0
01/29/2006 07:00	13.0	79.3	13.0	70.1	11.0	68.2	10.0	65.6	7.0	61.1	0.0	0.0	54.0	69.9	5	0.0
01/29/2006 07:05	10.0	78.2	12.0	70.2	11.0	68.3	10.0	65.7	6.0	61.2	0.0	0.0	49.0	69.4	5	0.0
01/29/2006 07:10	10.0	75.0	13.0	70.3	11.0	68.4	10.0	65.8	7.0	61.3	0.0	0.0	51.0	68.7	5	0.0
01/29/2006 07:15	8.0	76.3	14.0	70.3	12.0	68.4	11.0	65.8	7.0	61.3	0.0	0.0	52.0	68.6	5	0.0
01/29/2006 07:20	8.0	77.0	14.0	70.1	13.0	68.2	12.0	65.6	7.0	61.1	0.0	0.0	54.0	68.5	5	0.0
01/29/2006 07:25	9.0	76.0	14.0	70.2	13.0	68.3	12.0	65.7	8.0	61.2	0.0	0.0	56.0	68.4	5	0.0
01/29/2006 07:30	8.0	76.5	14.0	70.6	13.0	68.7	12.0	66.1	7.0	61.6	0.0	0.0	54.0	68.9	5	0.0
01/29/2006 07:35	8.0	77.3	15.0	70.4	13.0	68.5	12.0	65.9	8.0	61.4	0.0	0.0	56.0	68.7	5	0.0
01/29/2006 07:40	11.0	77.4	15.0	70.7	13.0	68.8	12.0	66.2	8.0	61.7	0.0	0.0	59.0	69.4	5	0.0
01/29/2006 07:45	9.0	77.7	16.0	70.7	14.0	68.8	13.0	66.2	8.0	61.7	0.0	0.0	60.0	69.1	5	0.0
01/29/2006 07:50	12.0	78.2	15.0	70.5	14.0	68.6	13.0	66.0	8.0	61.5	0.0	0.0	62.0	69.5	5	0.0
01/29/2006 07:55	15.0	78.6	16.0	70.3	14.0	68.4	13.0	65.8	8.0	61.3	0.0	0.0	66.0	69.8	5	0.0
01/29/2006 08:00	9.0	77.0	16.0	70.5	14.0	68.6	13.0	66.0	8.0	61.5	0.0	0.0	60.0	68.9	5	0.0
01/29/2006 08:05	14.0	76.0	15.0	70.6	13.0	68.7	12.0	66.1	8.0	61.6	0.0	0.0	62.0	69.4	5	0.0
01/29/2006 08:10	9.0	76.1	16.0	70.7	14.0	68.8	13.0	66.2	8.0	61.7	0.0	0.0	60.0	68.9	5	0.0
01/29/2006 08:15	11.0	75.9	16.0	70.8	14.0	68.9	13.0	66.2	8.0	61.7	0.0	0.0	62.0	69.2	5	0.0
01/29/2006 08:20	7.0	76.3	16.0	70.6	14.0	68.7	13.0	66.1	9.0	61.6	0.0	0.0	59.0	68.5	5	0.0
01/29/2006 08:25	11.0	76.7	16.0	70.9	14.0	69.0	13.0	66.3	9.0	61.8	0.0	0.0	63.0	69.3	5	0.0
01/29/2006 08:30	16.0	76.0	16.0	70.4	14.0	68.5	13.0	65.9	9.0	61.4	0.0	0.0	68.0	69.3	5	0.0
01/29/2006 08:35	18.0	68.7	17.0	70.6	15.0	68.7	14.0	66.1	9.0	61.6	0.0	0.0	73.0	67.8	5	0.0
01/29/2006 08:40	13.0	72.4	17.0	70.3	15.0	68.4	14.0	65.8	9.0	61.3	0.0	0.0	68.0	68.2	5	0.0
01/29/2006 08:45	17.0	72.5	19.0	70.7	17.0	68.8	15.0	66.2	10.0	61.7	0.0	0.0	78.0	68.7	5	0.0
01/29/2006 08:50	18.0	74.1	19.0	70.3	17.0	68.4	15.0	65.8	10.0	61.3	0.0	0.0	79.0	68.8	5	0.0
01/29/2006 08:55	20.0	74.4	19.0	69.9	17.0	68.0	16.0	65.4	10.0	60.9	0.0	0.0	82.0	68.6	5	0.0
01/29/2006 09:00	16.0	73.5	19.0	70.5	17.0	68.6	16.0	66.0	10.0	61.5	0.0	0.0	78.0	68.6	5	0.0
01/29/2006 09:05	21.0	68.7	19.0	70.6	17.0	68.7	16.0	66.1	10.0	61.6	0.0	0.0	83.0	67.8	5	0.0
01/29/2006 09:10	18.0	69.8	20.0	70.9	17.0	69.0	16.0	66.3	10.0	61.8	0.0	0.0	81.0	68.3	5	0.0
01/29/2006 09:15	20.0	66.7	20.0	70.7	17.0	68.8	16.0	66.2	10.0	61.7	0.0	0.0	83.0	67.4	5	0.0
01/29/2006 09:20	28.0	69.1	21.0	71.2	19.0	69.2	18.0	66.5	11.0	62.0	0.0	0.0	97.0	68.3	5	0.0
01/29/2006 09:25	24.0	70.6	21.0	71.0	19.0	69.1	18.0	66.4	11.0	61.9	0.0	0.0	93.0	68.6	5	0.0
01/29/2006 09:30	21.0	70.1	21.0	70.4	19.0	68.5	17.0	65.9	11.0	61.4	0.0	0.0	89.0	68.0	5	0.0
01/29/2006 09:35	19.0	71.5	23.0	70.6	20.0	68.7	19.0	66.1	12.0	61.6	0.0	0.0	93.0	68.3	5	0.0
01/29/2006 09:40	26.0	66.0	22.0	70.5	20.0	68.6	18.0	66.0	12.0	61.5	0.0	0.0	98.0	67.0	5	0.0
01/29/2006 09:45	23.0	66.1	24.0	70.1	21.0	68.2	20.0	65.6	13.0	61.1	0.0	0.0	101.0	66.7	5	0.0
01/29/2006 09:50	22.0	66.0	24.0	70.2	22.0	68.3	20.0	65.7	13.0	61.2	0.0	0.0	101.0	66.8	5	0.0
01/29/2006 09:55	25.0	66.4	23.0	70.1	20.0	68.2	19.0	65.6	12.0	61.1	0.0	0.0	99.0	66.8	5	0.0
01/29/2006 10:00	27.0	66.2	23.0	70.4	21.0	68.5	19.0	65.9	12.0	61.4	0.0	0.0	102.0	67.0	5	0.0
01/29/2006 10:05	17.0	66.8	24.0	70.4	21.0	68.5	20.0	65.9	13.0	61.4	0.0	0.0	95.0	67.2	5	0.0
01/29/2006 10:10	23.0	69.3	25.0	70.3	22.0	68.4	21.0	65.8	13.0	61.3	0.0	0.0	104.0	67.6	5	0.0
01/29/2006 10:15	25.0	65.5	26.0	70.2	23.0	68.3	21.0	65.7	13.0	61.2	0.0	0.0	108.0	66.8	5	0.0
01/29/2006 10:20	34.0	66.5	26.0	70.2	23.0	68.3	21.0	65.7	14.0	61.2	0.0	0.0	118.0	66.9	5	0.0
01/29/2006 10:25	26.0	67.8	27.0	70.5	24.0	68.6	23.0	66.0	14.0	61.5	0.0	0.0	114.0	67.5	5	0.0
01/29/2006 10:30	29.0	66.5	27.0	70.3	24.0	68.4	22.0	65.8	14.0	61.3	0.0	0.0	116.0	67.0	5	0.0
01/29/2006 10:35	35.0	64.0	27.0	70.5	24.0	68.6	22.0	66.0	14.0	61.5	0.0	0.0	122.0	66.4	5	0.0
01/29/2006 10:40	27.0	65.8	29.0	70.1	26.0	68.2	24.0	65.6	15.0	61.1	0.0	0.0	121.0	66.7	5	0.0
01/29/2006 10:45	26.0	66.5	28.0	70.2	25.0	68.3	23.0	65.7	15.0	61.2	0.0	0.0	117.0	66.9	5	0.0
01/29/2006 10:50	27.0	66.2	28.0	69.5	25.0	67.6	23.0	65.0	15.0	60.6	0.0	0.0	118.0	66.3	5	0.0
01/29/2006 10:55	30.0	63.7	29.0	70.3	25.0	68.4	24.0	65.8	15.0	61.3	0.0	0.0	123.0	66.3	5	0.0
01/29/2006 11:00	26.0	62.1	27.0	70.2	24.0	68.3	22.0	65.7	14.0	61.2	0.0	0.0	113.0	65.9	5	0.0
01/29/2006 11:05	38.0	67.9	27.0	70.7	24.0	68.8	22.0	66.2	14.0	61.7	0.0	0.0	125.0	67.7	5	0.0
01/29/2006 11:10	29.0	65.8	28.0	70.7	25.0	68.8	23.0	66.2	15.0	61.7	0.0	0.0	120.0	67.1	5	0.0
01/29/2006 11:15	29.0	63.2	28.0	70.1	25.0	68.2	23.0	65.6	15.0	61.1	0.0	0.0	120.0	66.1	5	0.0
01/29/2006 11:20	36.0	62.6	29.0	69.8	25.0	67.9	24.0	65.3	15.0	60.8	0.0	0.0	129.0	65.5	5	0.0
01/29/2006 11:25	37.0	63.1	30.0	70.0	26.0	68.1	24.0	65.5	16.0	61.0	0.0	0.0	133.0	65.8	5	0.0
01/29/2006 11:30	37.0	60.6	29.0	70.5	26.0	68.6	24.0	66.0	15.0	61.5	0.0	0.0	131.0	65.5	5	0.0
01/29/2006 11:35	40.0	61.7	31.0	70.2	27.0	68.3	25.0	65.7	16.0	61.2	0.0	0.0	139.0	65.5	5	0.0
01/29/2006 11:40	27.0	62.2	31.0	70.4	28.0	68.5	26.0	65.9	17.0	61.4	0.0	0.0	129.0	66.2	5	0.0
01/29/2006 11:45	40.0	62.0	30.0	70.1	27.0	68.2	25.0	65.6	16.0	61.1	0.0	0.0	138.0	65.5	5	0.0
01/29/2006 11:50	40.0	59.3	31.0	70.4	27.0	68.5	25.0	65.9	16.0	61.4	0.0	0.0	139.0	65.0	5	0.0
01/29/2006 11:55	41.0	59.3	30.0	69.9	27.0	68.0	25.0	65.4	16.0	60.9	0.0	0.0	139.0	64.6	5	0.0
01/29/2006 12:00	37.0	58.7	30.0	69.4	26.0	67.5	24.0	64.9	16.0	60.5	0.0	0.0	133.0	64.2	5	0.0
01/29/2006 12:05	45.0	63.5	29.0	69.9	26.0	68.0	24.0	65.4	15.0	60.9	0.0	0.0	139.0	65.7	5	0.0
01/29/2006 12:10	35.0	63.1	30.0	70.1	27.0	68.2	25.0	65.6	16.0	61.1	0.0	0.0	133.0	65.9	5	0.0
01/29/2006 12:15	43.0	61.6	32.0	68.9	29.0	67.0	26.0	64.4	17.0	60.0	0.0	0.0	147.0	64.6	5	0.0
01/29/2006 12:20	36.0	58.1	32.0	68.7	28.0	66.8	26.0	64.2	17.0	59.8	0.0	0.0	139.0	63.6	5	0.0
01/29/2006 12:25	39.0	59.7	32.0	69.0	28.0	67.1	26.0	64.5	17.0	60.1	0.0	0.0	142.0	64.2	5	0.0
01/29/2006 12:30	36.0	63.4	33.0	69.9	29.0	68.0	27.0	65.4	17.0	60.9	0.0	0.0	142.0	65.9	5	0.0
01/29/2006 12:35	44.0	61.6	31.0	70.2	28.0	68.3	26.0	65.7	17.0	61.2	0.0	0.0	146.0	65.4	5	0.0
01/29/2006 12:40	41.0	59.5	33.0	70.0	29.0	68.1	27.0	65.5	17.0	61.0	0.0	0.0	147.0	64.8	5	0.0
01/29/2006 12:45	45.0	56.0	34.0	68.5	30.0	66.6	28.0	64.0	18.0	59.7	0.0	0.0	155.0	62.7	5	0.0
01/29/2006 12:50	53.0	55.1	32.0	69.2	28.0	67.3	26.0	64.7	17.0	60.3	0.0	0.0	156.0	62.3	5	0.0
01/29/2006 12:55	43.0	56.3	33.0	69.1	29.0	67.2	27.0	64.6	17.0	60.2	0.0	0.0	149.0	63.2	5	0.0
01/29/2006 13:00	45.0	58.7	33.0	68.7	29.0	66.8	27.0	64.2	17.0	59.8	0.0	0.0	151.0	63.5	5	0.0
01/29/2006 13:05	49.0	59.5	33.0	68.6	29.0	66.7	27.0	64.1	17.0	59.8	0.0	0.0	155.0	63.6	5	0.0
01/29/2006 13:10	39.0	60.9	31.0	68.6	28.0	66.7	26.0	64.1	17.0	59.8	0.0	0.0	141.0	64.2	5	0.0
01/29/2006 13:15	50.0	61.6	33.0	69.7	29.0	67.8	27.0	65.2	17.0	60.8	0.0	0.0	156.0	65.0	5	0.0
01/29/2006 13:20	42.0	61.6	32.0	69.2	28.0	67.3	26.0	64.7	17.0	60.3	0.0	0.0	145.0	64.8	5	0.0
01/29/2006 13:25	48.0	58.8	32.0	69.0	28.0	67.1	26.0	64.5	17.0	60.1	0.0	0.0	151.0	63.6	5	0.0
01/29/2006 13:30	51.0	58.0	31.0	68.8	27.0	66.9	25.0	64.3	16.0	59.9	0.0	0.0	150.0	63.1	5	0.0
01/29/2006 13:35	38.0	56.0	33.0	67.9	29.0	66.1	27.0	63.5	17.0	59.2	0.0	0.0	144.0	62.6	5	0.0
01/29/2006 13:40	10.0	66.9	34.0	68.7	30.0	66.8	28.0	64.2	18.0	59.8	0.0	0.0	120.0	65.7	5	0.0
01/29/2006 13:45	10.0	69.2	34.0	68.9	30.0	67.0	28.0	64.4	18.0	60.0	0.0	0.0	120.0	66.1	5	0.0
01/29/2006 13:50	10.0	68.0	34.0	68.7	30.0	66.8	27.0	64.2	18.0	59.8	0.0	0.0	119.0	65.8	5	0.0
01/29/2006 13:55	20.0	62.0	33.0	68.6	29.0	66.7	27.0	64.1	18.0	59.8	0.0	0.0	127.0	64.9	5	0.0
01/29/2006 14:00	22.0	60.3	34.0	68.2	30.0	66.4	28.0	63.8	18.0	59.5	0.0	0.0	132.0	64.4	5	0.0
01/29/2006 14:05	8.0	67.5	34.0	68.5	30.0	66.6	27.0	64.0	18.0	59.7	0.0	0.0	117.0	65.5	5	0.0
01/29/2006 14:10	16.0	70.0	33.0	68.7	29.0	66.8	27.0	64.2	17.0	59.8	0.0	0.0	122.0	66.2	5	0.0
01/29/2006 14:15	12.0	72.5	32.0	69.0	29.0	67.1	26.0	64.5	17.0	60.1	0.0	0.0	116.0	66.6	5	0.0
01/29/2006 14:20	20.0	75.0	32.0	69.1	29.0	67.2	26.0	64.6	17.0	60.2	0.0	0.0	124.0	67.4	5	0.0
01/29/2006 14:25	16.0	75.2	34.0	68.5	30.0	66.6	28.0	64.0	18.0	59.7	0.0	0.0	126.0	66.6	5	0.0
01/29/2006 14:30	27.0	68.1	33.0	69.0	29.0	67.1	27.0	64.5	17.0	60.1	0.0	0.0	133.0	66.3	5	0.0
01/29/2006 14:35	58.0	64.0	33.0	68.8	29.0	66.9	27.0	64.3	18.0	59.9	0.0	0.0	165.0	65.1	5	0.0
01/29/2006 14:40	54.0	60.9	34.0	69.2	30.0	67.3	28.0	64.7	18.0	60.3	0.0	0.0	164.0	64.4	5	0.0
01/29/2006 14:45	52.0	60.0	34.0	69.2	30.0	67.3	27.0	64.7	18.0	60.3	0.0	0.0	161.0	64.1	5	0.0
01/29/2006 14:50	51.0	60.5	34.0	68.7	30.0	66.8	28.0	64.2	18.0	59.8	0.0	0.0	161.0	64.0	5	0.0
01/29/2006 14:55	45.0	61.3	34.0	69.3	30.0	67.4	28.0	64.8	18.0	60.4	0.0	0.0	155.0	64.8	5	0.0
01/29/2006 15:00	48.0	58.6	33.0	68.6	29.0	66.7	27.0	64.1	17.0	59.8	0.0	0.0	154.0	63.4	5	0.0
01/29/2006 15:05	53.0	59.1	31.0	68.7	27.0	66.8	25.0	64.2	16.0	59.8	0.0	0.0	152.0	63.3	5	0.0
01/29/2006 15:10	51.0	59.3	32.0	68.8	28.0	66.9	26.0	64.3	17.0	59.9	0.0	0.0	154.0	63.6	5	0.0
01/29/2006 15:15	47.0	60.6	33.0	68.5	29.0	66.6	27.0	64.0	17.0	59.7	0.0	0.0	153.0	63.9	5	0.0
01/29/2006 15:20	51.0	57.7	34.0	69.1	30.0	67.2	28.0	64.6	18.0	60.2	0.0	0.0	161.0	63.4	5	0.0
01/29/2006 15:25	42.0	58.2	32.0	68.5	28.0	66.6	26.0	64.0	17.0	59.7	0.0	0.0	145.0	63.3	5	0.0
01/29/2006 15:30	43.0	55.5	33.0	69.1	29.0	67.2	27.0	64.6	18.0	60.2	0.0	0.0	150.0	63.0	5	0.0
01/29/2006 15:35	45.0	56.2	33.0	68.3	29.0	66.5	27.0	63.9	18.0	59.6	0.0	0.0	152.0	62.6	5	0.0
01/29/2006 15:40	43.0	56.4	35.0	68.7	31.0	66.8	28.0	64.2	18.0	59.8	0.0	0.0	155.0	63.1	5	0.0
01/29/2006 15:45	56.0	54.5	33.0	68.0	29.0	66.2	27.0	63.6	17.0	59.3	0.0	0.0	162.0	61.4	5	0.0
01/29/2006 15:50	37.0	54.9	32.0	67.5	29.0	65.7	26.0	63.1	17.0	58.9	0.0	0.0	141.0	62.0	5	0.0
01/29/2006 15:55	46.0	53.6	34.0	67.9	30.0	66.1	27.0	63.5	18.0	59.2	0.0	0.0	155.0	61.5	5	0.0
01/29/2006 16:00	51.0	53.8	34.0	67.6	30.0	65.8	27.0	63.2	18.0	58.9	0.0	0.0	160.0	61.2	5	0.0
01/29/2006 16:05	46.0	53.7	33.0	67.4	29.0	65.6	27.0	63.0	17.0	58.8	0.0	0.0	152.0	61.2	5	0.0
01/29/2006 16:10	50.0	53.9	33.0	68.3	29.0	66.5	27.0	63.9	17.0	59.6	0.0	0.0	156.0	61.7	5	0.0
01/29/2006 16:15	34.0	55.7	32.0	68.0	28.0	66.2	26.0	63.6	17.0	59.3	0.0	0.0	137.0	62.7	5	0.0
01/29/2006 16:20	42.0	55.9	34.0	68.8	30.0	66.9	28.0	64.3	18.0	59.9	0.0	0.0	152.0	63.0	5	0.0
01/29/2006 16:25	52.0	54.8	33.0	68.0	29.0	66.2	27.0	63.6	17.0	59.3	0.0	0.0	158.0	61.6	5	0.0
01/29/2006 16:30	32.0	55.0	34.0	68.0	30.0	66.2	28.0	63.6	18.0	59.3	0.0	0.0	142.0	62.7	5	0.0
01/29/2006 16:35	40.0	57.3	34.0	68.0	30.0	66.2	28.0	63.6	18.0	59.3	0.0	0.0	150.0	62.9	5	0.0
01/29/2006 16:40	41.0	54.6	35.0	67.7	31.0	65.9	28.0	63.3	18.0	59.0	0.0	0.0	153.0	62.0	5	0.0
01/29/2006 16:45	38.0	53.9	34.0	67.4	30.0	65.6	28.0	63.0	18.0	58.8	0.0	0.0	148.0	61.7	5	0.0
01/29/2006 16:50	44.0	54.0	34.0	67.7	30.0	65.9	28.0	63.3	18.0	59.0	0.0	0.0	154.0	61.6	5	0.0
01/29/2006 16:55	47.0	54.4	35.0	67.8	31.0	66.0	29.0	63.4	19.0	59.1	0.0	0.0	161.0	61.7	5	0.0
01/29/2006 17:00	45.0	55.2	34.0	67.9	30.0	66.1	28.0	63.5	18.0	59.2	0.0	0.0	155.0	62.1	5	0.0
01/29/2006 17:05	41.0	54.2	34.0	69.2	30.0	67.3	28.0	64.7	18.0	60.3	0.0	0.0	151.0	62.9	5	0.0
01/29/2006 17:10	47.0	53.2	35.0	69.2	31.0	67.3	29.0	64.7	19.0	60.3	0.0	0.0	161.0	62.3	5	0.0
01/29/2006 17:15	41.0	51.5	35.0	69.4	31.0	67.5	29.0	64.9	19.0	60.5	0.0	0.0	155.0	62.3	5	0.0
01/29/2006 17:20	43.0	50.8	34.0	68.7	30.0	66.8	28.0	64.2	18.0	59.8	0.0	0.0	153.0	61.4	5	0.0
01/29/2006 17:25	32.0	52.5	34.0	69.5	30.0	67.6	27.0	65.0	18.0	60.6	0.0	0.0	141.0	63.2	5	0.0
01/29/2006 17:30	30.0	53.7	32.0	68.8	29.0	66.9	26.0	64.3	17.0	59.9	0.0	0.0	134.0	63.0	5	0.0
01/29/2006 17:35	30.0	54.3	32.0	68.8	28.0	66.9	26.0	64.3	17.0	59.9	0.0	0.0	133.0	63.1	5	0.0
01/29/2006 17:40	30.0	54.6	33.0	68.8	29.0	66.9	27.0	64.3	18.0	59.9	0.0	0.0	137.0	63.2	5	0.0
01/29/2006 17:45	30.0	54.8	34.0	68.8	30.0	66.9	28.0	64.3	18.0	59.9	0.0	0.0	140.0	63.3	5	0.0
01/29/2006 17:50	30.0	54.9	33.0	67.7	29.0	65.9	27.0	63.3	17.0	59.0	0.0	0.0	136.0	62.5	5	0.0
01/29/2006 17:55	30.0	54.9	32.0	67.7	29.0	65.9	26.0	63.3	17.0	59.0	0.0	0.0	134.0	62.5	5	0.0
01/29/2006 18:00	30.0	54.9	32.0	69.2	28.0	67.3	26.0	64.7	17.0	60.3	0.0	0.0	133.0	63.6	5	0.0
01/29/2006 18:05	30.0	54.9	32.0	69.8	29.0	67.9	26.0	65.3	17.0	60.8	0.0	0.0	134.0	64.0	5	0.0
01/29/2006 18:10	30.0	54.9	31.0	70.1	27.0	68.2	25.0	65.6	16.0	61.1	0.0	0.0	129.0	64.2	5	0.0
01/29/2006 18:15	30.0	54.9	30.0	70.1	26.0	68.2	24.0	65.6	16.0	61.1	0.0	0.0	126.0	64.1	5	0.0
01/29/2006 18:20	30.0	54.9	30.0	70.1	27.0	68.2	25.0	65.6	16.0	61.1	0.0	0.0	128.0	64.1	5	0.0
01/29/2006 18:25	30.0	54.9	32.0	71.3	28.0	69.3	26.0	66.6	17.0	62.1	0.0	0.0	133.0	65.1	5	0.0
01/29/2006 18:30	30.0	54.9	31.0	71.3	27.0	69.3	25.0	66.6	16.0	62.1	0.0	0.0	129.0	65.0	5	0.0
01/29/2006 18:35	30.0	54.9	30.0	71.0	26.0	69.1	24.0	66.4	16.0	61.9	0.0	0.0	126.0	64.8	5	0.0
01/29/2006 18:40	30.0	54.9	29.0	70.8	26.0	68.9	24.0	66.2	15.0	61.7	0.0	0.0	124.0	64.6	5	0.0
01/29/2006 18:45	30.0	54.9	28.0	71.6	25.0	69.6	23.0	66.9	15.0	62.4	0.0	0.0	121.0	65.0	5	0.0
01/29/2006 18:50	30.0	54.9	27.0	72.0	23.0	70.0	22.0	67.3	14.0	62.7	0.0	0.0	116.0	65.2	5	0.0
01/29/2006 18:55	30.0	54.9	27.0	71.8	24.0	69.8	22.0	67.1	14.0	62.6	0.0	0.0	117.0	65.1	5	0.0
01/29/2006 19:00	30.0	54.9	27.0	71.3	24.0	69.3	22.0	66.6	14.0	62.1	0.0	0.0	117.0	64.7	5	0.0
01/29/2006 19:05	30.0	54.9	27.0	71.5	24.0	69.5	22.0	66.8	14.0	62.3	0.0	0.0	117.0	64.9	5	0.0
01/29/2006 19:10	30.0	54.9	25.0	71.7	22.0	69.7	20.0	67.0	13.0	62.5	0.0	0.0	110.0	64.8	5	0.0
01/29/2006 19:15	30.0	54.9	26.0	72.0	23.0	70.0	21.0	67.3	14.0	62.7	0.0	0.0	114.0	65.1	5	0.0
01/29/2006 19:20	30.0	54.9	25.0	71.5	22.0	69.5	21.0	66.8	13.0	62.3	0.0	0.0	111.0	64.7	5	0.0
01/29/2006 19:25	30.0	54.9	26.0	71.9	23.0	69.9	21.0	67.2	13.0	62.7	0.0	0.0	113.0	65.0	5	0.0
01/29/2006 19:30	30.0	54.9	24.0	71.7	21.0	69.7	20.0	67.0	13.0	62.5	0.0	0.0	108.0	64.7	5	0.0
01/29/2006 19:35	30.0	54.9	24.0	71.4	22.0	69.4	20.0	66.7	13.0	62.2	0.0	0.0	109.0	64.5	5	0.0
01/29/2006 19:40	30.0	54.9	25.0	71.6	22.0	69.6	21.0	66.9	13.0	62.4	0.0	0.0	111.0	64.7	5	0.0
01/29/2006 19:45	30.0	54.9	24.0	71.8	21.0	69.8	19.0	67.1	12.0	62.6	0.0	0.0	106.0	64.7	5	0.0
01/29/2006 19:50	30.0	54.9	24.0	71.9	21.0	69.9	20.0	67.2	13.0	62.7	0.0	0.0	108.0	64.8	5	0.0
01/29/2006 19:55	30.0	54.9	25.0	72.0	22.0	70.0	20.0	67.3	13.0	62.7	0.0	0.0	110.0	65.0	5	0.0
01/29/2006 20:00	30.0	54.9	22.0	71.6	20.0	69.6	18.0	66.9	12.0	62.4	0.0	0.0	102.0	64.4	5	0.0
01/29/2006 20:05	30.0	54.9	23.0	71.4	21.0	69.4	19.0	66.7	12.0	62.2	0.0	0.0	105.0	64.4	5	0.0
01/29/2006 20:10	30.0	54.9	23.0	71.9	20.0	69.9	19.0	67.2	12.0	62.7	0.0	0.0	104.0	64.7	5	0.0
01/29/2006 20:15	30.0	54.9	23.0	71.6	20.0	69.6	19.0	66.9	12.0	62.4	0.0	0.0	104.0	64.5	5	0.0
01/29/2006 20:20	30.0	54.9	22.0	71.4	20.0	69.4	18.0	66.7	12.0	62.2	0.0	0.0	102.0	64.2	5	0.0
01/29/2006 20:25	30.0	54.9	23.0	71.6	20.0	69.6	19.0	66.9	12.0	62.4	0.0	0.0	104.0	64.5	5	0.0
01/29/2006 20:30	30.0	54.9	22.0	71.0	19.0	69.1	18.0	66.4	11.0	61.9	0.0	0.0	100.0	64.0	5	0.0
01/29/2006 20:35	27.0	55.2	21.0	71.6	19.0	69.6	17.0	66.9	11.0	62.4	0.0	0.0	95.0	64.6	5	0.0
01/29/2006 20:40	24.0	56.6	21.0	70.9	18.0	69.0	17.0	66.3	11.0	61.8	0.0	0.0	91.0	64.8	5	0.0
01/29/2006 20:45	24.0	58.1	22.0	71.5	19.0	69.5	18.0	66.8	11.0	62.3	0.0	0.0	94.0	65.7	5	0.0
01/29/2006 20:50	34.0	58.9	20.0	71.5	17.0	69.5	16.0	66.8	10.0	62.3	0.0	0.0	97.0	65.0	5	0.0
01/29/2006 20:55	26.0	60.5	21.0	71.3	18.0	69.3	17.0	66.6	11.0	62.1	0.0	0.0	93.0	66.0	5	0.0
01/29/2006 21:00	30.0	67.1	20.0	70.8	18.0	68.9	16.0	66.2	11.0	61.7	0.0	0.0	95.0	67.5	5	0.0
01/29/2006 21:05	24.0	68.4	21.0	70.7	19.0	68.8	17.0	66.2	11.0	61.7	0.0	0.0	92.0	67.8	5	0.0
01/29/2006 21:10	26.0	72.6	20.0	71.2	17.0	69.2	16.0	66.5	10.0	62.0	0.0	0.0	89.0	69.4	5	0.0
01/29/2006 21:15	23.0	72.4	20.0	70.7	18.0	68.8	17.0	66.2	11.0	61.7	0.0	0.0	89.0	68.8	5	0.0
01/29/2006 21:20	29.0	77.7	19.0	70.8	17.0	68.9	16.0	66.2	10.0	61.7	0.0	0.0	91.0	70.9	5	0.0
01/29/2006 21:25	30.0	80.7	20.0	70.6	17.0	68.7	16.0	66.1	10.0	61.6	0.0	0.0	93.0	71.8	5	0.0
01/29/2006 21:30	30.0	78.0	20.0	71.2	18.0	69.2	17.0	66.5	11.0	62.0	0.0	0.0	96.0	71.1	5	0.0
01/29/2006 21:35	28.0	73.5	20.0	71.2	18.0	69.2	17.0	66.5	11.0	62.0	0.0	0.0	94.0	69.6	5	0.0
01/29/2006 21:40	25.0	77.4	19.0	70.9	17.0	69.0	16.0	66.3	10.0	61.8	0.0	0.0	87.0	70.5	5	0.0
01/29/2006 21:45	26.0	75.4	20.0	70.9	17.0	69.0	16.0	66.3	10.0	61.8	0.0	0.0	89.0	70.0	5	0.0
01/29/2006 21:50	22.0	75.2	18.0	71.0	16.0	69.1	15.0	66.4	10.0	61.9	0.0	0.0	81.0	69.8	5	0.0
01/29/2006 21:55	24.0	75.1	19.0	71.0	17.0	69.1	16.0	66.4	10.0	61.9	0.0	0.0	86.0	69.9	5	0.0
01/29/2006 22:00	22.0	75.7	18.0	70.5	16.0	68.6	15.0	66.0	10.0	61.5	0.0	0.0	81.0	69.6	5	0.0
01/29/2006 22:05	26.0	74.9	18.0	70.4	16.0	68.5	15.0	65.9	10.0	61.4	0.0	0.0	85.0	69.6	5	0.0
01/29/2006 22:10	28.0	74.4	18.0	69.8	16.0	67.9	14.0	65.3	9.0	60.8	0.0	0.0	85.0	69.3	5	0.0
01/29/2006 22:15	23.0	74.8	19.0	70.0	16.0	68.1	15.0	65.5	10.0	61.0	0.0	0.0	83.0	69.1	5	0.0
01/29/2006 22:20	25.0	76.7	18.0	70.1	16.0	68.2	15.0	65.6	10.0	61.1	0.0	0.0	84.0	69.8	5	0.0
01/29/2006 22:25	29.0	79.2	18.0	70.2	16.0	68.3	15.0	65.7	10.0	61.2	0.0	0.0	88.0	71.0	5	0.0
01/29/2006 22:30	18.0	77.9	17.0	70.0	15.0	68.1	14.0	65.5	9.0	61.0	0.0	0.0	73.0	69.6	5	0.0
01/29/2006 22:35	18.0	74.7	17.0	70.5	15.0	68.6	14.0	66.0	9.0	61.5	0.0	0.0	73.0	69.2	5	0.0
01/29/2006 22:40	23.0	74.0	17.0	70.8	15.0	68.9	14.0	66.2	9.0	61.7	0.0	0.0	78.0	69.5	5	0.0
01/29/2006 22:45	23.0	77.3	16.0	70.8	14.0	68.9	13.0	66.2	9.0	61.7	0.0	0.0	75.0	70.6	5	0.0
01/29/2006 22:50	22.0	77.7	15.0	70.5	14.0	68.6	13.0	66.0	8.0	61.5	0.0	0.0	72.0	70.5	5	0.0
01/29/2006 22:55	10.0	78.0	15.0	70.5	13.0	68.6	12.0	66.0	8.0	61.5	0.0	0.0	58.0	69.2	5	0.0
01/29/2006 23:00	21.0	73.0	14.0	70.2	13.0	68.3	12.0	65.7	7.0	61.2	0.0	0.0	67.0	69.0	5	0.0
01/29/2006 23:05	21.0	69.6	15.0	70.6	13.0	68.7	12.0	66.1	8.0	61.6	0.0	0.0	69.0	68.1	5	0.0
01/29/2006 23:10	20.0	75.3	14.0	70.1	13.0	68.2	12.0	65.6	7.0	61.1	0.0	0.0	66.0	69.5	5	0.0
01/29/2006 23:15	28.0	73.7	14.0	70.7	13.0	68.8	12.0	66.2	7.0	61.7	0.0	0.0	74.0	69.9	5	0.0
01/29/2006 23:20	14.0	75.2	15.0	70.7	13.0	68.8	12.0	66.2	8.0	61.7	0.0	0.0	62.0	69.3	5	0.0
01/29/2006 23:25	21.0	77.0	14.0	70.5	12.0	68.6	11.0	66.0	7.0	61.5	0.0	0.0	65.0	70.5	5	0.0
01/29/2006 23:30	24.0	77.3	14.0	70.8	12.0	68.9	11.0	66.2	7.0	61.7	0.0	0.0	68.0	71.1	5	0.0
01/29/2006 23:35	18.0	78.4	14.0	70.3	12.0	68.4	11.0	65.8	7.0	61.3	0.0	0.0	62.0	70.5	5	0.0
01/29/2006 23:40	19.0	79.3	13.0	70.2	12.0	68.3	11.0	65.7	7.0	61.2	0.0	0.0	62.0	70.8	5	0.0
01/29/2006 23:45	18.0	78.2	14.0	70.4	12.0	68.5	11.0	65.9	7.0	61.4	0.0	0.0	62.0	70.5	5	0.0
01/29/2006 23:50	19.0	78.8	13.0	70.5	12.0	68.6	11.0	66.0	7.0	61.5	0.0	0.0	62.0	70.9	5	0.0
01/29/2006 23:55	16.0	77.0	13.0	70.3	11.0	68.4	10.0	65.8	7.0	61.3	0.0	0.0	57.0	69.9	5	0.0
01/30/2006 00:00	17.0	76.5	23.0	71.5	20.0	69.5	19.0	66.8	12.0	62.3	0.0	0.0	91.0	69.8	5	0.0
01/30/2006 00:05	11.0	77.1	24.0	71.5	22.0	69.5	20.0	66.8	13.0	62.3	0.0	0.0	90.0	69.3	5	0.0
01/30/2006 00:10	15.0	77.7	23.0	71.5	20.0	69.5	19.0	66.8	12.0	62.3	0.0	0.0	89.0	69.9	5	0.0
01/30/2006 00:15	19.0	75.7	21.0	71.7	18.0	69.7	17.0	67.0	11.0	62.5	0.0	0.0	86.0	70.1	5	0.0
01/30/2006 00:20	15.0	76.4	21.0	71.4	19.0	69.4	17.0	66.7	11.0	62.2	0.0	0.0	83.0	69.7	5	0.0
01/30/2006 00:25	13.0	78.0	19.0	71.2	17.0	69.2	16.0	66.5	10.0	62.0	0.0	0.0	75.0	69.7	5	0.0
01/30/2006 00:30	12.0	77.2	19.0	70.9	17.0	69.0	15.0	66.3	10.0	61.8	0.0	0.0	73.0	69.3	5	0.0
01/30/2006 00:35	13.0	77.6	18.0	70.9	16.0	69.0	15.0	66.3	9.0	61.8	0.0	0.0	71.0	69.6	5	0.0
01/30/2006 00:40	11.0	76.2	18.0	71.0	16.0	69.1	14.0	66.4	9.0	61.9	0.0	0.0	68.0	69.3	5	0.0
01/30/2006 00:45	10.0	77.1	18.0	71.3	16.0	69.3	15.0	66.6	10.0	62.1	0.0	0.0	69.0	69.3	5	0.0
01/30/2006 00:50	13.0	77.5	17.0	71.0	15.0	69.1	14.0	66.4	9.0	61.9	0.0	0.0	68.0	69.7	5	0.0
01/30/2006 00:55	10.0	75.9	16.0	71.2	14.0	69.2	13.0	66.5	9.0	62.0	0.0	0.0	62.0	69.2	5	0.0
01/30/2006 01:00	10.0	75.6	16.0	70.9	14.0	69.0	13.0	66.3	9.0	61.8	0.0	0.0	62.0	69.0	5	0.0
01/30/2006 01:05	10.0	75.0	16.0	71.0	14.0	69.1	13.0	66.4	8.0	61.9	0.0	0.0	61.0	69.1	5	0.0
01/30/2006 01:10	8.0	77.2	16.0	71.0	14.0	69.1	13.0	66.4	9.0	61.9	0.0	0.0	60.0	69.1	5	0.0
01/30/2006 01:15	13.0	77.1	16.0	71.0	14.0	69.1	13.0	66.4	8.0	61.9	0.0	0.0	64.0	69.8	5	0.0
01/30/2006 01:20	4.0	76.8	15.0	70.7	13.0	68.8	12.0	66.2	8.0	61.7	0.0	0.0	52.0	68.3	5	0.0
01/30/2006 01:25	9.0	75.4	16.0	70.8	14.0	68.9	13.0	66.2	8.0	61.7	0.0	0.0	60.0	68.9	5	0.0
01/30/2006 01:30	5.0	76.4	14.0	70.9	13.0	69.0	12.0	66.3	8.0	61.8	0.0	0.0	52.0	68.5	5	0.0
01/30/2006 01:35	10.0	76.8	15.0	70.9	13.0	69.0	12.0	66.3	8.0	61.8	0.0	0.0	58.0	69.3	5	0.0
01/30/2006 01:40	9.0	77.7	14.0	70.8	13.0	68.9	12.0	66.2	8.0	61.7	0.0	0.0	56.0	69.2	5	0.0
01/30/2006 01:45	6.0	77.1	14.0	70.6	12.0	68.7	11.0	66.1	7.0	61.6	0.0	0.0	50.0	68.7	5	0.0
01/30/2006 01:50	6.0	76.8	14.0	70.9	13.0	69.0	12.0	66.3	8.0	61.8	0.0	0.0	53.0	68.7	5	0.0
01/30/2006 01:55	8.0	76.9	14.0	71.0	13.0	69.1	12.0	66.4	8.0	61.9	0.0	0.0	55.0	69.1	5	0.0
01/30/2006 02:00	5.0	76.7	14.0	70.9	13.0	69.0	12.0	66.3	7.0	61.8	0.0	0.0	51.0	68.7	5	0.0
01/30/2006 02:05	7.0	77.2	14.0	71.2	12.0	69.2	11.0	66.5	7.0	62.0	0.0	0.0	51.0	69.3	5	0.0
01/30/2006 02:10	10.0	77.3	15.0	71.0	13.0	69.1	12.0	66.4	8.0	61.9	0.0	0.0	58.0	69.5	5	0.0
01/30/2006 02:15	6.0	76.4	14.0	71.3	12.0	69.3	11.0	66.6	7.0	62.1	0.0	0.0	50.0	69.1	5	0.0
01/30/2006 02:20	8.0	76.1	14.0	70.9	12.0	69.0	11.0	66.3	7.0	61.8	0.0	0.0	52.0	69.1	5	0.0
01/30/2006 02:25	4.0	76.5	14.0	71.3	12.0	69.3	11.0	66.6	7.0	62.1	0.0	0.0	48.0	68.8	5	0.0
01/30/2006 02:30	7.0	76.5	14.0	71.0	13.0	69.1	12.0	66.4	8.0	61.9	0.0	0.0	54.0	68.9	5	0.0
01/30/2006 02:35	4.0	77.0	14.0	70.8	13.0	68.9	12.0	66.2	7.0	61.7	0.0	0.0	50.0	68.5	5	0.0
01/30/2006 02:40	5.0	77.4	14.0	71.0	12.0	69.1	11.0	66.4	7.0	61.9	0.0	0.0	49.0	68.9	5	0.0
01/30/2006 02:45	5.0	77.6	14.0	70.8	12.0	68.9	11.0	66.2	7.0	61.7	0.0	0.0	49.0	68.7	5	0.0
01/30/2006 02:50	5.0	77.7	13.0	71.0	11.0	69.1	10.0	66.4	7.0	61.9	0.0	0.0	46.0	68.9	5	0.0
01/30/2006 02:55	4.0	77.8	13.0	70.8	12.0	68.9	11.0	66.2	7.0	61.7	0.0	0.0	47.0	68.5	5	0.0
01/30/2006 03:00	8.0	77.6	12.0	70.9	11.0	69.0	10.0	66.3	6.0	61.8	0.0	0.0	47.0	69.5	5	0.0
01/30/2006 03:05	1.0	77.1	13.0	70.7	11.0	68.8	10.0	66.2	7.0	61.7	0.0	0.0	42.0	67.8	5	0.0
01/30/2006 03:10	6.0	75.6	12.0	70.2	11.0	68.3	10.0	65.7	6.0	61.2	0.0	0.0	45.0	68.3	5	0.0
01/30/2006 03:15	6.0	76.8	13.0	70.5	11.0	68.6	10.0	66.0	7.0	61.5	0.0	0.0	47.0	68.6	5	0.0
01/30/2006 03:20	9.0	76.6	13.0	70.2	11.0	68.3	10.0	65.7	7.0	61.2	0.0	0.0	50.0	68.8	5	0.0
01/30/2006 03:25	4.0	77.1	14.0	70.5	12.0	68.6	11.0	66.0	7.0	61.5	0.0	0.0	48.0	68.2	5	0.0
01/30/2006 03:30	1.0	77.1	13.0	70.5	12.0	68.6	11.0	66.0	7.0	61.5	0.0	0.0	44.0	67.6	5	0.0
01/30/2006 03:35	4.0	77.4	13.0	69.8	12.0	67.9	11.0	65.3	7.0	60.8	0.0	0.0	47.0	67.6	5	0.0
01/30/2006 03:40	7.0	77.8	14.0	70.2	12.0	68.3	11.0	65.7	7.0	61.2	0.0	0.0	51.0	68.6	5	0.0
01/30/2006 03:45	8.0	77.9	14.0	70.6	12.0	68.7	11.0	66.1	7.0	61.6	0.0	0.0	52.0	69.1	5	0.0
01/30/2006 03:50	10.0	78.6	14.0	70.5	13.0	68.6	12.0	66.0	7.0	61.5	0.0	0.0	56.0	69.4	5	0.0
01/30/2006 03:55	10.0	78.9	14.0	70.6	12.0	68.7	11.0	66.1	7.0	61.6	0.0	0.0	54.0	69.6	5	0.0
01/30/2006 04:00	10.0	79.1	14.0	70.3	12.0	68.4	11.0	65.8	7.0	61.3	0.0	0.0	54.0	69.4	5	0.0
01/30/2006 04:05	10.0	79.2	14.0	70.2	13.0	68.3	12.0	65.7	8.0	61.2	0.0	0.0	57.0	69.1	5	0.0
01/30/2006 04:10	10.0	79.3	14.0	70.6	12.0	68.7	11.0	66.1	7.0	61.6	0.0	0.0	54.0	69.7	5	0.0
01/30/2006 04:15	10.0	79.3	15.0	70.5	13.0	68.6	12.0	66.0	8.0	61.5	0.0	0.0	58.0	69.4	5	0.0
01/30/2006 04:20	10.0	79.3	15.0	70.1	13.0	68.2	12.0	65.6	8.0	61.1	0.0	0.0	58.0	69.1	5	0.0
01/30/2006 04:25	10.0	79.3	15.0	70.0	14.0	68.1	13.0	65.5	8.0	61.0	0.0	0.0	60.0	68.9	5	0.0
01/30/2006 04:30	10.0	79.3	14.0	69.6	13.0	67.7	12.0	65.1	8.0	60.7	0.0	0.0	57.0	68.7	5	0.0
01/30/2006 04:35	10.0	79.3	15.0	69.2	13.0	67.3	12.0	64.7	8.0	60.3	0.0	0.0	58.0	68.4	5	0.0
01/30/2006 04:40	10.0	79.3	16.0	69.0	14.0	67.1	13.0	64.5	8.0	60.1	0.0	0.0	61.0	68.1	5	0.0
01/30/2006 04:45	10.0	79.3	17.0	69.8	15.0	67.9	14.0	65.3	9.0	60.8	0.0	0.0	65.0	68.6	5	0.0
01/30/2006 04:50	10.0	79.3	18.0	69.9	16.0	68.0	14.0	65.4	9.0	60.9	0.0	0.0	67.0	68.7	5	0.0
01/30/2006 04:55	10.0	79.3	18.0	70.2	16.0	68.3	15.0	65.7	9.0	61.2	0.0	0.0	68.0	68.9	5	0.0
01/30/2006 05:00	10.0	79.3	19.0	69.5	16.0	67.6	15.0	65.0	10.0	60.6	0.0	0.0	70.0	68.2	5	0.0
01/30/2006 05:05	10.0	79.3	18.0	69.8	16.0	67.9	15.0	65.3	9.0	60.8	0.0	0.0	68.0	68.6	5	0.0
01/30/2006 05:10	10.0	79.3	20.0	69.8	18.0	67.9	17.0	65.3	11.0	60.8	0.0	0.0	76.0	68.3	5	0.0
01/30/2006 05:15	10.0	79.3	23.0	69.9	20.0	68.0	19.0	65.4	12.0	60.9	0.0	0.0	84.0	68.3	5	0.0
01/30/2006 05:20	10.0	79.3	22.0	70.1	20.0	68.2	18.0	65.6	12.0	61.1	0.0	0.0	82.0	68.5	5	0.0
01/30/2006 05:25	10.0	79.3	26.0	70.3	23.0	68.4	21.0	65.8	14.0	61.3	0.0	0.0	94.0	68.4	5	0.0
01/30/2006 05:30	10.0	79.3	28.0	70.1	24.0	68.2	23.0	65.6	15.0	61.1	0.0	0.0	100.0	68.2	5	0.0
01/30/2006 05:35	10.0	79.3	30.0	70.3	26.0	68.4	24.0	65.8	16.0	61.3	0.0	0.0	106.0	68.3	5	0.0
01/30/2006 05:40	10.0	79.3	35.0	70.0	31.0	68.1	29.0	65.5	19.0	61.0	0.0	0.0	124.0	67.8	5	0.0
01/30/2006 05:45	10.0	79.3	38.0	70.5	33.0	68.6	31.0	66.0	20.0	61.5	0.0	0.0	132.0	68.3	5	0.0
01/30/2006 05:50	10.0	79.3	37.0	70.3	32.0	68.4	30.0	65.8	19.0	61.3	0.0	0.0	128.0	68.1	5	0.0
01/30/2006 05:55	10.0	79.3	37.0	70.2	32.0	68.3	30.0	65.7	19.0	61.2	0.0	0.0	128.0	68.0	5	0.0
01/30/2006 06:00	10.0	77.9	34.0	69.7	30.0	67.8	28.0	65.2	18.0	60.8	0.0	0.0	120.0	67.5	5	0.0
01/30/2006 06:05	10.0	77.2	35.0	69.6	31.0	67.7	29.0	65.1	19.0	60.7	0.0	0.0	124.0	67.3	5	0.0
01/30/2006 06:10	10.0	76.9	41.0	69.7	36.0	67.8	33.0	65.2	21.0	60.8	0.0	0.0	141.0	67.3	5	0.0
01/30/2006 06:15	10.0	76.7	43.0	69.0	38.0	67.1	35.0	64.5	22.0	60.1	0.0	0.0	148.0	66.6	5	0.0
01/30/2006 06:20	10.0	76.6	43.0	68.6	38.0	66.7	35.0	64.1	23.0	59.8	0.0	0.0	149.0	66.2	5	0.0
01/30/2006 06:25	10.0	76.6	46.0	68.5	40.0	66.6	37.0	64.0	24.0	59.7	0.0	0.0	157.0	66.1	5	0.0
01/30/2006 06:30	10.0	76.6	47.0	68.2	42.0	66.4	39.0	63.8	25.0	59.5	0.0	0.0	163.0	65.9	5	0.0
01/30/2006 06:35	10.0	76.6	51.0	68.8	45.0	66.9	41.0	64.3	27.0	59.9	0.0	0.0	174.0	66.3	5	0.0
01/30/2006 06:40	10.0	76.6	56.0	69.0	50.0	67.1	46.0	64.5	30.0	60.1	0.0	0.0	192.0	66.4	5	0.0
01/30/2006 06:45	10.0	76.6	63.0	68.7	56.0	66.8	52.0	64.2	33.0	59.8	0.0	0.0	214.0	66.1	5	0.0
01/30/2006 06:50	10.0	76.6	62.0	68.8	55.0	66.9	51.0	64.3	33.0	59.9	0.0	0.0	211.0	66.2	5	0.0
01/30/2006 06:55	10.0	76.6	58.0	69.1	52.0	67.2	48.0	64.6	31.0	60.2	0.0	0.0	199.0	66.5	5	0.0
01/30/2006 07:00	10.0	76.6	55.0	68.0	48.0	66.2	45.0	63.6	29.0	59.3	0.0	0.0	187.0	65.6	5	0.0
01/30/2006 07:05	10.0	76.6	56.0	67.9	50.0	66.1	46.0	63.5	30.0	59.2	0.0	0.0	192.0	65.5	5	0.0
01/30/2006 07:10	10.0	76.6	60.0	67.6	53.0	65.8	49.0	63.2	32.0	58.9	0.0	0.0	204.0	65.2	5	0.0
01/30/2006 07:15	10.0	76.6	63.0	67.8	56.0	66.0	52.0	63.4	33.0	59.1	0.0	0.0	214.0	65.3	5	0.0
01/30/2006 07:20	10.0	76.6	69.0	68.1	61.0	66.3	56.0	63.7	36.0	59.4	0.0	0.0	232.0	65.6	5	0.0
01/30/2006 07:25	10.0	76.6	68.0	67.5	60.0	65.7	55.0	63.1	36.0	58.9	0.0	0.0	229.0	65.0	5	0.0
01/30/2006 07:30	10.0	76.6	68.0	67.5	60.0	65.7	56.0	63.1	36.0	58.9	0.0	0.0	230.0	65.0	5	0.0
01/30/2006 07:35	10.0	76.6	68.0	68.1	60.0	66.3	55.0	63.7	36.0	59.4	0.0	0.0	229.0	65.6	5	0.0
01/30/2006 07:40	10.0	76.6	74.0	67.9	65.0	66.1	60.0	63.5	39.0	59.2	0.0	0.0	248.0	65.4	5	0.0
01/30/2006 07:45	10.0	76.6	75.0	68.1	67.0	66.3	62.0	63.7	40.0	59.4	0.0	0.0	254.0	65.5	5	0.0
01/30/2006 07:50	10.0	76.6	78.0	67.9	69.0	66.1	64.0	63.5	41.0	59.2	0.0	0.0	262.0	65.3	5	0.0
01/30/2006 07:55	10.0	76.6	75.0	67.7	66.0	65.9	61.0	63.3	39.0	59.0	0.0	0.0	251.0	65.2	5	0.0
01/30/2006 08:00	10.0	76.6	73.0	67.9	65.0	66.1	60.0	63.5	39.0	59.2	0.0	0.0	247.0	65.4	5	0.0
01/30/2006 08:05	10.0	76.6	70.0	67.1	62.0	65.3	57.0	62.8	37.0	58.5	0.0	0.0	236.0	64.6	5	0.0
01/30/2006 08:10	10.0	76.6	73.0	66.8	64.0	65.0	60.0	62.5	38.0	58.2	0.0	0.0	245.0	64.3	5	0.0
01/30/2006 08:15	10.0	76.6	73.0	66.6	64.0	64.8	60.0	62.3	38.0	58.0	0.0	0.0	245.0	64.1	5	0.0
01/30/2006 08:20	10.0	76.6	70.0	66.6	62.0	64.8	57.0	62.3	37.0	58.0	0.0	0.0	236.0	64.2	5	0.0
01/30/2006 08:25	10.0	76.6	74.0	66.3	66.0	64.5	61.0	62.0	39.0	57.8	0.0	0.0	250.0	63.8	5	0.0
01/30/2006 08:30	10.0	76.6	70.0	66.1	62.0	64.3	57.0	61.8	37.0	57.6	0.0	0.0	236.0	63.7	5	0.0
01/30/2006 08:35	10.0	76.6	72.0	66.7	64.0	64.9	59.0	62.4	38.0	58.1	0.0	0.0	243.0	64.2	5	0.0
01/30/2006 08:40	10.0	76.6	70.0	65.5	62.0	63.8	57.0	61.3	37.0	57.1	0.0	0.0	236.0	63.2	5	0.0
01/30/2006 08:45	10.0	76.6	73.0	66.2	65.0	64.4	60.0	61.9	38.0	57.7	0.0	0.0	246.0	63.8	5	0.0
01/30/2006 08:50	10.0	76.6	74.0	66.1	66.0	64.3	61.0	61.8	39.0	57.6	0.0	0.0	250.0	63.6	5	0.0
01/30/2006 08:55	10.0	76.6	73.0	66.1	64.0	64.3	60.0	61.8	38.0	57.6	0.0	0.0	245.0	63.7	5	0.0
01/30/2006 09:00	10.0	76.6	70.0	66.5	62.0	64.7	57.0	62.2	37.0	57.9	0.0	0.0	236.0	64.1	5	0.0
01/30/2006 09:05	10.0	76.6	74.0	66.4	66.0	64.6	61.0	62.1	39.0	57.9	0.0	0.0	250.0	63.9	5	0.0
01/30/2006 09:10	10.0	76.6	68.0	66.8	60.0	65.0	56.0	62.5	36.0	58.2	0.0	0.0	230.0	64.4	5	0.0
01/30/2006 09:15	10.0	76.6	71.0	66.7	63.0	64.9	58.0	62.4	37.0	58.1	0.0	0.0	239.0	64.3	5	0.0
01/30/2006 09:20	10.0	76.6	72.0	66.7	64.0	64.9	59.0	62.4	38.0	58.1	0.0	0.0	243.0	64.2	5	0.0
01/30/2006 09:25	10.0	76.6	72.0	66.5	64.0	64.7	59.0	62.2	38.0	57.9	0.0	0.0	243.0	64.0	5	0.0
01/30/2006 09:30	10.0	76.6	68.0	66.5	60.0	64.7	56.0	62.2	36.0	57.9	0.0	0.0	230.0	64.1	5	0.0
01/30/2006 09:35	10.0	76.6	74.0	66.4	65.0	64.6	60.0	62.1	39.0	57.9	0.0	0.0	248.0	63.9	5	0.0
01/30/2006 09:40	10.0	76.6	71.0	66.3	63.0	64.5	58.0	62.0	38.0	57.8	0.0	0.0	240.0	63.8	5	0.0
01/30/2006 09:45	10.0	76.6	75.0	66.3	67.0	64.5	62.0	62.0	40.0	57.8	0.0	0.0	254.0	63.8	5	0.0
01/30/2006 09:50	10.0	76.6	73.0	65.9	64.0	64.1	59.0	61.6	38.0	57.4	0.0	0.0	244.0	63.5	5	0.0
01/30/2006 09:55	10.0	76.6	77.0	66.0	68.0	64.2	63.0	61.7	41.0	57.5	0.0	0.0	259.0	63.5	5	0.0
01/30/2006 10:00	10.0	76.6	71.0	66.8	63.0	65.0	58.0	62.5	38.0	58.2	0.0	0.0	240.0	64.3	5	0.0
01/30/2006 10:05	10.0	76.6	70.0	66.3	62.0	64.5	58.0	62.0	37.0	57.8	0.0	0.0	237.0	63.9	5	0.0
01/30/2006 10:10	10.0	76.6	70.0	65.6	62.0	63.9	57.0	61.4	37.0	57.2	0.0	0.0	236.0	63.3	5	0.0
01/30/2006 10:15	10.0	76.6	72.0	66.1	64.0	64.3	59.0	61.8	38.0	57.6	0.0	0.0	243.0	63.7	5	0.0
01/30/2006 10:20	10.0	76.6	71.0	66.0	63.0	64.2	58.0	61.7	37.0	57.5	0.0	0.0	239.0	63.6	5	0.0
01/30/2006 10:25	10.0	76.6	71.0	65.6	63.0	63.9	58.0	61.4	38.0	57.2	0.0	0.0	240.0	63.3	5	0.0
01/30/2006 10:30	10.0	76.6	71.0	65.3	63.0	63.6	58.0	61.1	37.0	56.9	0.0	0.0	239.0	63.0	5	0.0
01/30/2006 10:35	10.0	76.6	73.0	66.1	64.0	64.3	60.0	61.8	38.0	57.6	0.0	0.0	245.0	63.7	5	0.0
01/30/2006 10:40	10.0	76.6	74.0	66.3	65.0	64.5	61.0	62.0	39.0	57.8	0.0	0.0	249.0	63.8	5	0.0
01/30/2006 10:45	10.0	76.6	75.0	66.3	67.0	64.5	62.0	62.0	40.0	57.8	0.0	0.0	254.0	63.8	5	0.0
01/30/2006 10:50	10.0	76.6	72.0	65.1	63.0	63.4	59.0	60.9	38.0	56.8	0.0	0.0	242.0	62.8	5	0.0
01/30/2006 10:55	10.0	76.6	76.0	66.0	67.0	64.2	62.0	61.7	40.0	57.5	0.0	0.0	255.0	63.5	5	0.0
01/30/2006 11:00	10.0	76.6	74.0	65.2	65.0	63.5	60.0	61.0	39.0	56.9	0.0	0.0	248.0	62.9	5	0.0
01/30/2006 11:05	10.0	76.6	69.0	64.8	61.0	63.1	57.0	60.6	37.0	56.5	0.0	0.0	234.0	62.5	5	0.0
01/30/2006 11:10	10.0	76.6	73.0	65.0	64.0	63.3	59.0	60.8	38.0	56.7	0.0	0.0	244.0	62.7	5	0.0
01/30/2006 11:15	10.0	76.6	80.0	64.1	70.0	62.4	65.0	59.9	42.0	55.9	0.0	0.0	267.0	61.8	5	0.0
01/30/2006 11:20	10.0	76.6	77.0	64.1	68.0	62.4	63.0	59.9	41.0	55.9	0.0	0.0	259.0	61.8	5	0.0
01/30/2006 11:25	10.0	76.6	77.0	64.1	68.0	62.4	63.0	59.9	40.0	55.9	0.0	0.0	258.0	61.8	5	0.0
01/30/2006 11:30	10.0	76.6	76.0	64.6	68.0	62.9	63.0	60.4	40.0	56.3	0.0	0.0	257.0	62.3	5	0.0
01/30/2006 11:35	10.0	76.6	77.0	65.1	68.0	63.4	63.0	60.9	40.0	56.8	0.0	0.0	258.0	62.8	5	0.0
01/30/2006 11:40	10.0	76.6	77.0	65.1	68.0	63.4	63.0	60.9	41.0	56.8	0.0	0.0	259.0	62.8	5	0.0
01/30/2006 11:45	10.0	76.6	82.0	63.6	72.0	61.9	67.0	59.4	43.0	55.4	0.0	0.0	274.0	61.3	5	0.0
01/30/2006 11:50	10.0	76.6	86.0	64.2	76.0	62.5	71.0	60.0	45.0	56.0	0.0	0.0	288.0	61.9	5	0.0
01/30/2006 11:55	10.0	76.6	80.0	63.8	71.0	62.1	65.0	59.6	42.0	55.6	0.0	0.0	268.0	61.5	5	0.0
01/30/2006 12:00	10.0	76.6	83.0	64.6	73.0	62.9	68.0	60.4	44.0	56.3	0.0	0.0	278.0	62.2	5	0.0
01/30/2006 12:05	10.0	76.6	84.0	64.3	74.0	62.6	69.0	60.1	44.0	56.0	0.0	0.0	281.0	62.0	5	0.0
01/30/2006 12:10	10.0	76.6	83.0	63.5	74.0	61.8	68.0	59.4	44.0	55.3	0.0	0.0	279.0	61.2	5	0.0
01/30/2006 12:15	10.0	76.6	81.0	63.8	72.0	62.1	67.0	59.6	43.0	55.6	0.0	0.0	273.0	61.5	5	0.0
01/30/2006 12:20	10.0	76.6	82.0	63.9	72.0	62.2	67.0	59.7	43.0	55.7	0.0	0.0	274.0	61.6	5	0.0
01/30/2006 12:25	10.0	76.6	80.0	64.2	71.0	62.5	66.0	60.0	42.0	56.0	0.0	0.0	269.0	61.9	5	0.0
01/30/2006 12:30	10.0	76.6	82.0	64.1	73.0	62.4	68.0	59.9	43.0	55.9	0.0	0.0	276.0	61.8	5	0.0
01/30/2006 12:35	10.0	76.6	81.0	63.4	71.0	61.7	66.0	59.3	43.0	55.2	0.0	0.0	271.0	61.1	5	0.0
01/30/2006 12:40	10.0	76.6	84.0	63.6	74.0	61.9	69.0	59.4	44.0	55.4	0.0	0.0	281.0	61.3	5	0.0
01/30/2006 12:45	10.0	76.6	84.0	63.5	74.0	61.8	69.0	59.4	44.0	55.3	0.0	0.0	281.0	61.2	5	0.0
01/30/2006 12:50	10.0	76.6	85.0	64.4	75.0	62.7	70.0	60.2	45.0	56.1	0.0	0.0	285.0	62.0	5	0.0
01/30/2006 12:55	10.0	76.6	81.0	63.8	71.0	62.1	66.0	59.6	43.0	55.6	0.0	0.0	271.0	61.5	5	0.0
01/30/2006 13:00	10.0	76.6	78.0	64.2	69.0	62.5	64.0	60.0	41.0	56.0	0.0	0.0	262.0	61.9	5	0.0
01/30/2006 13:05	10.0	76.6	76.0	63.8	67.0	62.1	62.0	59.6	40.0	55.6	0.0	0.0	255.0	61.5	5	0.0
01/30/2006 13:10	10.0	76.6	81.0	63.7	71.0	62.0	66.0	59.5	43.0	55.5	0.0	0.0	271.0	61.4	5	0.0
01/30/2006 13:15	10.0	76.6	79.0	63.4	70.0	61.7	65.0	59.3	42.0	55.2	0.0	0.0	266.0	61.1	5	0.0
01/30/2006 13:20	10.0	76.6	83.0	64.1	73.0	62.4	68.0	59.9	44.0	55.9	0.0	0.0	278.0	61.8	5	0.0
01/30/2006 13:25	10.0	76.6	84.0	64.2	74.0	62.5	69.0	60.0	44.0	56.0	0.0	0.0	281.0	61.9	5	0.0
01/30/2006 13:30	10.0	76.6	79.0	64.1	70.0	62.4	65.0	59.9	42.0	55.9	0.0	0.0	266.0	61.8	5	0.0
01/30/2006 13:35	10.0	76.6	79.0	64.8	70.0	63.1	65.0	60.6	42.0	56.5	0.0	0.0	266.0	62.5	5	0.0
01/30/2006 13:40	10.0	76.6	86.0	64.9	76.0	63.2	71.0	60.7	45.0	56.6	0.0	0.0	288.0	62.5	5	0.0
01/30/2006 13:45	10.0	76.6	88.0	64.9	78.0	63.2	72.0	60.7	46.0	56.6	0.0	0.0	294.0	62.5	5	0.0
01/30/2006 13:50	10.0	76.6	88.0	64.2	78.0	62.5	72.0	60.0	46.0	56.0	0.0	0.0	294.0	61.8	5	0.0
01/30/2006 13:55	10.0	76.6	86.0	64.8	76.0	63.1	70.0	60.6	45.0	56.5	0.0	0.0	287.0	62.4	5	0.0
01/30/2006 14:00	10.0	76.6	81.0	64.7	72.0	63.0	66.0	60.5	43.0	56.4	0.0	0.0	272.0	62.4	5	0.0
01/30/2006 14:05	10.0	76.6	84.0	65.2	74.0	63.5	69.0	61.0	44.0	56.9	0.0	0.0	281.0	62.8	5	0.0
01/30/2006 14:10	10.0	76.6	88.0	64.2	78.0	62.5	72.0	60.0	46.0	56.0	0.0	0.0	294.0	61.8	5	0.0
01/30/2006 14:15	10.0	76.6	91.0	64.3	80.0	62.6	74.0	60.1	48.0	56.0	0.0	0.0	303.0	61.9	5	0.0
01/30/2006 14:20	10.0	76.6	90.0	64.4	79.0	62.7	74.0	60.2	47.0	56.1	0.0	0.0	300.0	62.0	5	0.0
01/30/2006 14:25	10.0	76.6	93.0	64.7	82.0	63.0	76.0	60.5	49.0	56.4	0.0	0.0	310.0	62.3	5	0.0
01/30/2006 14:30	10.0	76.6	94.0	64.6	83.0	62.9	77.0	60.4	49.0	56.3	0.0	0.0	313.0	62.2	5	0.0
01/30/2006 14:35	10.0	76.6	101.0	64.2	89.0	62.5	82.0	60.0	53.0	56.0	0.0	0.0	335.0	61.8	5	0.0
01/30/2006 14:40	10.0	76.6	99.0	63.6	88.0	61.9	81.0	59.4	52.0	55.4	0.0	0.0	330.0	61.2	5	0.0
01/30/2006 14:45	10.0	76.6	101.0	63.4	89.0	61.7	83.0	59.3	53.0	55.2	0.0	0.0	336.0	61.0	5	0.0
01/30/2006 14:50	10.0	76.6	101.0	63.2	89.0	61.5	83.0	59.1	53.0	55.0	0.0	0.0	336.0	60.8	5	0.0
01/30/2006 14:55	10.0	76.6	92.0	63.3	81.0	61.6	75.0	59.2	48.0	55.1	0.0	0.0	306.0	61.0	5	0.0
01/30/2006 15:00	10.0	76.6	86.0	63.5	76.0	61.8	71.0	59.4	45.0	55.3	0.0	0.0	288.0	61.2	5	0.0
01/30/2006 15:05	10.0	76.6	94.0	63.9	83.0	62.2	77.0	59.7	49.0	55.7	0.0	0.0	313.0	61.5	5	0.0
01/30/2006 15:10	10.0	76.6	104.0	63.5	92.0	61.8	86.0	59.4	55.0	55.3	0.0	0.0	347.0	61.1	5	0.0
01/30/2006 15:15	10.0	76.6	96.0	63.4	85.0	61.7	79.0	59.3	51.0	55.2	0.0	0.0	321.0	61.0	5	0.0
01/30/2006 15:20	10.0	76.6	94.0	63.2	83.0	61.5	77.0	59.1	50.0	55.0	0.0	0.0	314.0	60.8	5	0.0
01/30/2006 15:25	10.0	76.6	96.0	62.2	85.0	60.5	79.0	58.2	51.0	54.2	0.0	0.0	321.0	60.0	5	0.0
01/30/2006 15:30	10.0	76.6	94.0	62.6	83.0	60.9	77.0	58.6	50.0	54.6	0.0	0.0	314.0	60.4	5	0.0
01/30/2006 15:35	10.0	76.6	98.0	63.0	87.0	61.3	81.0	59.0	52.0	55.0	0.0	0.0	328.0	60.7	5	0.0
01/30/2006 15:40	10.0	76.6	101.0	60.3	89.0	58.7	82.0	56.4	53.0	52.6	0.0	0.0	335.0	58.2	5	0.0
01/30/2006 15:45	10.0	76.6	99.0	57.9	88.0	56.3	81.0	54.1	52.0	50.4	0.0	0.0	330.0	55.9	5	0.0
01/30/2006 15:50	10.0	76.6	98.0	55.8	87.0	54.3	81.0	52.2	52.0	48.6	0.0	0.0	328.0	54.0	5	0.0
01/30/2006 15:55	10.0	76.6	97.0	54.9	86.0	53.5	80.0	51.4	51.0	47.9	0.0	0.0	324.0	53.2	5	0.0
01/30/2006 16:00	10.0	76.6	97.0	57.0	86.0	55.5	80.0	53.3	51.0	49.7	0.0	0.0	324.0	55.2	5	0.0
01/30/2006 16:05	10.0	76.6	95.0	58.0	84.0	56.4	78.0	54.2	50.0	50.5	0.0	0.0	317.0	56.0	5	0.0
01/30/2006 16:10	10.0	76.6	94.0	57.2	83.0	55.7	77.0	53.5	50.0	49.9	0.0	0.0	314.0	55.4	5	0.0
01/30/2006 16:15	10.0	76.6	97.0	57.6	86.0	56.1	80.0	53.9	51.0	50.2	0.0	0.0	324.0	55.7	5	0.0
01/30/2006 16:20	10.0	76.6	97.0	58.7	86.0	57.1	80.0	54.9	51.0	51.2	0.0	0.0	324.0	56.7	5	0.0
01/30/2006 16:25	10.0	76.6	96.0	59.2	85.0	57.6	78.0	55.4	50.0	51.6	0.0	0.0	319.0	57.2	5	0.0
01/30/2006 16:30	10.0	76.6	96.0	60.0	85.0	58.4	79.0	56.1	51.0	52.3	0.0	0.0	321.0	57.9	5	0.0
01/30/2006 16:35	10.0	76.6	98.0	60.3	86.0	58.7	80.0	56.4	51.0	52.6	0.0	0.0	325.0	58.2	5	0.0
01/30/2006 16:40	10.0	76.6	94.0	58.5	83.0	56.9	77.0	54.7	50.0	51.0	0.0	0.0	314.0	56.5	5	0.0
01/30/2006 16:45	10.0	76.6	92.0	53.8	81.0	52.4	75.0	50.3	48.0	46.9	0.0	0.0	306.0	52.2	5	0.0
01/30/2006 16:50	10.0	76.6	92.0	51.4	81.0	50.0	75.0	48.1	48.0	44.8	0.0	0.0	306.0	50.0	5	0.0
01/30/2006 16:55	10.0	76.6	89.0	48.4	79.0	47.1	73.0	45.3	47.0	42.2	0.0	0.0	298.0	47.3	5	0.0
01/30/2006 17:00	10.0	76.6	89.0	51.3	78.0	49.9	73.0	48.0	47.0	44.7	0.0	0.0	297.0	49.9	5	0.0
01/30/2006 17:05	10.0	76.6	94.0	54.0	83.0	52.6	77.0	50.5	50.0	47.1	0.0	0.0	314.0	52.4	5	0.0
01/30/2006 17:10	10.0	76.6	94.0	52.8	83.0	51.3	77.0	49.3	49.0	46.0	0.0	0.0	313.0	51.2	5	0.0
01/30/2006 17:15	10.0	76.6	98.0	49.0	86.0	47.7	80.0	45.9	52.0	42.7	0.0	0.0	326.0	47.7	5	0.0
01/30/2006 17:20	10.0	76.6	94.0	49.4	83.0	48.1	77.0	46.2	49.0	43.1	0.0	0.0	313.0	48.2	5	0.0
01/30/2006 17:25	10.0	76.6	96.0	41.5	85.0	40.4	79.0	38.9	51.0	36.2	0.0	0.0	321.0	40.8	5	0.0
01/30/2006 17:30	10.0	76.6	89.0	44.4	79.0	43.2	73.0	41.5	47.0	38.7	0.0	0.0	298.0	43.5	5	0.0
01/30/2006 17:35	10.0	76.6	89.0	39.5	79.0	38.4	73.0	36.9	47.0	34.4	0.0	0.0	298.0	39.0	5	0.0
01/30/2006 17:40	10.0	76.6	86.0	40.9	76.0	39.8	71.0	38.3	45.0	35.7	0.0	0.0	288.0	40.4	5	0.0
01/30/2006 17:45	10.0	76.6	87.0	39.3	77.0	38.2	71.0	36.7	46.0	34.2	0.0	0.0	291.0	38.8	5	0.0
01/30/2006 17:50	10.0	76.6	89.0	45.2	79.0	44.0	73.0	42.3	47.0	39.4	0.0	0.0	298.0	44.3	5	0.0
01/30/2006 17:55	10.0	76.6	84.0	51.0	74.0	49.6	69.0	47.7	44.0	44.5	0.0	0.0	281.0	49.7	5	0.0
01/30/2006 18:00	10.0	76.6	86.0	54.1	76.0	52.7	70.0	50.6	45.0	47.2	0.0	0.0	287.0	52.6	5	0.0
01/30/2006 18:05	10.0	76.6	84.0	56.4	74.0	54.9	69.0	52.7	44.0	49.2	0.0	0.0	281.0	54.7	5	0.0
01/30/2006 18:10	10.0	76.6	91.0	58.0	81.0	56.4	75.0	54.2	48.0	50.5	0.0	0.0	305.0	56.1	5	0.0
01/30/2006 18:15	10.0	76.6	91.0	58.1	81.0	56.5	75.0	54.3	48.0	50.6	0.0	0.0	305.0	56.2	5	0.0
01/30/2006 18:20	22.0	69.5	92.0	58.8	81.0	57.2	75.0	55.0	48.0	51.2	0.0	0.0	318.0	57.1	5	0.0
01/30/2006 18:25	36.0	58.6	90.0	60.7	80.0	59.0	74.0	56.7	48.0	52.9	0.0	0.0	328.0	58.0	5	0.0
01/30/2006 18:30	43.0	52.8	91.0	61.4	80.0	59.7	74.0	57.4	48.0	53.5	0.0	0.0	336.0	57.9	5	0.0
01/30/2006 18:35	41.0	50.2	89.0	63.0	79.0	61.3	73.0	59.0	47.0	55.0	0.0	0.0	329.0	59.0	5	0.0
01/30/2006 18:40	42.0	48.1	92.0	64.2	81.0	62.5	75.0	60.0	48.0	56.0	0.0	0.0	338.0	59.7	5	0.0
01/30/2006 18:45	42.0	48.0	88.0	63.8	78.0	62.1	72.0	59.6	47.0	55.6	0.0	0.0	327.0	59.3	5	0.0
01/30/2006 18:50	39.0	48.5	88.0	63.9	77.0	62.2	72.0	59.7	46.0	55.7	0.0	0.0	322.0	59.5	5	0.0
01/30/2006 18:55	34.0	47.2	81.0	65.4	72.0	63.7	67.0	61.2	43.0	57.0	0.0	0.0	297.0	60.8	5	0.0
01/30/2006 19:00	34.0	48.8	83.0	66.5	74.0	64.7	68.0	62.2	44.0	57.9	0.0	0.0	303.0	61.9	5	0.0
01/30/2006 19:05	39.0	47.7	80.0	66.7	71.0	64.9	65.0	62.4	42.0	58.1	0.0	0.0	297.0	61.6	5	0.0
01/30/2006 19:10	40.0	48.6	81.0	66.8	72.0	65.0	67.0	62.5	43.0	58.2	0.0	0.0	303.0	61.8	5	0.0
01/30/2006 19:15	31.0	49.9	83.0	66.9	74.0	65.1	68.0	62.6	44.0	58.3	0.0	0.0	300.0	62.5	5	0.0
01/30/2006 19:20	39.0	49.4	79.0	67.4	70.0	65.6	65.0	63.0	42.0	58.8	0.0	0.0	295.0	62.4	5	0.0
01/30/2006 19:25	34.0	47.2	73.0	67.9	65.0	66.1	60.0	63.5	39.0	59.2	0.0	0.0	271.0	62.7	5	0.0
01/30/2006 19:30	32.0	49.4	79.0	68.7	70.0	66.8	65.0	64.2	42.0	59.8	0.0	0.0	288.0	63.8	5	0.0
01/30/2006 19:35	21.0	52.1	70.0	69.4	62.0	67.5	57.0	64.9	37.0	60.5	0.0	0.0	247.0	65.1	5	0.0
01/30/2006 19:40	32.0	51.9	67.0	69.6	59.0	67.7	55.0	65.1	35.0	60.7	0.0	0.0	248.0	64.6	5	0.0
01/30/2006 19:45	29.0	53.1	66.0	69.9	58.0	68.0	54.0	65.4	35.0	60.9	0.0	0.0	242.0	65.1	5	0.0
01/30/2006 19:50	28.0	53.5	69.0	69.9	61.0	68.0	56.0	65.4	36.0	60.9	0.0	0.0	250.0	65.3	5	0.0
01/30/2006 19:55	30.0	52.1	64.0	70.3	56.0	68.4	52.0	65.8	34.0	61.3	0.0	0.0	236.0	65.3	5	0.0
01/30/2006 20:00	35.0	54.2	65.0	70.4	58.0	68.5	54.0	65.9	34.0	61.4	0.0	0.0	246.0	65.4	5	0.0
01/30/2006 20:05	34.0	52.8	63.0	70.5	56.0	68.6	52.0	66.0	33.0	61.5	0.0	0.0	238.0	65.3	5	0.0
01/30/2006 20:10	23.0	52.9	61.0	70.5	53.0	68.6	50.0	66.0	32.0	61.5	0.0	0.0	219.0	65.9	5	0.0
01/30/2006 20:15	27.0	50.0	62.0	70.9	55.0	69.0	51.0	66.3	33.0	61.8	0.0	0.0	228.0	65.7	5	0.0
01/30/2006 20:20	15.0	61.7	61.0	70.3	54.0	68.4	50.0	65.8	32.0	61.3	0.0	0.0	212.0	66.8	5	0.0
01/30/2006 20:25	10.0	69.1	57.0	70.1	50.0	68.2	47.0	65.6	30.0	61.1	0.0	0.0	194.0	67.1	5	0.0
01/30/2006 20:30	29.0	60.4	56.0	70.1	50.0	68.2	46.0	65.6	30.0	61.1	0.0	0.0	211.0	66.1	5	0.0
01/30/2006 20:35	25.0	56.8	57.0	70.8	51.0	68.9	47.0	66.2	30.0	61.7	0.0	0.0	210.0	66.4	5	0.0
01/30/2006 20:40	28.0	56.1	56.0	70.2	50.0	68.3	46.0	65.7	30.0	61.2	0.0	0.0	210.0	65.6	5	0.0
01/30/2006 20:45	30.0	54.7	55.0	70.3	49.0	68.4	45.0	65.8	29.0	61.3	0.0	0.0	208.0	65.4	5	0.0
01/30/2006 20:50	28.0	56.7	51.0	70.2	45.0	68.3	42.0	65.7	27.0	61.2	0.0	0.0	193.0	65.6	5	0.0
01/30/2006 20:55	32.0	54.2	52.0	70.3	46.0	68.4	42.0	65.8	27.0	61.3	0.0	0.0	199.0	65.1	5	0.0
01/30/2006 21:00	23.0	59.0	49.0	70.4	43.0	68.5	40.0	65.9	26.0	61.4	0.0	0.0	181.0	66.2	5	0.0
01/30/2006 21:05	28.0	63.7	50.0	70.9	44.0	69.0	41.0	66.3	26.0	61.8	0.0	0.0	189.0	67.2	5	0.0
01/30/2006 21:10	29.0	68.8	55.0	70.7	48.0	68.8	45.0	66.2	29.0	61.7	0.0	0.0	206.0	67.7	5	0.0
01/30/2006 21:15	21.0	71.3	55.0	71.5	49.0	69.5	45.0	66.8	29.0	62.3	0.0	0.0	199.0	68.6	5	0.0
01/30/2006 21:20	28.0	76.5	52.0	71.0	46.0	69.1	43.0	66.4	28.0	61.9	0.0	0.0	197.0	69.1	5	0.0
01/30/2006 21:25	23.0	75.2	52.0	71.5	46.0	69.5	43.0	66.8	27.0	62.3	0.0	0.0	191.0	69.1	5	0.0
01/30/2006 21:30	31.0	76.9	52.0	70.9	46.0	69.0	43.0	66.3	28.0	61.8	0.0	0.0	200.0	69.2	5	0.0
01/30/2006 21:35	26.0	74.9	51.0	71.4	45.0	69.4	41.0	66.7	27.0	62.2	0.0	0.0	190.0	69.1	5	0.0
01/30/2006 21:40	24.0	74.9	51.0	71.0	45.0	69.1	42.0	66.4	27.0	61.9	0.0	0.0	189.0	68.8	5	0.0
01/30/2006 21:45	26.0	70.7	47.0	71.3	42.0	69.3	39.0	66.6	25.0	62.1	0.0	0.0	179.0	68.4	5	0.0
01/30/2006 21:50	25.0	73.2	44.0	70.8	39.0	68.9	36.0	66.2	23.0	61.7	0.0	0.0	167.0	68.5	5	0.0
01/30/2006 21:55	29.0	71.2	43.0	70.8	38.0	68.9	35.0	66.2	22.0	61.7	0.0	0.0	167.0	68.3	5	0.0
01/30/2006 22:00	27.0	71.9	43.0	71.2	38.0	69.2	35.0	66.5	22.0	62.0	0.0	0.0	165.0	68.6	5	0.0
01/30/2006 22:05	27.0	77.6	45.0	71.0	39.0	69.1	37.0	66.4	23.0	61.9	0.0	0.0	171.0	69.4	5	0.0
01/30/2006 22:10	28.0	74.7	43.0	70.6	38.0	68.7	35.0	66.1	22.0	61.6	0.0	0.0	166.0	68.7	5	0.0
01/30/2006 22:15	23.0	76.4	44.0	70.8	39.0	68.9	36.0	66.2	23.0	61.7	0.0	0.0	165.0	68.9	5	0.0
01/30/2006 22:20	22.0	75.9	41.0	71.3	36.0	69.3	34.0	66.6	22.0	62.1	0.0	0.0	155.0	69.2	5	0.0
01/30/2006 22:25	27.0	76.0	38.0	70.9	33.0	69.0	31.0	66.3	20.0	61.8	0.0	0.0	149.0	69.3	5	0.0
01/30/2006 22:30	22.0	75.7	39.0	71.6	35.0	69.6	32.0	66.9	21.0	62.4	0.0	0.0	149.0	69.4	5	0.0
01/30/2006 22:35	24.0	73.7	40.0	71.2	35.0	69.2	33.0	66.5	21.0	62.0	0.0	0.0	153.0	68.9	5	0.0
01/30/2006 22:40	21.0	78.3	35.0	70.9	31.0	69.0	29.0	66.3	18.0	61.8	0.0	0.0	134.0	69.4	5	0.0
01/30/2006 22:45	18.0	77.8	37.0	70.7	33.0	68.8	30.0	66.2	19.0	61.7	0.0	0.0	137.0	68.9	5	0.0
01/30/2006 22:50	16.0	78.2	36.0	71.4	32.0	69.4	29.0	66.7	19.0	62.2	0.0	0.0	132.0	69.4	5	0.0
01/30/2006 22:55	21.0	79.0	33.0	71.0	29.0	69.1	27.0	66.4	17.0	61.9	0.0	0.0	127.0	69.7	5	0.0
01/30/2006 23:00	25.0	80.1	32.0	70.9	28.0	69.0	26.0	66.3	17.0	61.8	0.0	0.0	128.0	70.2	5	0.0
01/30/2006 23:05	11.0	67.1	34.0	71.2	30.0	69.2	28.0	66.5	18.0	62.0	0.0	0.0	121.0	67.9	5	0.0
01/30/2006 23:10	16.0	67.0	35.0	71.4	31.0	69.4	29.0	66.7	19.0	62.2	0.0	0.0	130.0	68.0	5	0.0
01/30/2006 23:15	20.0	71.1	32.0	71.0	28.0	69.1	26.0	66.4	17.0	61.9	0.0	0.0	123.0	68.4	5	0.0
01/30/2006 23:20	14.0	74.1	32.0	71.0	28.0	69.1	26.0	66.4	17.0	61.9	0.0	0.0	117.0	68.6	5	0.0
01/30/2006 23:25	23.0	79.3	29.0	70.5	26.0	68.6	24.0	66.0	15.0	61.5	0.0	0.0	117.0	69.7	5	0.0
01/30/2006 23:30	30.0	81.3	28.0	70.8	25.0	68.9	23.0	66.2	15.0	61.7	0.0	0.0	121.0	71.0	5	0.0
01/30/2006 23:35	30.0	82.3	29.0	70.6	26.0	68.7	24.0	66.1	15.0	61.6	0.0	0.0	124.0	71.1	5	0.0
01/30/2006 23:40	30.0	82.8	28.0	70.6	25.0	68.7	23.0	66.1	15.0	61.6	0.0	0.0	121.0	71.3	5	0.0
01/30/2006 23:45	30.0	83.0	29.0	70.7	26.0	68.8	24.0	66.2	15.0	61.7	0.0	0.0	124.0	71.3	5	0.0
01/30/2006 23:50	26.0	81.6	26.0	70.7	23.0	68.8	21.0	66.2	13.0	61.7	0.0	0.0	109.0	71.0	5	0.0
01/30/2006 23:55	11.0	78.6	24.0	70.7	21.0	68.8	20.0	66.2	13.0	61.7	0.0	0.0	89.0	68.9	5	0.0
01/31/2006 00:00	11.0	73.2	12.0	70.8	11.0	68.9	10.0	66.2	6.0	61.7	0.0	0.0	50.0	68.9	5	0.0
01/31/2006 00:05	12.0	73.3	13.0	70.9	11.0	69.0	10.0	66.3	7.0	61.8	0.0	0.0	53.0	69.0	5	0.0
01/31/2006 00:10	11.0	72.8	12.0	70.4	11.0	68.5	10.0	65.9	6.0	61.4	0.0	0.0	50.0	68.5	5	0.0
01/31/2006 00:15	11.0	73.2	12.0	70.8	11.0	68.9	10.0	66.2	6.0	61.7	0.0	0.0	50.0	68.9	5	0.0
01/31/2006 00:20	11.0	73.3	12.0	70.9	11.0	69.0	10.0	66.3	6.0	61.8	0.0	0.0	50.0	69.0	5	0.0
01/31/2006 00:25	11.0	72.7	12.0	70.3	11.0	68.4	10.0	65.8	6.0	61.3	0.0	0.0	50.0	68.4	5	0.0
01/31/2006 00:30	11.0	72.4	12.0	70.0	10.0	68.1	10.0	65.5	6.0	61.0	0.0	0.0	49.0	68.1	5	0.0
01/31/2006 00:35	10.0	72.4	11.0	70.0	10.0	68.1	9.0	65.5	6.0	61.0	0.0	0.0	46.0	68.1	5	0.0
01/31/2006 00:40	10.0	72.6	11.0	70.2	10.0	68.3	9.0	65.7	6.0	61.2	0.0	0.0	46.0	68.3	5	0.0
01/31/2006 00:45	10.0	72.9	11.0	70.5	10.0	68.6	9.0	66.0	6.0	61.5	0.0	0.0	46.0	68.6	5	0.0
01/31/2006 00:50	11.0	72.3	12.0	69.9	10.0	68.0	9.0	65.4	6.0	60.9	0.0	0.0	48.0	68.1	5	0.0
01/31/2006 00:55	10.0	72.1	11.0	69.7	10.0	67.8	9.0	65.2	6.0	60.8	0.0	0.0	46.0	67.8	5	0.0
01/31/2006 01:00	10.0	72.8	11.0	70.4	9.0	68.5	9.0	65.9	6.0	61.4	0.0	0.0	45.0	68.5	5	0.0
01/31/2006 01:05	10.0	72.5	11.0	70.1	10.0	68.2	9.0	65.6	6.0	61.1	0.0	0.0	46.0	68.2	5	0.0
01/31/2006 01:10	10.0	73.7	11.0	71.3	10.0	69.3	9.0	66.6	6.0	62.1	0.0	0.0	46.0	69.3	5	0.0
01/31/2006 01:15	10.0	73.3	11.0	70.9	10.0	69.0	9.0	66.3	6.0	61.8	0.0	0.0	46.0	69.0	5	0.0
01/31/2006 01:20	10.0	73.9	11.0	71.5	9.0	69.5	9.0	66.8	6.0	62.3	0.0	0.0	45.0	69.5	5	0.0
01/31/2006 01:25	10.0	73.1	10.0	70.7	9.0	68.8	8.0	66.2	5.0	61.7	0.0	0.0	42.0	68.9	5	0.0
01/31/2006 01:30	10.0	73.1	10.0	70.7	9.0	68.8	8.0	66.2	5.0	61.7	0.0	0.0	42.0	68.9	5	0.0
01/31/2006 01:35	10.0	73.1	10.0	70.7	9.0	68.8	8.0	66.2	5.0	61.7	0.0	0.0	42.0	68.9	5	0.0
01/31/2006 01:40	9.0	72.9	10.0	70.5	9.0	68.6	8.0	66.0	5.0	61.5	0.0	0.0	41.0	68.6	5	0.0
01/31/2006 01:45	10.0	73.2	10.0	70.8	9.0	68.9	8.0	66.2	5.0	61.7	0.0	0.0	42.0	69.0	5	0.0
01/31/2006 01:50	9.0	73.1	10.0	70.7	9.0	68.8	8.0	66.2	5.0	61.7	0.0	0.0	41.0	68.8	5	0.0
01/31/2006 01:55	9.0	73.4	10.0	71.0	9.0	69.1	8.0	66.4	5.0	61.9	0.0	0.0	41.0	69.1	5	0.0
01/31/2006 02:00	10.0	73.8	10.0	71.4	9.0	69.4	8.0	66.7	5.0	62.2	0.0	0.0	42.0	69.5	5	0.0
01/31/2006 02:05	9.0	73.7	10.0	71.3	9.0	69.3	8.0	66.6	5.0	62.1	0.0	0.0	41.0	69.3	5	0.0
01/31/2006 02:10	10.0	72.5	10.0	70.1	9.0	68.2	8.0	65.6	5.0	61.1	0.0	0.0	42.0	68.3	5	0.0
01/31/2006 02:15	9.0	72.3	10.0	69.9	9.0	68.0	8.0	65.4	5.0	60.9	0.0	0.0	41.0	68.0	5	0.0
01/31/2006 02:20	9.0	72.7	10.0	70.3	9.0	68.4	8.0	65.8	5.0	61.3	0.0	0.0	41.0	68.4	5	0.0
01/31/2006 02:25	10.0	72.2	10.0	69.8	9.0	67.9	8.0	65.3	5.0	60.8	0.0	0.0	42.0	68.0	5	0.0
01/31/2006 02:30	9.0	72.3	10.0	69.9	9.0	68.0	8.0	65.4	5.0	60.9	0.0	0.0	41.0	68.0	5	0.0
01/31/2006 02:35	9.0	72.9	10.0	70.5	9.0	68.6	8.0	66.0	5.0	61.5	0.0	0.0	41.0	68.6	5	0.0
01/31/2006 02:40	9.0	72.6	10.0	70.2	9.0	68.3	8.0	65.7	5.0	61.2	0.0	0.0	41.0	68.3	5	0.0
01/31/2006 02:45	9.0	72.4	10.0	70.0	9.0	68.1	8.0	65.5	5.0	61.0	0.0	0.0	41.0	68.1	5	0.0
01/31/2006 02:50	9.0	72.9	10.0	70.5	9.0	68.6	8.0	66.0	5.0	61.5	0.0	0.0	41.0	68.6	5	0.0
01/31/2006 02:55	9.0	72.5	10.0	70.1	9.0	68.2	8.0	65.6	5.0	61.1	0.0	0.0	41.0	68.2	5	0.0
01/31/2006 03:00	9.0	71.7	10.0	69.4	9.0	67.5	8.0	64.9	5.0	60.5	0.0	0.0	41.0	67.5	5	0.0
01/31/2006 03:05	9.0	71.5	10.0	69.2	9.0	67.3	8.0	64.7	5.0	60.3	0.0	0.0	41.0	67.3	5	0.0
01/31/2006 03:10	9.0	71.4	10.0	69.1	9.0	67.2	8.0	64.6	5.0	60.2	0.0	0.0	41.0	67.2	5	0.0
01/31/2006 03:15	9.0	71.8	10.0	69.5	9.0	67.6	8.0	65.0	5.0	60.6	0.0	0.0	41.0	67.6	5	0.0
01/31/2006 03:20	10.0	71.8	10.0	69.5	9.0	67.6	8.0	65.0	5.0	60.6	0.0	0.0	42.0	67.7	5	0.0
01/31/2006 03:25	10.0	71.4	11.0	69.1	9.0	67.2	9.0	64.6	6.0	60.2	0.0	0.0	45.0	67.1	5	0.0
01/31/2006 03:30	9.0	71.8	10.0	69.5	9.0	67.6	8.0	65.0	5.0	60.6	0.0	0.0	41.0	67.6	5	0.0
01/31/2006 03:35	9.0	72.4	10.0	70.0	9.0	68.1	8.0	65.5	5.0	61.0	0.0	0.0	41.0	68.1	5	0.0
01/31/2006 03:40	10.0	71.8	11.0	69.5	9.0	67.6	9.0	65.0	6.0	60.6	0.0	0.0	45.0	67.5	5	0.0
01/31/2006 03:45	10.0	72.3	11.0	69.9	9.0	68.0	9.0	65.4	6.0	60.9	0.0	0.0	45.0	68.0	5	0.0
01/31/2006 03:50	9.0	72.3	10.0	69.9	9.0	68.0	8.0	65.4	5.0	60.9	0.0	0.0	41.0	68.0	5	0.0
01/31/2006 03:55	10.0	72.3	11.0	69.9	10.0	68.0	9.0	65.4	6.0	60.9	0.0	0.0	46.0	68.0	5	0.0
01/31/2006 04:00	10.0	72.1	11.0	69.7	10.0	67.8	9.0	65.2	6.0	60.8	0.0	0.0	46.0	67.8	5	0.0
01/31/2006 04:05	10.0	72.7	11.0	70.3	10.0	68.4	9.0	65.8	6.0	61.3	0.0	0.0	46.0	68.4	5	0.0
01/31/2006 04:10	10.0	72.8	11.0	70.4	9.0	68.5	9.0	65.9	6.0	61.4	0.0	0.0	45.0	68.5	5	0.0
01/31/2006 04:15	10.0	72.1	11.0	69.7	10.0	67.8	9.0	65.2	6.0	60.8	0.0	0.0	46.0	67.8	5	0.0
01/31/2006 04:20	10.0	72.4	11.0	70.0	10.0	68.1	9.0	65.5	6.0	61.0	0.0	0.0	46.0	68.1	5	0.0
01/31/2006 04:25	11.0	72.6	12.0	70.2	10.0	68.3	9.0	65.7	6.0	61.2	0.0	0.0	48.0	68.4	5	0.0
01/31/2006 04:30	11.0	72.4	12.0	70.0	11.0	68.1	10.0	65.5	6.0	61.0	0.0	0.0	50.0	68.1	5	0.0
01/31/2006 04:35	12.0	72.2	13.0	69.8	11.0	67.9	10.0	65.3	7.0	60.8	0.0	0.0	53.0	67.9	5	0.0
01/31/2006 04:40	12.0	72.1	14.0	69.7	12.0	67.8	11.0	65.2	7.0	60.8	0.0	0.0	56.0	67.8	5	0.0
01/31/2006 04:45	13.0	72.4	14.0	70.0	13.0	68.1	12.0	65.5	7.0	61.0	0.0	0.0	59.0	68.1	5	0.0
01/31/2006 04:50	13.0	72.9	14.0	70.5	13.0	68.6	12.0	66.0	8.0	61.5	0.0	0.0	60.0	68.5	5	0.0
01/31/2006 04:55	13.0	72.9	14.0	70.5	12.0	68.6	11.0	66.0	7.0	61.5	0.0	0.0	57.0	68.7	5	0.0
01/31/2006 05:00	13.0	72.6	14.0	70.2	13.0	68.3	12.0	65.7	7.0	61.2	0.0	0.0	59.0	68.3	5	0.0
01/31/2006 05:05	14.0	73.4	15.0	71.0	13.0	69.1	12.0	66.4	8.0	61.9	0.0	0.0	62.0	69.1	5	0.0
01/31/2006 05:10	15.0	73.3	17.0	70.9	15.0	69.0	14.0	66.3	9.0	61.8	0.0	0.0	70.0	69.0	5	0.0
01/31/2006 05:15	13.0	71.9	14.0	69.6	13.0	67.7	12.0	65.1	7.0	60.7	0.0	0.0	59.0	67.7	5	0.0
01/31/2006 05:20	16.0	73.1	18.0	70.7	16.0	68.8	15.0	66.2	9.0	61.7	0.0	0.0	74.0	68.8	5	0.0
01/31/2006 05:25	18.0	73.4	20.0	71.0	17.0	69.1	16.0	66.4	10.0	61.9	0.0	0.0	81.0	69.1	5	0.0
01/31/2006 05:30	19.0	74.0	20.0	71.6	18.0	69.6	17.0	66.9	11.0	62.4	0.0	0.0	85.0	69.6	5	0.0
01/31/2006 05:35	19.0	73.3	20.0	70.9	18.0	69.0	17.0	66.3	11.0	61.8	0.0	0.0	85.0	69.0	5	0.0
01/31/2006 05:40	21.0	73.4	23.0	71.0	21.0	69.1	19.0	66.4	12.0	61.9	0.0	0.0	96.0	69.1	5	0.0
01/31/2006 05:45	21.0	73.4	23.0	71.0	20.0	69.1	19.0	66.4	12.0	61.9	0.0	0.0	95.0	69.1	5	0.0
01/31/2006 05:50	22.0	73.2	24.0	70.8	22.0	68.9	20.0	66.2	13.0	61.7	0.0	0.0	101.0	68.9	5	0.0
01/31/2006 05:55	22.0	73.4	24.0	71.0	21.0	69.1	20.0	66.4	13.0	61.9	0.0	0.0	100.0	69.1	5	0.0
01/31/2006 06:00	22.0	71.6	24.0	69.3	21.0	67.4	20.0	64.8	13.0	60.4	0.0	0.0	100.0	67.4	5	0.0
01/31/2006 06:05	22.0	72.8	24.0	70.4	21.0	68.5	19.0	65.9	12.0	61.4	0.0	0.0	98.0	68.6	5	0.0
01/31/2006 06:10	26.0	72.6	28.0	70.2	25.0	68.3	23.0	65.7	15.0	61.2	0.0	0.0	117.0	68.3	5	0.0
01/31/2006 06:15	27.0	72.5	30.0	70.1	26.0	68.2	24.0	65.6	16.0	61.1	0.0	0.0	123.0	68.2	5	0.0
01/31/2006 06:20	28.0	72.3	30.0	69.9	27.0	68.0	25.0	65.4	16.0	60.9	0.0	0.0	126.0	68.0	5	0.0
01/31/2006 06:25	29.0	71.4	31.0	69.1	28.0	67.2	26.0	64.6	17.0	60.2	0.0	0.0	131.0	67.2	5	0.0
01/31/2006 06:30	30.0	70.4	33.0	68.1	29.0	66.3	27.0	63.7	17.0	59.4	0.0	0.0	136.0	66.3	5	0.0
01/31/2006 06:35	29.0	70.1	31.0	67.8	27.0	66.0	25.0	63.4	16.0	59.1	0.0	0.0	128.0	66.0	5	0.0
01/31/2006 06:40	32.0	70.5	35.0	68.2	31.0	66.4	29.0	63.8	19.0	59.5	0.0	0.0	146.0	66.3	5	0.0
01/31/2006 06:45	34.0	70.2	37.0	67.9	33.0	66.1	30.0	63.5	19.0	59.2	0.0	0.0	153.0	66.1	5	0.0
01/31/2006 06:50	36.0	69.7	39.0	67.4	34.0	65.6	32.0	63.0	20.0	58.8	0.0	0.0	161.0	65.6	5	0.0
01/31/2006 06:55	35.0	69.9	39.0	67.6	34.0	65.8	32.0	63.2	20.0	58.9	0.0	0.0	160.0	65.8	5	0.0
01/31/2006 07:00	35.0	68.8	38.0	66.6	34.0	64.8	31.0	62.3	20.0	58.0	0.0	0.0	158.0	64.8	5	0.0
01/31/2006 07:05	39.0	70.2	42.0	67.9	37.0	66.1	34.0	63.5	22.0	59.2	0.0	0.0	174.0	66.1	5	0.0
01/31/2006 07:10	41.0	69.7	44.0	67.4	39.0	65.6	36.0	63.0	23.0	58.8	0.0	0.0	183.0	65.6	5	0.0
01/31/2006 07:15	42.0	69.4	46.0	67.1	40.0	65.3	38.0	62.8	24.0	58.5	0.0	0.0	190.0	65.3	5	0.0
01/31/2006 07:20	43.0	68.2	46.0	66.0	41.0	64.2	38.0	61.7	24.0	57.5	0.0	0.0	192.0	64.2	5	0.0
01/31/2006 07:25	44.0	68.2	48.0	66.0	43.0	64.2	40.0	61.7	25.0	57.5	0.0	0.0	200.0	64.2	5	0.0
01/31/2006 07:30	44.0	67.5	48.0	65.3	42.0	63.6	39.0	61.1	25.0	56.9	0.0	0.0	198.0	63.6	5	0.0
01/31/2006 07:35	47.0	66.7	51.0	64.5	45.0	62.8	42.0	60.3	27.0	56.2	0.0	0.0	212.0	62.7	5	0.0
01/31/2006 07:40	46.0	67.2	50.0	65.0	44.0	63.3	41.0	60.8	26.0	56.7	0.0	0.0	207.0	63.3	5	0.0
01/31/2006 07:45	48.0	67.5	52.0	65.3	46.0	63.6	42.0	61.1	27.0	56.9	0.0	0.0	215.0	63.6	5	0.0
01/31/2006 07:50	46.0	67.3	51.0	65.1	45.0	63.4	41.0	60.9	27.0	56.8	0.0	0.0	210.0	63.3	5	0.0
01/31/2006 07:55	43.0	67.6	47.0	65.4	41.0	63.7	38.0	61.2	25.0	57.0	0.0	0.0	194.0	63.6	5	0.0
01/31/2006 08:00	40.0	68.0	44.0	65.7	39.0	64.0	36.0	61.5	23.0	57.3	0.0	0.0	182.0	63.9	5	0.0
01/31/2006 08:05	41.0	69.2	45.0	66.9	39.0	65.1	37.0	62.6	23.0	58.3	0.0	0.0	185.0	65.1	5	0.0
01/31/2006 08:10	42.0	68.8	46.0	66.6	40.0	64.8	37.0	62.3	24.0	58.0	0.0	0.0	189.0	64.8	5	0.0
01/31/2006 08:15	42.0	68.1	45.0	65.9	40.0	64.1	37.0	61.6	24.0	57.4	0.0	0.0	188.0	64.1	5	0.0
01/31/2006 08:20	43.0	67.4	47.0	65.2	41.0	63.5	38.0	61.0	25.0	56.9	0.0	0.0	194.0	63.4	5	0.0
01/31/2006 08:25	25.0	66.5	28.0	64.3	24.0	62.6	23.0	60.1	15.0	56.0	0.0	0.0	115.0	62.5	5	0.0
01/31/2006 08:30	42.0	65.1	46.0	62.9	41.0	61.2	38.0	58.9	24.0	54.9	0.0	0.0	191.0	61.2	5	0.0
01/31/2006 08:35	41.0	65.3	44.0	63.2	39.0	61.5	36.0	59.1	23.0	55.0	0.0	0.0	183.0	61.4	5	0.0
01/31/2006 08:40	43.0	66.3	47.0	64.1	41.0	62.4	38.0	59.9	25.0	55.9	0.0	0.0	194.0	62.3	5	0.0
01/31/2006 08:45	24.0	71.5	26.0	69.2	23.0	67.3	21.0	64.7	14.0	60.3	0.0	0.0	108.0	67.3	5	0.0
01/31/2006 08:50	39.0	70.2	42.0	67.9	37.0	66.1	35.0	63.5	22.0	59.2	0.0	0.0	175.0	66.1	5	0.0
01/31/2006 08:55	38.0	69.2	41.0	66.9	36.0	65.1	34.0	62.6	22.0	58.3	0.0	0.0	171.0	65.0	5	0.0
01/31/2006 09:00	39.0	67.4	42.0	65.2	37.0	63.5	35.0	61.0	22.0	56.9	0.0	0.0	175.0	63.5	5	0.0
01/31/2006 09:05	36.0	67.9	40.0	65.6	35.0	63.9	32.0	61.4	21.0	57.2	0.0	0.0	164.0	63.8	5	0.0
01/31/2006 09:10	36.0	68.6	39.0	66.4	34.0	64.6	32.0	62.1	20.0	57.9	0.0	0.0	161.0	64.6	5	0.0
01/31/2006 09:15	38.0	68.8	42.0	66.6	37.0	64.8	34.0	62.3	22.0	58.0	0.0	0.0	173.0	64.8	5	0.0
01/31/2006 09:20	37.0	68.2	40.0	66.0	35.0	64.2	33.0	61.7	21.0	57.5	0.0	0.0	166.0	64.2	5	0.0
01/31/2006 09:25	34.0	68.8	37.0	66.6	33.0	64.8	31.0	62.3	20.0	58.0	0.0	0.0	155.0	64.7	5	0.0
01/31/2006 09:30	36.0	69.3	40.0	67.0	35.0	65.2	32.0	62.7	21.0	58.4	0.0	0.0	164.0	65.2	5	0.0
01/31/2006 09:35	35.0	69.4	39.0	67.1	34.0	65.3	32.0	62.8	20.0	58.5	0.0	0.0	160.0	65.3	5	0.0
01/31/2006 09:40	34.0	69.8	37.0	67.5	33.0	65.7	30.0	63.1	20.0	58.9	0.0	0.0	154.0	65.7	5	0.0
01/31/2006 09:45	33.0	69.6	36.0	67.3	32.0	65.5	30.0	62.9	19.0	58.7	0.0	0.0	150.0	65.5	5	0.0
01/31/2006 09:50	33.0	70.2	36.0	67.9	32.0	66.1	29.0	63.5	19.0	59.2	0.0	0.0	149.0	66.1	5	0.0
01/31/2006 09:55	33.0	70.4	35.0	68.1	31.0	66.3	29.0	63.7	19.0	59.4	0.0	0.0	147.0	66.3	5	0.0
01/31/2006 10:00	29.0	70.0	32.0	67.7	28.0	65.9	26.0	63.3	17.0	59.0	0.0	0.0	132.0	65.9	5	0.0
01/31/2006 10:05	31.0	70.8	34.0	68.5	30.0	66.6	27.0	64.0	18.0	59.7	0.0	0.0	140.0	66.6	5	0.0
01/31/2006 10:10	31.0	70.3	34.0	68.0	30.0	66.2	28.0	63.6	18.0	59.3	0.0	0.0	141.0	66.2	5	0.0
01/31/2006 10:15	30.0	69.8	33.0	67.5	29.0	65.7	27.0	63.1	17.0	58.9	0.0	0.0	136.0	65.7	5	0.0
01/31/2006 10:20	31.0	69.9	34.0	67.6	30.0	65.8	28.0	63.2	18.0	58.9	0.0	0.0	141.0	65.8	5	0.0
01/31/2006 10:25	31.0	70.7	34.0	68.3	30.0	66.5	27.0	63.9	18.0	59.6	0.0	0.0	140.0	66.5	5	0.0
01/31/2006 10:30	30.0	70.7	33.0	68.3	29.0	66.5	27.0	63.9	17.0	59.6	0.0	0.0	136.0	66.5	5	0.0
01/31/2006 10:35	31.0	69.9	33.0	67.6	29.0	65.8	27.0	63.2	18.0	58.9	0.0	0.0	138.0	65.8	5	0.0
01/31/2006 10:40	29.0	70.4	31.0	68.1	28.0	66.3	26.0	63.7	17.0	59.4	0.0	0.0	131.0	66.2	5	0.0
01/31/2006 10:45	30.0	70.1	33.0	67.8	29.0	66.0	27.0	63.4	17.0	59.1	0.0	0.0	136.0	66.0	5	0.0
01/31/2006 10:50	29.0	69.9	31.0	67.6	27.0	65.8	25.0	63.2	16.0	58.9	0.0	0.0	128.0	65.8	5	0.0
01/31/2006 10:55	29.0	70.7	32.0	68.3	28.0	66.5	26.0	63.9	17.0	59.6	0.0	0.0	132.0	66.5	5	0.0
01/31/2006 11:00	28.0	71.0	30.0	68.7	27.0	66.8	25.0	64.2	16.0	59.8	0.0	0.0	126.0	66.8	5	0.0
01/31/2006 11:05	29.0	70.9	31.0	68.6	28.0	66.7	26.0	64.1	17.0	59.8	0.0	0.0	131.0	66.6	5	0.0
01/31/2006 11:10	30.0	70.7	32.0	68.3	29.0	66.5	26.0	63.9	17.0	59.6	0.0	0.0	134.0	66.5	5	0.0
01/31/2006 11:15	30.0	70.1	32.0	67.8	29.0	66.0	26.0	63.4	17.0	59.1	0.0	0.0	134.0	66.0	5	0.0
01/31/2006 11:20	29.0	69.6	31.0	67.3	27.0	65.5	25.0	62.9	16.0	58.7	0.0	0.0	128.0	65.5	5	0.0
01/31/2006 11:25	28.0	69.7	30.0	67.4	27.0	65.6	25.0	63.0	16.0	58.8	0.0	0.0	126.0	65.6	5	0.0
01/31/2006 11:30	28.0	70.3	30.0	68.0	27.0	66.2	25.0	63.6	16.0	59.3	0.0	0.0	126.0	66.2	5	0.0
01/31/2006 11:35	28.0	70.8	31.0	68.5	27.0	66.6	25.0	64.0	16.0	59.7	0.0	0.0	127.0	66.6	5	0.0
01/31/2006 11:40	30.0	71.5	32.0	69.2	29.0	67.3	26.0	64.7	17.0	60.3	0.0	0.0	134.0	67.3	5	0.0
01/31/2006 11:45	29.0	70.3	32.0	68.0	28.0	66.2	26.0	63.6	17.0	59.3	0.0	0.0	132.0	66.2	5	0.0
01/31/2006 11:50	31.0	69.7	33.0	67.4	29.0	65.6	27.0	63.0	18.0	58.8	0.0	0.0	138.0	65.6	5	0.0
01/31/2006 11:55	29.0	70.3	31.0	68.0	27.0	66.2	25.0	63.6	16.0	59.3	0.0	0.0	128.0	66.2	5	0.0
01/31/2006 12:00	30.0	70.3	32.0	68.0	29.0	66.2	26.0	63.6	17.0	59.3	0.0	0.0	134.0	66.2	5	0.0
01/31/2006 12:05	29.0	71.6	31.0	69.3	28.0	67.4	26.0	64.8	17.0	60.4	0.0	0.0	131.0	67.4	5	0.0
01/31/2006 12:10	29.0	71.9	32.0	69.6	28.0	67.7	26.0	65.1	17.0	60.7	0.0	0.0	132.0	67.7	5	0.0
01/31/2006 12:15	30.0	71.2	33.0	68.9	29.0	67.0	27.0	64.4	17.0	60.0	0.0	0.0	136.0	67.0	5	0.0
01/31/2006 12:20	31.0	70.9	34.0	68.6	30.0	66.7	28.0	64.1	18.0	59.8	0.0	0.0	141.0	66.7	5	0.0
01/31/2006 12:25	29.0	71.0	32.0	68.7	28.0	66.8	26.0	64.2	17.0	59.8	0.0	0.0	132.0	66.8	5	0.0
01/31/2006 12:30	29.0	71.4	32.0	69.1	28.0	67.2	26.0	64.6	17.0	60.2	0.0	0.0	132.0	67.2	5	0.0
01/31/2006 12:35	30.0	70.9	33.0	68.6	29.0	66.7	27.0	64.1	17.0	59.8	0.0	0.0	136.0	66.7	5	0.0
01/31/2006 12:40	31.0	71.1	34.0	68.8	30.0	66.9	27.0	64.3	18.0	59.9	0.0	0.0	140.0	66.9	5	0.0
01/31/2006 12:45	32.0	70.8	35.0	68.5	31.0	66.6	28.0	64.0	18.0	59.7	0.0	0.0	144.0	66.6	5	0.0
01/31/2006 12:50	30.0	71.7	33.0	69.4	29.0	67.5	27.0	64.9	17.0	60.5	0.0	0.0	136.0	67.5	5	0.0
01/31/2006 12:55	30.0	70.8	33.0	68.5	29.0	66.6	27.0	64.0	17.0	59.7	0.0	0.0	136.0	66.6	5	0.0
01/31/2006 13:00	31.0	71.3	34.0	69.0	30.0	67.1	28.0	64.5	18.0	60.1	0.0	0.0	141.0	67.1	5	0.0
01/31/2006 13:05	30.0	70.7	32.0	68.3	29.0	66.5	26.0	63.9	17.0	59.6	0.0	0.0	134.0	66.5	5	0.0
01/31/2006 13:10	31.0	72.3	33.0	69.9	29.0	68.0	27.0	65.4	18.0	60.9	0.0	0.0	138.0	68.0	5	0.0
01/31/2006 13:15	31.0	72.5	34.0	70.1	30.0	68.2	28.0	65.6	18.0	61.1	0.0	0.0	141.0	68.2	5	0.0
01/31/2006 13:20	31.0	71.6	34.0	69.3	30.0	67.4	28.0	64.8	18.0	60.4	0.0	0.0	141.0	67.4	5	0.0
01/31/2006 13:25	32.0	72.1	35.0	69.7	31.0	67.8	29.0	65.2	19.0	60.8	0.0	0.0	146.0	67.8	5	0.0
01/31/2006 13:30	32.0	70.9	35.0	68.6	31.0	66.7	28.0	64.1	18.0	59.8	0.0	0.0	144.0	66.7	5	0.0
01/31/2006 13:35	31.0	71.3	34.0	69.0	30.0	67.1	28.0	64.5	18.0	60.1	0.0	0.0	141.0	67.1	5	0.0
01/31/2006 13:40	33.0	71.3	35.0	69.0	31.0	67.1	29.0	64.5	19.0	60.1	0.0	0.0	147.0	67.1	5	0.0
01/31/2006 13:45	33.0	71.7	35.0	69.4	31.0	67.5	29.0	64.9	19.0	60.5	0.0	0.0	147.0	67.5	5	0.0
01/31/2006 13:50	32.0	71.6	35.0	69.3	31.0	67.4	28.0	64.8	18.0	60.4	0.0	0.0	144.0	67.4	5	0.0
01/31/2006 13:55	31.0	71.6	34.0	69.3	30.0	67.4	28.0	64.8	18.0	60.4	0.0	0.0	141.0	67.4	5	0.0
01/31/2006 14:00	32.0	70.4	34.0	68.1	30.0	66.3	28.0	63.7	18.0	59.4	0.0	0.0	142.0	66.3	5	0.0
01/31/2006 14:05	34.0	70.8	37.0	68.5	33.0	66.6	30.0	64.0	20.0	59.7	0.0	0.0	154.0	66.6	5	0.0
01/31/2006 14:10	34.0	70.2	37.0	67.9	33.0	66.1	30.0	63.5	19.0	59.2	0.0	0.0	153.0	66.1	5	0.0
01/31/2006 14:15	36.0	70.8	39.0	68.5	35.0	66.6	32.0	64.0	21.0	59.7	0.0	0.0	163.0	66.6	5	0.0
01/31/2006 14:20	35.0	70.4	38.0	68.1	33.0	66.3	31.0	63.7	20.0	59.4	0.0	0.0	157.0	66.3	5	0.0
01/31/2006 14:25	35.0	69.7	38.0	67.4	34.0	65.6	31.0	63.0	20.0	58.8	0.0	0.0	158.0	65.6	5	0.0
01/31/2006 14:30	35.0	69.5	38.0	67.2	33.0	65.4	31.0	62.8	20.0	58.6	0.0	0.0	157.0	65.4	5	0.0
01/31/2006 14:35	37.0	69.6	41.0	67.3	36.0	65.5	33.0	62.9	21.0	58.7	0.0	0.0	168.0	65.5	5	0.0
01/31/2006 14:40	37.0	69.8	41.0	67.5	36.0	65.7	33.0	63.1	21.0	58.9	0.0	0.0	168.0	65.7	5	0.0
01/31/2006 14:45	37.0	69.8	40.0	67.5	36.0	65.7	33.0	63.1	21.0	58.9	0.0	0.0	167.0	65.7	5	0.0
01/31/2006 14:50	39.0	69.3	43.0	67.0	38.0	65.2	35.0	62.7	22.0	58.4	0.0	0.0	177.0	65.2	5	0.0
01/31/2006 14:55	37.0	69.4	40.0	67.1	36.0	65.3	33.0	62.8	21.0	58.5	0.0	0.0	167.0	65.3	5	0.0
01/31/2006 15:00	37.0	69.0	41.0	66.8	36.0	65.0	33.0	62.5	21.0	58.2	0.0	0.0	168.0	65.0	5	0.0
01/31/2006 15:05	39.0	68.8	42.0	66.6	37.0	64.8	35.0	62.3	22.0	58.0	0.0	0.0	175.0	64.8	5	0.0
01/31/2006 15:10	40.0	68.5	44.0	66.3	39.0	64.5	36.0	62.0	23.0	57.8	0.0	0.0	182.0	64.5	5	0.0
01/31/2006 15:15	41.0	68.1	45.0	65.9	40.0	64.1	37.0	61.6	24.0	57.4	0.0	0.0	187.0	64.0	5	0.0
01/31/2006 15:20	40.0	68.6	43.0	66.4	38.0	64.6	35.0	62.1	23.0	57.9	0.0	0.0	179.0	64.6	5	0.0
01/31/2006 15:25	41.0	68.6	44.0	66.4	39.0	64.6	36.0	62.1	23.0	57.9	0.0	0.0	183.0	64.6	5	0.0
01/31/2006 15:30	41.0	68.3	44.0	66.1	39.0	64.3	36.0	61.8	23.0	57.6	0.0	0.0	183.0	64.3	5	0.0
01/31/2006 15:35	43.0	68.7	46.0	66.5	41.0	64.7	38.0	62.2	24.0	57.9	0.0	0.0	192.0	64.7	5	0.0
01/31/2006 15:40	44.0	68.4	47.0	66.2	42.0	64.4	39.0	61.9	25.0	57.7	0.0	0.0	197.0	64.4	5	0.0
01/31/2006 15:45	41.0	68.8	45.0	66.6	40.0	64.8	37.0	62.3	24.0	58.0	0.0	0.0	187.0	64.7	5	0.0
01/31/2006 15:50	39.0	68.7	42.0	66.5	37.0	64.7	35.0	62.2	22.0	57.9	0.0	0.0	175.0	64.7	5	0.0
01/31/2006 15:55	39.0	67.9	43.0	65.6	38.0	63.9	35.0	61.4	22.0	57.2	0.0	0.0	177.0	63.9	5	0.0
01/31/2006 16:00	37.0	68.3	41.0	66.1	36.0	64.3	33.0	61.8	21.0	57.6	0.0	0.0	168.0	64.3	5	0.0
01/31/2006 16:05	39.0	68.5	42.0	66.3	37.0	64.5	34.0	62.0	22.0	57.8	0.0	0.0	174.0	64.5	5	0.0
01/31/2006 16:10	39.0	67.9	42.0	65.6	37.0	63.9	35.0	61.4	22.0	57.2	0.0	0.0	175.0	63.9	5	0.0
01/31/2006 16:15	39.0	68.2	42.0	66.0	37.0	64.2	35.0	61.7	22.0	57.5	0.0	0.0	175.0	64.2	5	0.0
01/31/2006 16:20	40.0	68.2	43.0	66.0	38.0	64.2	35.0	61.7	23.0	57.5	0.0	0.0	179.0	64.2	5	0.0
01/31/2006 16:25	39.0	68.4	42.0	66.2	37.0	64.4	34.0	61.9	22.0	57.7	0.0	0.0	174.0	64.4	5	0.0
01/31/2006 16:30	38.0	68.3	41.0	66.1	36.0	64.3	34.0	61.8	22.0	57.6	0.0	0.0	171.0	64.2	5	0.0
01/31/2006 16:35	40.0	68.5	43.0	66.3	38.0	64.5	35.0	62.0	23.0	57.8	0.0	0.0	179.0	64.5	5	0.0
01/31/2006 16:40	41.0	68.3	45.0	66.1	40.0	64.3	37.0	61.8	24.0	57.6	0.0	0.0	187.0	64.2	5	0.0
01/31/2006 16:45	39.0	68.2	43.0	66.0	38.0	64.2	35.0	61.7	23.0	57.5	0.0	0.0	178.0	64.1	5	0.0
01/31/2006 16:50	41.0	68.2	45.0	66.0	40.0	64.2	37.0	61.7	24.0	57.5	0.0	0.0	187.0	64.1	5	0.0
01/31/2006 16:55	39.0	68.2	43.0	66.0	38.0	64.2	35.0	61.7	23.0	57.5	0.0	0.0	178.0	64.1	5	0.0
01/31/2006 17:00	41.0	68.6	45.0	66.4	39.0	64.6	37.0	62.1	23.0	57.9	0.0	0.0	185.0	64.6	5	0.0
01/31/2006 17:05	41.0	68.3	45.0	66.1	40.0	64.3	37.0	61.8	24.0	57.6	0.0	0.0	187.0	64.2	5	0.0
01/31/2006 17:10	43.0	68.2	46.0	66.0	41.0	64.2	38.0	61.7	24.0	57.5	0.0	0.0	192.0	64.2	5	0.0
01/31/2006 17:15	41.0	67.8	44.0	65.5	39.0	63.8	36.0	61.3	23.0	57.1	0.0	0.0	183.0	63.8	5	0.0
01/31/2006 17:20	43.0	68.3	47.0	66.1	41.0	64.3	38.0	61.8	25.0	57.6	0.0	0.0	194.0	64.2	5	0.0
01/31/2006 17:25	42.0	67.5	45.0	65.3	40.0	63.6	37.0	61.1	24.0	56.9	0.0	0.0	188.0	63.5	5	0.0
01/31/2006 17:30	40.0	67.9	43.0	65.6	38.0	63.9	35.0	61.4	23.0	57.2	0.0	0.0	179.0	63.9	5	0.0
01/31/2006 17:35	41.0	67.3	44.0	65.1	39.0	63.4	36.0	60.9	23.0	56.8	0.0	0.0	183.0	63.4	5	0.0
01/31/2006 17:40	39.0	66.8	42.0	64.6	37.0	62.9	35.0	60.4	22.0	56.3	0.0	0.0	175.0	62.8	5	0.0
01/31/2006 17:45	39.0	66.4	42.0	64.2	37.0	62.5	35.0	60.0	22.0	56.0	0.0	0.0	175.0	62.4	5	0.0
01/31/2006 17:50	40.0	66.8	43.0	64.6	38.0	62.9	35.0	60.4	23.0	56.3	0.0	0.0	179.0	62.8	5	0.0
01/31/2006 17:55	39.0	66.7	42.0	64.5	37.0	62.8	34.0	60.3	22.0	56.2	0.0	0.0	174.0	62.8	5	0.0
01/31/2006 18:00	37.0	67.3	41.0	65.1	36.0	63.4	33.0	60.9	21.0	56.8	0.0	0.0	168.0	63.4	5	0.0
01/31/2006 18:05	37.0	67.1	41.0	64.9	36.0	63.2	33.0	60.7	21.0	56.6	0.0	0.0	168.0	63.2	5	0.0
01/31/2006 18:10	39.0	67.8	42.0	65.5	37.0	63.8	34.0	61.3	22.0	57.1	0.0	0.0	174.0	63.8	5	0.0
01/31/2006 18:15	39.0	68.0	42.0	65.7	37.0	64.0	35.0	61.5	22.0	57.3	0.0	0.0	175.0	64.0	5	0.0
01/31/2006 18:20	39.0	68.1	42.0	65.9	37.0	64.1	35.0	61.6	22.0	57.4	0.0	0.0	175.0	64.1	5	0.0
01/31/2006 18:25	38.0	68.2	41.0	66.0	36.0	64.2	34.0	61.7	22.0	57.5	0.0	0.0	171.0	64.1	5	0.0
01/31/2006 18:30	36.0	68.3	39.0	66.1	35.0	64.3	32.0	61.8	21.0	57.6	0.0	0.0	163.0	64.2	5	0.0
01/31/2006 18:35	36.0	68.8	39.0	66.6	34.0	64.8	32.0	62.3	20.0	58.0	0.0	0.0	161.0	64.8	5	0.0
01/31/2006 18:40	36.0	69.2	40.0	66.9	35.0	65.1	32.0	62.6	21.0	58.3	0.0	0.0	164.0	65.1	5	0.0
01/31/2006 18:45	35.0	69.8	38.0	67.5	34.0	65.7	31.0	63.1	20.0	58.9	0.0	0.0	158.0	65.7	5	0.0
01/31/2006 18:50	34.0	70.2	37.0	67.9	33.0	66.1	31.0	63.5	20.0	59.2	0.0	0.0	155.0	66.0	5	0.0
01/31/2006 18:55	33.0	69.8	36.0	67.5	32.0	65.7	29.0	63.1	19.0	58.9	0.0	0.0	149.0	65.7	5	0.0
01/31/2006 19:00	33.0	70.0	36.0	67.7	32.0	65.9	29.0	63.3	19.0	59.0	0.0	0.0	149.0	65.9	5	0.0
01/31/2006 19:05	31.0	70.4	34.0	68.1	30.0	66.3	27.0	63.7	18.0	59.4	0.0	0.0	140.0	66.3	5	0.0
01/31/2006 19:10	30.0	71.4	33.0	69.1	29.0	67.2	27.0	64.6	17.0	60.2	0.0	0.0	136.0	67.2	5	0.0
01/31/2006 19:15	30.0	71.7	33.0	69.4	29.0	67.5	27.0	64.9	17.0	60.5	0.0	0.0	136.0	67.5	5	0.0
01/31/2006 19:20	28.0	71.9	31.0	69.6	27.0	67.7	25.0	65.1	16.0	60.7	0.0	0.0	127.0	67.7	5	0.0
01/31/2006 19:25	27.0	72.6	30.0	70.2	26.0	68.3	24.0	65.7	16.0	61.2	0.0	0.0	123.0	68.3	5	0.0
01/31/2006 19:30	27.0	72.9	29.0	70.5	26.0	68.6	24.0	66.0	15.0	61.5	0.0	0.0	121.0	68.6	5	0.0
01/31/2006 19:35	25.0	73.1	27.0	70.7	24.0	68.8	22.0	66.2	14.0	61.7	0.0	0.0	112.0	68.8	5	0.0
01/31/2006 19:40	25.0	73.2	27.0	70.8	24.0	68.9	22.0	66.2	14.0	61.7	0.0	0.0	112.0	68.9	5	0.0
01/31/2006 19:45	23.0	73.2	25.0	70.8	22.0	68.9	21.0	66.2	13.0	61.7	0.0	0.0	104.0	68.9	5	0.0
01/31/2006 19:50	23.0	73.8	25.0	71.4	22.0	69.4	21.0	66.7	13.0	62.2	0.0	0.0	104.0	69.4	5	0.0
01/31/2006 19:55	22.0	73.6	24.0	71.2	22.0	69.2	20.0	66.5	13.0	62.0	0.0	0.0	101.0	69.2	5	0.0
01/31/2006 20:00	22.0	73.1	24.0	70.7	21.0	68.8	19.0	66.2	12.0	61.7	0.0	0.0	98.0	68.9	5	0.0
01/31/2006 20:05	22.0	73.1	24.0	70.7	21.0	68.8	20.0	66.2	13.0	61.7	0.0	0.0	100.0	68.8	5	0.0
01/31/2006 20:10	21.0	73.7	23.0	71.3	20.0	69.3	19.0	66.6	12.0	62.1	0.0	0.0	95.0	69.3	5	0.0
01/31/2006 20:15	21.0	73.3	23.0	70.9	20.0	69.0	19.0	66.3	12.0	61.8	0.0	0.0	95.0	69.0	5	0.0
01/31/2006 20:20	21.0	73.4	23.0	71.0	20.0	69.1	19.0	66.4	12.0	61.9	0.0	0.0	95.0	69.1	5	0.0
01/31/2006 20:25	20.0	74.1	22.0	71.7	19.0	69.7	18.0	67.0	11.0	62.5	0.0	0.0	90.0	69.7	5	0.0
01/31/2006 20:30	20.0	74.0	21.0	71.6	19.0	69.6	18.0	66.9	11.0	62.4	0.0	0.0	89.0	69.6	5	0.0
01/31/2006 20:35	20.0	73.8	22.0	71.4	19.0	69.4	18.0	66.7	11.0	62.2	0.0	0.0	90.0	69.4	5	0.0
01/31/2006 20:40	19.0	73.2	21.0	70.8	19.0	68.9	17.0	66.2	11.0	61.7	0.0	0.0	87.0	68.9	5	0.0
01/31/2006 20:45	20.0	73.7	21.0	71.3	19.0	69.3	18.0	66.6	11.0	62.1	0.0	0.0	89.0	69.3	5	0.0
01/31/2006 20:50	18.0	73.8	20.0	71.4	18.0	69.4	16.0	66.7	11.0	62.2	0.0	0.0	83.0	69.4	5	0.0
01/31/2006 20:55	19.0	73.9	20.0	71.5	18.0	69.5	17.0	66.8	11.0	62.3	0.0	0.0	85.0	69.5	5	0.0
01/31/2006 21:00	18.0	73.8	20.0	71.4	17.0	69.4	16.0	66.7	10.0	62.2	0.0	0.0	81.0	69.4	5	0.0
01/31/2006 21:05	19.0	73.3	20.0	70.9	18.0	69.0	17.0	66.3	11.0	61.8	0.0	0.0	85.0	69.0	5	0.0
01/31/2006 21:10	19.0	73.2	20.0	70.8	18.0	68.9	17.0	66.2	11.0	61.7	0.0	0.0	85.0	68.9	5	0.0
01/31/2006 21:15	19.0	73.8	21.0	71.4	18.0	69.4	17.0	66.7	11.0	62.2	0.0	0.0	86.0	69.4	5	0.0
01/31/2006 21:20	19.0	73.9	21.0	71.5	19.0	69.5	17.0	66.8	11.0	62.3	0.0	0.0	87.0	69.5	5	0.0
01/31/2006 21:25	18.0	73.9	19.0	71.5	17.0	69.5	16.0	66.8	10.0	62.3	0.0	0.0	80.0	69.5	5	0.0
01/31/2006 21:30	18.0	73.8	20.0	71.4	17.0	69.4	16.0	66.7	10.0	62.2	0.0	0.0	81.0	69.4	5	0.0
01/31/2006 21:35	19.0	73.7	20.0	71.3	18.0	69.3	17.0	66.6	11.0	62.1	0.0	0.0	85.0	69.3	5	0.0
01/31/2006 21:40	18.0	73.7	20.0	71.3	17.0	69.3	16.0	66.6	10.0	62.1	0.0	0.0	81.0	69.3	5	0.0
01/31/2006 21:45	17.0	74.0	19.0	71.6	17.0	69.6	16.0	66.9	10.0	62.4	0.0	0.0	79.0	69.6	5	0.0
01/31/2006 21:50	18.0	74.0	19.0	71.6	17.0	69.6	16.0	66.9	10.0	62.4	0.0	0.0	80.0	69.6	5	0.0
01/31/2006 21:55	17.0	73.9	18.0	71.5	16.0	69.5	15.0	66.8	10.0	62.3	0.0	0.0	76.0	69.5	5	0.0
01/31/2006 22:00	16.0	73.6	18.0	71.2	16.0	69.2	15.0	66.5	9.0	62.0	0.0	0.0	74.0	69.2	5	0.0
01/31/2006 22:05	17.0	73.7	19.0	71.3	17.0	69.3	15.0	66.6	10.0	62.1	0.0	0.0	78.0	69.3	5	0.0
01/31/2006 22:10	17.0	73.0	18.0	70.6	16.0	68.7	15.0	66.1	10.0	61.6	0.0	0.0	76.0	68.7	5	0.0
01/31/2006 22:15	17.0	73.2	18.0	70.8	16.0	68.9	15.0	66.2	10.0	61.7	0.0	0.0	76.0	68.9	5	0.0
01/31/2006 22:20	16.0	73.2	18.0	70.8	16.0	68.9	15.0	66.2	9.0	61.7	0.0	0.0	74.0	68.9	5	0.0
01/31/2006 22:25	15.0	73.2	17.0	70.8	15.0	68.9	14.0	66.2	9.0	61.7	0.0	0.0	70.0	68.9	5	0.0
01/31/2006 22:30	15.0	73.2	16.0	70.8	14.0	68.9	13.0	66.2	9.0	61.7	0.0	0.0	67.0	68.9	5	0.0
01/31/2006 22:35	15.0	73.7	16.0	71.3	14.0	69.3	13.0	66.6	8.0	62.1	0.0	0.0	66.0	69.4	5	0.0
01/31/2006 22:40	15.0	73.6	16.0	71.2	14.0	69.2	13.0	66.5	8.0	62.0	0.0	0.0	66.0	69.3	5	0.0
01/31/2006 22:45	14.0	73.7	15.0	71.3	14.0	69.3	13.0	66.6	8.0	62.1	0.0	0.0	64.0	69.3	5	0.0
01/31/2006 22:50	14.0	73.6	15.0	71.2	13.0	69.2	12.0	66.5	8.0	62.0	0.0	0.0	62.0	69.2	5	0.0
01/31/2006 22:55	14.0	73.4	15.0	71.0	13.0	69.1	12.0	66.4	8.0	61.9	0.0	0.0	62.0	69.1	5	0.0
01/31/2006 23:00	13.0	73.4	14.0	71.0	13.0	69.1	12.0	66.4	8.0	61.9	0.0	0.0	60.0	69.0	5	0.0
01/31/2006 23:05	13.0	73.2	14.0	70.8	13.0	68.9	12.0	66.2	8.0	61.7	0.0	0.0	60.0	68.8	5	0.0
01/31/2006 23:10	13.0	73.2	14.0	70.8	13.0	68.9	12.0	66.2	7.0	61.7	0.0	0.0	59.0	68.9	5	0.0
01/31/2006 23:15	14.0	72.8	15.0	70.4	13.0	68.5	12.0	65.9	8.0	61.4	0.0	0.0	62.0	68.5	5	0.0
01/31/2006 23:20	12.0	73.1	13.0	70.7	12.0	68.8	11.0	66.2	7.0	61.7	0.0	0.0	55.0	68.8	5	0.0
01/31/2006 23:25	12.0	72.9	13.0	70.5	12.0	68.6	11.0	66.0	7.0	61.5	0.0	0.0	55.0	68.6	5	0.0
01/31/2006 23:30	12.0	72.9	13.0	70.5	12.0	68.6	11.0	66.0	7.0	61.5	0.0	0.0	55.0	68.6	5	0.0
01/31/2006 23:35	11.0	72.9	12.0	70.5	11.0	68.6	10.0	66.0	6.0	61.5	0.0	0.0	50.0	68.6	5	0.0
01/31/2006 23:40	12.0	73.0	13.0	70.6	11.0	68.7	10.0	66.1	7.0	61.6	0.0	0.0	53.0	68.7	5	0.0
01/31/2006 23:45	12.0	73.1	13.0	70.7	11.0	68.8	10.0	66.2	7.0	61.7	0.0	0.0	53.0	68.8	5	0.0
01/31/2006 23:50	12.0	73.1	13.0	70.7	11.0	68.8	10.0	66.2	7.0	61.7	0.0	0.0	53.0	68.8	5	0.0
01/31/2006 23:55	11.0	73.1	12.0	70.7	11.0	68.8	10.0	66.2	6.0	61.7	0.0	0.0	50.0	68.8	5	0.0
