5 Minutes	Lane 1 Flow (Veh/5 Minutes)	Lane 1 Speed (mph)	Lane 2 Flow (Veh/5 Minutes)	Lane 2 Speed (mph)	Lane 3 Flow (Veh/5 Minutes)	Lane 3 Speed (mph)	Lane 4 Flow (Veh/5 Minutes)	Lane 4 Speed (mph)	Lane 5 Flow (Veh/5 Minutes)	Lane 5 Speed (mph)	Flow (Veh/5 Minutes)	Speed (mph)	# Lane Points	% Observed
08/29/2006 00:00	7.0	76.5	13.0	74.0	11.0	72.0	11.0	69.2	11.0	64.5	53.0	70.9	5	100.0
08/29/2006 00:05	7.0	75.9	13.0	73.6	15.0	72.2	13.0	66.4	9.0	65.3	57.0	70.6	5	100.0
08/29/2006 00:10	11.0	76.1	14.0	74.0	13.0	72.4	11.0	68.1	11.0	63.0	60.0	70.9	5	100.0
08/29/2006 00:15	5.0	76.3	11.0	73.8	13.0	73.1	11.0	64.3	11.0	61.2	51.0	69.1	5	100.0
08/29/2006 00:20	5.0	76.6	9.0	73.6	13.0	73.4	12.0	68.0	9.0	63.5	48.0	70.6	5	100.0
08/29/2006 00:25	4.0	76.4	11.0	73.6	10.0	73.1	11.0	68.9	7.0	64.5	43.0	71.1	5	100.0
08/29/2006 00:30	3.0	76.2	12.0	74.1	10.0	72.4	13.0	68.2	9.0	62.6	47.0	70.0	5	100.0
08/29/2006 00:35	6.0	76.5	11.0	74.8	11.0	70.7	10.0	67.7	9.0	62.8	47.0	70.2	5	100.0
08/29/2006 00:40	3.0	76.5	7.0	74.4	9.0	70.9	9.0	68.3	6.0	61.8	34.0	69.8	5	100.0
08/29/2006 00:45	2.0	76.5	9.0	74.5	10.0	72.2	9.0	66.7	6.0	61.1	36.0	69.8	5	100.0
08/29/2006 00:50	5.0	76.1	11.0	74.8	9.0	71.9	10.0	67.7	5.0	62.9	40.0	71.0	5	100.0
08/29/2006 00:55	5.0	75.9	9.0	74.9	7.0	71.8	7.0	65.5	6.0	63.3	34.0	70.4	5	100.0
08/29/2006 01:00	2.0	76.2	8.0	74.4	9.0	71.8	9.0	67.6	7.0	64.2	35.0	70.0	5	100.0
08/29/2006 01:05	5.0	76.3	9.0	73.6	7.0	72.1	9.0	69.0	6.0	64.6	36.0	71.0	5	100.0
08/29/2006 01:10	3.0	76.5	5.0	73.7	7.0	71.4	6.0	69.5	4.0	64.2	25.0	70.9	5	100.0
08/29/2006 01:15	3.0	76.6	9.0	73.5	9.0	72.2	9.0	69.3	4.0	61.8	34.0	70.9	5	100.0
08/29/2006 01:20	3.0	76.7	7.0	73.4	5.0	71.9	9.0	64.9	6.0	64.2	30.0	69.1	5	100.0
08/29/2006 01:25	2.0	76.6	6.0	73.8	9.0	70.6	5.0	67.2	5.0	65.0	27.0	70.1	5	100.0
08/29/2006 01:30	1.0	76.4	5.0	74.0	4.0	71.3	5.0	67.3	4.0	64.6	19.0	69.8	5	100.0
08/29/2006 01:35	2.0	76.5	7.0	73.4	11.0	72.3	6.0	63.8	6.0	65.5	32.0	69.9	5	100.0
08/29/2006 01:40	3.0	76.4	8.0	74.0	11.0	73.1	9.0	67.3	6.0	65.6	37.0	70.9	5	100.0
08/29/2006 01:45	2.0	76.5	5.0	74.1	5.0	72.9	6.0	68.9	4.0	64.9	22.0	71.0	5	100.0
08/29/2006 01:50	1.0	76.8	7.0	74.1	6.0	71.8	8.0	70.3	4.0	64.9	26.0	71.1	5	100.0
08/29/2006 01:55	1.0	77.0	7.0	74.1	7.0	71.9	9.0	71.1	6.0	64.6	30.0	70.9	5	100.0
08/29/2006 02:00	1.0	77.1	5.0	74.1	9.0	71.9	6.0	72.3	2.0	64.1	23.0	72.0	5	100.0
08/29/2006 02:05	1.0	76.6	4.0	74.1	6.0	72.5	7.0	69.5	5.0	64.8	23.0	70.4	5	100.0
08/29/2006 02:10	1.0	76.9	3.0	74.0	7.0	72.9	7.0	69.4	3.0	65.4	21.0	71.0	5	100.0
08/29/2006 02:15	0.0	76.9	5.0	74.2	5.0	72.6	5.0	69.1	3.0	64.7	18.0	70.8	5	100.0
08/29/2006 02:20	1.0	76.5	4.0	74.2	6.0	71.9	6.0	69.9	3.0	64.8	20.0	70.9	5	100.0
08/29/2006 02:25	0.0	76.5	5.0	73.8	6.0	71.1	4.0	69.7	2.0	64.8	17.0	70.8	5	100.0
08/29/2006 02:30	0.0	76.5	3.0	73.9	7.0	72.2	4.0	69.4	4.0	65.0	18.0	70.3	5	100.0
08/29/2006 02:35	3.0	76.5	4.0	74.2	4.0	72.6	4.0	69.3	3.0	64.9	18.0	71.6	5	100.0
08/29/2006 02:40	1.0	76.3	5.0	74.3	4.0	72.9	3.0	69.2	1.0	64.5	14.0	72.3	5	100.0
08/29/2006 02:45	0.0	76.3	4.0	74.3	1.0	73.2	5.0	69.0	3.0	64.2	13.0	69.8	5	100.0
08/29/2006 02:50	1.0	76.2	7.0	74.2	4.0	72.8	6.0	67.8	4.0	64.2	22.0	70.5	5	100.0
08/29/2006 02:55	0.0	76.2	3.0	73.9	3.0	72.3	3.0	68.1	4.0	64.7	13.0	69.4	5	100.0
08/29/2006 03:00	0.0	76.2	2.0	74.0	5.0	72.5	3.0	68.0	4.0	64.5	14.0	69.5	5	100.0
08/29/2006 03:05	1.0	76.1	1.0	73.9	2.0	72.0	4.0	67.2	4.0	64.7	12.0	68.5	5	100.0
08/29/2006 03:10	0.0	76.1	4.0	73.8	3.0	72.4	6.0	69.5	4.0	65.2	17.0	70.0	5	100.0
08/29/2006 03:15	0.0	76.1	1.0	73.4	2.0	72.1	5.0	69.7	7.0	66.2	15.0	68.6	5	100.0
08/29/2006 03:20	1.0	76.5	1.0	73.6	5.0	72.1	3.0	69.7	3.0	65.5	13.0	70.5	5	100.0
08/29/2006 03:25	0.0	76.5	3.0	73.8	1.0	71.2	4.0	67.1	2.0	65.0	10.0	69.1	5	100.0
08/29/2006 03:30	0.0	76.5	0.0	73.8	4.0	71.8	5.0	68.4	4.0	64.5	13.0	68.2	5	100.0
08/29/2006 03:35	0.0	76.5	2.0	74.0	4.0	71.9	5.0	67.6	3.0	64.7	14.0	69.1	5	100.0
08/29/2006 03:40	0.0	76.5	4.0	73.9	3.0	72.3	4.0	68.7	5.0	65.5	16.0	69.7	5	100.0
08/29/2006 03:45	0.0	76.5	3.0	73.8	2.0	71.3	3.0	69.2	4.0	65.3	12.0	69.4	5	100.0
08/29/2006 03:50	0.0	76.5	3.0	73.9	5.0	72.1	3.0	70.3	6.0	63.0	17.0	68.9	5	100.0
08/29/2006 03:55	0.0	76.5	2.0	74.0	5.0	71.7	8.0	71.0	4.0	62.7	19.0	69.8	5	100.0
08/29/2006 04:00	0.0	76.5	3.0	74.3	4.0	70.3	7.0	69.6	4.0	63.4	18.0	69.2	5	100.0
08/29/2006 04:05	0.0	76.5	3.0	74.0	5.0	71.1	7.0	58.2	6.0	64.0	21.0	65.2	5	100.0
08/29/2006 04:10	0.0	76.5	2.0	74.2	6.0	71.1	7.0	57.8	7.0	64.2	22.0	65.0	5	100.0
08/29/2006 04:15	0.0	76.5	1.0	73.7	3.0	72.1	4.0	62.5	5.0	64.3	13.0	66.3	5	100.0
08/29/2006 04:20	0.0	76.5	3.0	73.3	6.0	71.4	5.0	66.4	4.0	64.0	18.0	68.7	5	100.0
08/29/2006 04:25	1.0	76.7	5.0	73.4	3.0	71.4	5.0	65.5	6.0	63.7	20.0	68.4	5	100.0
08/29/2006 04:30	0.0	76.7	5.0	73.7	6.0	71.0	9.0	67.0	9.0	64.9	29.0	68.3	5	100.0
08/29/2006 04:35	1.0	76.3	5.0	74.0	7.0	72.2	6.0	63.3	5.0	64.3	24.0	68.9	5	100.0
08/29/2006 04:40	1.0	76.1	6.0	73.3	6.0	71.4	8.0	65.5	9.0	61.7	30.0	67.5	5	100.0
08/29/2006 04:45	0.0	76.1	8.0	73.5	7.0	69.9	9.0	69.9	9.0	63.9	33.0	69.1	5	100.0
08/29/2006 04:50	0.0	76.1	6.0	74.1	8.0	68.3	8.0	68.1	8.0	65.2	30.0	68.6	5	100.0
08/29/2006 04:55	1.0	76.0	8.0	74.3	8.0	68.2	9.0	69.0	9.0	64.5	35.0	69.1	5	100.0
08/29/2006 05:00	0.0	76.0	8.0	74.2	7.0	69.0	9.0	68.0	9.0	63.2	33.0	68.4	5	100.0
08/29/2006 05:05	0.0	76.0	6.0	74.4	5.0	69.5	5.0	65.6	6.0	60.5	22.0	67.5	5	100.0
08/29/2006 05:10	0.0	76.0	10.0	73.8	13.0	68.4	11.0	68.0	11.0	63.9	45.0	68.4	5	100.0
08/29/2006 05:15	1.0	76.0	9.0	73.7	13.0	67.9	11.0	61.6	12.0	67.2	46.0	67.5	5	100.0
08/29/2006 05:20	0.0	76.0	16.0	72.8	14.0	63.5	14.0	63.7	11.0	65.1	55.0	66.6	5	100.0
08/29/2006 05:25	0.0	76.0	15.0	73.3	15.0	69.1	17.0	63.5	15.0	66.0	62.0	67.8	5	100.0
08/29/2006 05:30	1.0	76.5	15.0	73.5	14.0	67.8	15.0	63.8	16.0	69.2	61.0	68.7	5	100.0
08/29/2006 05:35	1.0	76.8	20.0	73.0	19.0	67.6	22.0	72.4	13.0	62.6	75.0	69.7	5	100.0
08/29/2006 05:40	1.0	76.9	20.0	73.8	18.0	70.1	19.0	66.4	17.0	65.9	75.0	69.3	5	100.0
08/29/2006 05:45	2.0	76.7	13.0	72.6	19.0	73.2	20.0	71.8	27.0	69.6	81.0	71.6	5	100.0
08/29/2006 05:50	3.0	76.5	19.0	72.8	25.0	74.2	23.0	75.3	18.0	68.4	88.0	73.1	5	100.0
08/29/2006 05:55	1.0	76.0	18.0	72.1	21.0	68.7	24.0	79.2	20.0	74.5	84.0	73.9	5	100.0
08/29/2006 06:00	1.0	76.2	21.0	74.5	19.0	68.6	20.0	66.4	16.0	68.1	77.0	69.6	5	100.0
08/29/2006 06:05	3.0	76.8	22.0	72.9	23.0	66.4	21.0	58.6	21.0	68.0	90.0	66.9	5	100.0
08/29/2006 06:10	1.0	76.6	28.0	74.7	26.0	63.3	22.0	50.2	21.0	64.4	98.0	64.0	5	100.0
08/29/2006 06:15	3.0	76.2	23.0	74.8	25.0	65.1	24.0	54.2	21.0	66.9	96.0	65.4	5	100.0
08/29/2006 06:20	4.0	76.3	16.0	74.7	13.0	64.4	14.0	57.6	15.0	68.9	62.0	67.4	5	100.0
08/29/2006 06:25	2.0	76.2	31.0	74.1	25.0	67.9	30.0	60.4	28.0	69.4	116.0	68.1	5	100.0
08/29/2006 06:30	4.0	76.4	32.0	71.8	30.0	66.5	27.0	55.1	25.0	69.1	118.0	66.2	5	100.0
08/29/2006 06:35	7.0	76.5	42.0	71.4	38.0	64.4	32.0	49.7	29.0	63.6	148.0	63.6	5	100.0
08/29/2006 06:40	4.0	76.4	37.0	71.5	31.0	60.8	33.0	51.6	30.0	64.0	135.0	62.7	5	100.0
08/29/2006 06:45	8.0	75.7	49.0	70.4	39.0	60.6	39.0	54.3	31.0	62.4	166.0	63.1	5	100.0
08/29/2006 06:50	5.0	76.0	44.0	70.7	35.0	60.5	35.0	58.0	31.0	61.9	150.0	63.7	5	100.0
08/29/2006 06:55	8.0	75.8	40.0	70.8	32.0	60.1	34.0	60.0	33.0	68.9	147.0	65.8	5	100.0
08/29/2006 07:00	6.0	76.1	41.0	67.1	39.0	62.7	36.0	58.1	34.0	65.2	156.0	63.9	5	100.0
08/29/2006 07:05	5.0	76.5	50.0	65.5	40.0	64.7	39.0	58.3	34.0	59.1	168.0	62.7	5	100.0
08/29/2006 07:10	7.0	76.9	43.0	64.9	33.0	67.6	30.0	57.5	36.0	61.7	149.0	63.8	5	100.0
08/29/2006 07:15	7.0	76.7	49.0	62.6	43.0	67.7	36.0	57.1	38.0	62.3	173.0	63.2	5	100.0
08/29/2006 07:20	5.0	76.7	49.0	63.9	39.0	69.0	43.0	60.0	39.0	61.5	175.0	63.9	5	100.0
08/29/2006 07:25	10.0	77.2	50.0	63.9	42.0	64.4	37.0	56.8	41.0	58.4	180.0	62.0	5	100.0
08/29/2006 07:30	10.0	77.2	53.0	61.3	43.0	62.5	37.0	56.7	35.0	58.8	178.0	61.0	5	100.0
08/29/2006 07:35	9.0	77.4	48.0	60.2	43.0	58.7	38.0	55.1	41.0	60.1	179.0	59.6	5	100.0
08/29/2006 07:40	9.0	77.4	56.0	59.5	44.0	57.4	45.0	57.7	49.0	57.4	203.0	58.9	5	100.0
08/29/2006 07:45	7.0	76.9	55.0	59.2	45.0	57.5	41.0	55.5	43.0	57.4	191.0	58.2	5	100.0
08/29/2006 07:50	15.0	76.3	47.0	58.5	32.0	56.7	33.0	55.1	33.0	57.2	160.0	58.8	5	100.0
08/29/2006 07:55	6.0	75.7	49.0	56.4	41.0	57.4	35.0	49.3	46.0	54.5	177.0	55.4	5	100.0
08/29/2006 08:00	11.0	74.7	47.0	55.7	35.0	52.8	37.0	50.1	45.0	53.5	175.0	54.6	5	100.0
08/29/2006 08:05	14.0	75.1	48.0	55.4	41.0	54.1	39.0	53.7	40.0	52.6	182.0	55.6	5	100.0
08/29/2006 08:10	18.0	72.4	57.0	51.7	45.0	49.5	42.0	52.9	52.0	51.8	214.0	53.2	5	100.0
08/29/2006 08:15	11.0	72.9	53.0	51.1	43.0	48.5	43.0	50.7	47.0	49.7	197.0	51.3	5	100.0
08/29/2006 08:20	14.0	70.9	56.0	48.1	47.0	46.6	43.0	46.6	55.0	46.1	215.0	48.4	5	100.0
08/29/2006 08:25	11.0	70.2	54.0	44.9	43.0	42.1	44.0	42.0	50.0	41.8	202.0	44.3	5	100.0
08/29/2006 08:30	12.0	70.7	45.0	39.4	36.0	36.7	39.0	37.4	44.0	34.2	176.0	39.2	5	100.0
08/29/2006 08:35	11.0	72.8	54.0	44.4	40.0	38.2	39.0	38.2	49.0	37.4	193.0	41.7	5	100.0
08/29/2006 08:40	9.0	74.3	59.0	47.4	45.0	41.7	49.0	41.3	57.0	39.5	219.0	43.9	5	100.0
08/29/2006 08:45	11.0	75.0	59.0	51.6	46.0	47.9	43.0	47.1	50.0	44.3	209.0	49.3	5	100.0
08/29/2006 08:50	8.0	76.1	56.0	54.5	46.0	49.2	44.0	50.9	54.0	49.6	208.0	52.1	5	100.0
08/29/2006 08:55	8.0	74.7	56.0	56.0	39.0	49.1	45.0	55.1	49.0	53.7	197.0	54.6	5	100.0
08/29/2006 09:00	9.0	75.0	50.0	57.9	39.0	50.7	40.0	58.1	47.0	52.8	185.0	56.0	5	100.0
08/29/2006 09:05	7.0	75.3	49.0	58.3	39.0	53.4	37.0	60.3	45.0	55.0	177.0	57.5	5	100.0
08/29/2006 09:10	8.0	75.2	49.0	59.3	42.0	56.1	40.0	54.4	44.0	56.6	183.0	57.5	5	100.0
08/29/2006 09:15	10.0	75.0	55.0	57.9	42.0	52.6	44.0	55.8	45.0	55.4	196.0	56.6	5	100.0
08/29/2006 09:20	6.0	76.0	46.0	58.7	35.0	53.1	38.0	55.8	44.0	54.5	169.0	56.4	5	100.0
08/29/2006 09:25	10.0	76.7	46.0	57.9	36.0	50.7	39.0	55.8	44.0	58.3	175.0	57.1	5	100.0
08/29/2006 09:30	9.0	75.7	59.0	57.9	41.0	50.4	41.0	52.3	46.0	58.3	196.0	56.1	5	100.0
08/29/2006 09:35	13.0	75.4	50.0	59.4	38.0	49.9	44.0	50.3	49.0	55.6	194.0	55.6	5	100.0
08/29/2006 09:40	13.0	76.6	51.0	58.4	39.0	52.7	40.0	53.1	47.0	55.1	190.0	56.5	5	100.0
08/29/2006 09:45	11.0	75.4	52.0	58.0	42.0	54.8	43.0	54.5	50.0	56.4	198.0	57.1	5	100.0
08/29/2006 09:50	7.0	75.3	45.0	58.9	37.0	54.5	39.0	53.8	45.0	53.4	173.0	56.0	5	100.0
08/29/2006 09:55	15.0	76.4	52.0	57.5	36.0	48.7	38.0	51.4	47.0	52.8	188.0	54.9	5	100.0
08/29/2006 10:00	19.0	78.1	45.0	59.3	33.0	49.6	41.0	52.1	39.0	51.0	177.0	56.0	5	100.0
08/29/2006 10:05	26.0	76.9	44.0	61.1	35.0	48.7	41.0	51.4	44.0	53.9	190.0	57.2	5	100.0
08/29/2006 10:10	17.0	77.8	41.0	63.1	31.0	50.9	33.0	52.0	41.0	54.1	163.0	57.8	5	100.0
08/29/2006 10:15	33.0	75.7	44.0	59.9	39.0	48.9	39.0	51.3	45.0	53.5	200.0	57.2	5	100.0
08/29/2006 10:20	24.0	77.5	35.0	62.1	31.0	52.8	34.0	49.5	34.0	54.8	158.0	58.3	5	100.0
08/29/2006 10:25	23.0	80.6	40.0	64.3	35.0	55.9	34.0	49.7	38.0	57.1	170.0	60.2	5	100.0
08/29/2006 10:30	24.0	78.9	36.0	63.4	32.0	58.2	35.0	51.4	42.0	59.5	169.0	61.2	5	100.0
08/29/2006 10:35	22.0	78.5	40.0	63.5	37.0	56.7	43.0	53.2	41.0	57.6	183.0	60.2	5	100.0
08/29/2006 10:40	22.0	77.8	35.0	61.0	35.0	56.5	39.0	57.9	43.0	54.3	174.0	59.9	5	100.0
08/29/2006 10:45	19.0	77.9	38.0	62.6	35.0	56.7	36.0	54.1	43.0	54.3	171.0	59.2	5	100.0
08/29/2006 10:50	21.0	79.3	36.0	63.4	30.0	53.9	38.0	56.4	41.0	54.8	166.0	60.0	5	100.0
08/29/2006 10:55	25.0	78.8	41.0	63.8	37.0	57.0	38.0	58.1	45.0	55.1	186.0	61.2	5	100.0
08/29/2006 11:00	11.0	78.5	22.0	65.6	21.0	60.7	23.0	57.6	19.0	55.2	96.0	62.0	5	100.0
08/29/2006 11:05	33.0	74.5	41.0	63.5	36.0	56.0	42.0	54.2	40.0	53.9	192.0	59.9	5	100.0
08/29/2006 11:10	24.0	75.7	38.0	64.7	32.0	52.8	36.0	55.5	46.0	56.1	176.0	59.9	5	100.0
08/29/2006 11:15	30.0	78.1	41.0	66.5	36.0	55.6	38.0	53.7	48.0	52.2	193.0	60.2	5	100.0
08/29/2006 11:20	24.0	76.9	37.0	64.0	34.0	54.9	37.0	52.5	48.0	55.5	180.0	59.4	5	100.0
08/29/2006 11:25	29.0	77.7	39.0	65.3	36.0	55.0	41.0	52.6	45.0	57.0	190.0	60.5	5	100.0
08/29/2006 11:30	26.0	78.5	43.0	64.5	31.0	53.7	37.0	52.9	45.0	55.2	182.0	60.0	5	100.0
08/29/2006 11:35	25.0	78.4	35.0	64.4	35.0	54.2	38.0	55.8	43.0	55.6	176.0	60.4	5	100.0
08/29/2006 11:40	25.0	78.9	43.0	64.0	37.0	51.9	39.0	50.3	48.0	53.9	192.0	58.3	5	100.0
08/29/2006 11:45	30.0	78.5	36.0	62.8	36.0	49.9	41.0	52.9	44.0	54.2	187.0	58.6	5	100.0
08/29/2006 11:50	25.0	79.5	39.0	63.1	38.0	52.0	39.0	50.8	46.0	55.0	187.0	58.5	5	100.0
08/29/2006 11:55	29.0	77.1	43.0	63.4	36.0	48.7	42.0	52.1	50.0	55.8	200.0	58.5	5	100.0
08/29/2006 12:00	23.0	79.4	41.0	63.8	37.0	52.4	36.0	54.7	45.0	55.4	182.0	59.6	5	100.0
08/29/2006 12:05	30.0	78.9	40.0	63.7	39.0	54.2	41.0	54.6	45.0	55.4	195.0	60.3	5	100.0
08/29/2006 12:10	30.0	78.6	43.0	64.4	39.0	53.7	40.0	53.7	47.0	55.6	199.0	60.2	5	100.0
08/29/2006 12:15	36.0	79.8	44.0	63.3	39.0	54.5	41.0	54.3	46.0	54.3	206.0	60.7	5	100.0
08/29/2006 12:20	28.0	78.0	45.0	63.5	43.0	59.9	40.0	52.7	41.0	58.2	197.0	61.5	5	100.0
08/29/2006 12:25	29.0	77.0	43.0	64.3	37.0	58.9	45.0	57.0	44.0	58.2	198.0	62.1	5	100.0
08/29/2006 12:30	19.0	77.1	27.0	65.6	29.0	60.9	25.0	58.1	29.0	59.1	129.0	63.3	5	100.0
08/29/2006 12:35	32.0	76.4	45.0	63.8	46.0	58.8	47.0	56.0	49.0	56.3	219.0	61.2	5	100.0
08/29/2006 12:40	28.0	77.5	45.0	63.7	41.0	61.7	34.0	51.2	42.0	58.5	190.0	61.9	5	100.0
08/29/2006 12:45	33.0	77.4	43.0	62.6	41.0	61.4	39.0	53.1	49.0	57.3	205.0	61.7	5	100.0
08/29/2006 12:50	27.0	77.7	36.0	64.9	36.0	61.7	39.0	56.7	42.0	57.8	180.0	62.7	5	100.0
08/29/2006 12:55	28.0	75.9	40.0	64.2	38.0	56.8	43.0	58.3	42.0	55.2	191.0	61.1	5	100.0
08/29/2006 13:00	28.0	68.9	39.0	63.6	35.0	58.2	37.0	55.3	46.0	59.8	185.0	60.8	5	100.0
08/29/2006 13:05	36.0	63.6	43.0	63.9	42.0	60.4	41.0	56.1	45.0	61.8	207.0	61.1	5	100.0
08/29/2006 13:10	36.0	61.1	48.0	63.3	42.0	58.4	48.0	56.4	47.0	60.7	221.0	60.0	5	100.0
08/29/2006 13:15	28.0	60.6	35.0	62.0	37.0	63.0	41.0	55.5	47.0	59.1	188.0	59.8	5	100.0
08/29/2006 13:20	29.0	59.6	42.0	64.5	36.0	62.1	39.0	56.4	47.0	58.1	193.0	60.1	5	100.0
08/29/2006 13:25	30.0	59.9	45.0	63.6	40.0	59.9	39.0	54.6	44.0	58.2	198.0	59.3	5	100.0
08/29/2006 13:30	43.0	56.4	47.0	62.1	41.0	57.7	45.0	53.2	49.0	56.9	225.0	57.3	5	100.0
08/29/2006 13:35	36.0	57.0	49.0	62.1	48.0	60.2	48.0	52.9	52.0	55.6	233.0	57.6	5	100.0
08/29/2006 13:40	39.0	54.5	49.0	63.0	42.0	56.8	44.0	56.7	51.0	57.4	225.0	57.9	5	100.0
08/29/2006 13:45	43.0	55.0	43.0	62.6	37.0	56.2	41.0	58.2	46.0	58.4	210.0	58.1	5	100.0
08/29/2006 13:50	33.0	57.0	44.0	63.1	37.0	58.1	41.0	57.3	47.0	58.4	202.0	58.9	5	100.0
08/29/2006 13:55	30.0	57.0	38.0	61.7	35.0	57.0	38.0	56.8	38.0	57.4	179.0	58.0	5	100.0
08/29/2006 14:00	47.0	55.5	47.0	60.0	41.0	56.2	42.0	58.0	48.0	56.7	225.0	57.3	5	100.0
08/29/2006 14:05	41.0	53.5	42.0	58.0	41.0	56.9	41.0	57.0	46.0	58.8	211.0	56.9	5	100.0
08/29/2006 14:10	51.0	54.1	51.0	59.8	44.0	56.6	45.0	60.8	46.0	58.2	237.0	57.9	5	100.0
08/29/2006 14:15	45.0	55.0	57.0	59.7	40.0	56.8	47.0	57.1	49.0	57.3	238.0	57.3	5	100.0
08/29/2006 14:20	41.0	54.0	51.0	59.4	45.0	54.4	44.0	54.6	42.0	57.8	223.0	56.1	5	100.0
08/29/2006 14:25	52.0	48.6	55.0	55.9	48.0	52.7	49.0	53.8	45.0	55.6	249.0	53.3	5	100.0
08/29/2006 14:30	55.0	49.8	54.0	56.6	45.0	51.0	47.0	58.7	47.0	55.5	248.0	54.3	5	100.0
08/29/2006 14:35	52.0	50.3	59.0	57.7	45.0	51.4	43.0	58.4	48.0	57.8	247.0	55.1	5	100.0
08/29/2006 14:40	57.0	51.1	51.0	58.6	44.0	51.4	45.0	58.4	46.0	56.4	243.0	55.1	5	100.0
08/29/2006 14:45	65.0	50.0	61.0	57.3	53.0	53.4	49.0	58.2	51.0	54.5	279.0	54.5	5	100.0
08/29/2006 14:50	47.0	50.9	51.0	59.2	48.0	55.6	49.0	59.5	46.0	55.2	241.0	56.2	5	100.0
08/29/2006 14:55	45.0	51.1	59.0	59.9	49.0	57.3	41.0	60.5	43.0	57.6	237.0	57.4	5	100.0
08/29/2006 15:00	29.0	53.2	59.0	58.0	51.0	57.7	46.0	58.3	45.0	58.4	230.0	57.5	5	100.0
08/29/2006 15:05	27.0	50.7	53.0	48.6	45.0	48.7	49.0	52.4	49.0	53.7	223.0	50.8	5	100.0
08/29/2006 15:10	30.0	45.2	55.0	39.8	40.0	43.1	41.0	47.3	45.0	49.8	211.0	44.8	5	100.0
08/29/2006 15:15	31.0	44.7	52.0	38.2	46.0	41.4	49.0	44.1	39.0	45.3	217.0	42.4	5	100.0
08/29/2006 15:20	34.0	44.0	55.0	41.6	44.0	44.0	43.0	45.6	44.0	48.0	220.0	44.5	5	100.0
08/29/2006 15:25	39.0	46.0	54.0	44.8	45.0	44.7	43.0	47.4	45.0	48.8	226.0	46.3	5	100.0
08/29/2006 15:30	33.0	44.4	53.0	44.4	44.0	45.2	41.0	48.9	43.0	48.6	214.0	46.3	5	100.0
08/29/2006 15:35	37.0	43.9	59.0	43.9	47.0	44.2	45.0	50.1	45.0	48.0	233.0	45.9	5	100.0
08/29/2006 15:40	39.0	42.5	56.0	38.8	49.0	40.9	47.0	45.8	47.0	46.5	238.0	42.7	5	100.0
08/29/2006 15:45	44.0	41.7	53.0	36.3	50.0	40.3	50.0	42.5	47.0	42.6	244.0	40.6	5	100.0
08/29/2006 15:50	37.0	41.4	46.0	39.1	41.0	43.3	44.0	46.5	41.0	46.5	209.0	43.3	5	100.0
08/29/2006 15:55	44.0	39.7	59.0	42.1	45.0	43.3	45.0	46.6	43.0	46.8	236.0	43.6	5	100.0
08/29/2006 16:00	45.0	39.6	54.0	40.7	46.0	42.9	47.0	47.4	46.0	46.4	238.0	43.3	5	100.0
08/29/2006 16:05	40.0	38.8	59.0	41.4	47.0	41.6	44.0	46.4	47.0	45.8	237.0	42.8	5	100.0
08/29/2006 16:10	46.0	38.8	58.0	41.3	51.0	43.7	46.0	45.0	46.0	44.9	247.0	42.7	5	100.0
08/29/2006 16:15	42.0	36.3	48.0	37.4	36.0	38.4	44.0	44.1	41.0	46.6	211.0	40.5	5	100.0
08/29/2006 16:20	38.0	38.5	51.0	40.6	45.0	40.6	47.0	46.2	43.0	46.6	224.0	42.6	5	100.0
08/29/2006 16:25	49.0	39.4	57.0	44.0	45.0	41.4	49.0	48.8	45.0	47.6	245.0	44.2	5	100.0
08/29/2006 16:30	43.0	39.0	57.0	39.8	44.0	40.1	49.0	45.3	45.0	45.1	238.0	41.8	5	100.0
08/29/2006 16:35	44.0	34.3	49.0	34.0	40.0	34.8	43.0	42.1	45.0	41.5	221.0	37.3	5	100.0
08/29/2006 16:40	41.0	34.5	48.0	30.2	43.0	33.5	45.0	39.7	42.0	39.8	219.0	35.4	5	100.0
08/29/2006 16:45	45.0	31.3	45.0	24.5	40.0	29.0	41.0	35.5	41.0	38.1	212.0	31.5	5	100.0
08/29/2006 16:50	45.0	31.7	46.0	26.7	40.0	30.5	42.0	35.9	42.0	38.3	215.0	32.5	5	100.0
08/29/2006 16:55	42.0	32.8	47.0	27.5	43.0	29.9	46.0	36.5	49.0	37.6	227.0	32.9	5	100.0
08/29/2006 17:00	41.0	31.4	52.0	29.3	44.0	31.0	43.0	35.9	42.0	36.3	222.0	32.6	5	100.0
08/29/2006 17:05	42.0	27.8	36.0	22.8	34.0	25.0	40.0	30.9	41.0	31.6	193.0	27.8	5	100.0
08/29/2006 17:10	42.0	30.3	46.0	25.9	45.0	29.0	41.0	35.8	43.0	36.0	217.0	31.3	5	100.0
08/29/2006 17:15	42.0	29.9	47.0	24.7	39.0	27.1	46.0	34.3	47.0	35.9	221.0	30.5	5	100.0
08/29/2006 17:20	39.0	34.2	46.0	28.3	47.0	33.4	48.0	37.6	49.0	38.9	229.0	34.6	5	100.0
08/29/2006 17:25	46.0	37.0	53.0	35.0	46.0	39.2	49.0	43.2	46.0	43.5	240.0	39.5	5	100.0
08/29/2006 17:30	45.0	36.6	53.0	35.8	44.0	39.9	49.0	43.1	46.0	43.9	237.0	39.8	5	100.0
08/29/2006 17:35	49.0	32.5	44.0	29.3	44.0	34.1	46.0	40.1	49.0	43.2	232.0	36.0	5	100.0
08/29/2006 17:40	39.0	29.7	36.0	23.6	35.0	27.0	40.0	34.4	39.0	36.8	189.0	30.5	5	100.0
08/29/2006 17:45	39.0	33.1	44.0	25.0	41.0	29.6	44.0	36.3	47.0	36.3	215.0	32.1	5	100.0
08/29/2006 17:50	41.0	30.9	43.0	23.5	41.0	29.3	42.0	32.7	47.0	34.0	214.0	30.1	5	100.0
08/29/2006 17:55	46.0	32.0	49.0	28.9	43.0	34.8	47.0	37.0	43.0	36.3	228.0	33.7	5	100.0
08/29/2006 18:00	40.0	31.4	40.0	27.6	35.0	29.5	40.0	36.1	45.0	37.2	200.0	32.6	5	100.0
08/29/2006 18:05	45.0	34.4	50.0	34.0	47.0	39.3	45.0	40.3	47.0	40.0	234.0	37.6	5	100.0
08/29/2006 18:10	41.0	37.1	48.0	35.5	43.0	40.4	46.0	41.1	40.0	42.3	218.0	39.2	5	100.0
08/29/2006 18:15	41.0	32.6	43.0	27.7	43.0	34.6	45.0	36.8	43.0	39.3	215.0	34.2	5	100.0
08/29/2006 18:20	43.0	35.9	53.0	35.8	47.0	38.4	48.0	43.5	42.0	43.3	233.0	39.3	5	100.0
08/29/2006 18:25	45.0	35.7	52.0	36.5	48.0	40.7	47.0	43.7	44.0	43.1	236.0	39.9	5	100.0
08/29/2006 18:30	34.0	30.1	41.0	31.1	40.0	36.9	41.0	41.0	41.0	40.9	197.0	36.2	5	100.0
08/29/2006 18:35	33.0	37.4	51.0	34.3	50.0	38.8	49.0	41.1	46.0	40.8	229.0	38.5	5	100.0
08/29/2006 18:40	33.0	37.9	49.0	35.2	46.0	37.6	44.0	38.5	47.0	36.0	219.0	36.9	5	100.0
08/29/2006 18:45	35.0	38.9	51.0	34.9	41.0	36.6	44.0	38.5	45.0	36.2	216.0	36.9	5	100.0
08/29/2006 18:50	36.0	38.6	45.0	30.6	43.0	34.1	42.0	37.6	43.0	37.4	209.0	35.5	5	100.0
08/29/2006 18:55	45.0	36.8	48.0	33.0	43.0	37.8	43.0	36.7	49.0	35.8	228.0	36.0	5	100.0
08/29/2006 19:00	36.0	44.4	46.0	46.5	37.0	50.9	43.0	51.0	37.0	45.4	199.0	47.7	5	100.0
08/29/2006 19:05	35.0	51.4	40.0	56.2	40.0	62.3	39.0	59.9	39.0	53.4	193.0	56.8	5	100.0
08/29/2006 19:10	40.0	53.4	45.0	58.6	37.0	62.5	43.0	64.1	42.0	62.2	207.0	60.2	5	100.0
08/29/2006 19:15	44.0	53.0	45.0	60.9	43.0	65.7	41.0	67.1	41.0	63.3	214.0	61.9	5	100.0
08/29/2006 19:20	42.0	51.5	43.0	60.5	43.0	64.6	41.0	64.3	43.0	63.6	212.0	60.9	5	100.0
08/29/2006 19:25	41.0	53.1	44.0	61.7	41.0	65.9	43.0	66.3	39.0	62.5	208.0	61.9	5	100.0
08/29/2006 19:30	40.0	53.9	45.0	65.3	38.0	70.5	37.0	68.9	37.0	65.5	197.0	64.7	5	100.0
08/29/2006 19:35	29.0	56.7	37.0	66.1	37.0	71.5	39.0	71.2	33.0	67.7	175.0	67.1	5	100.0
08/29/2006 19:40	37.0	54.7	40.0	63.7	41.0	73.2	41.0	69.6	35.0	64.8	194.0	65.4	5	100.0
08/29/2006 19:45	38.0	55.9	37.0	63.1	43.0	73.7	43.0	68.6	37.0	67.0	198.0	65.9	5	100.0
08/29/2006 19:50	36.0	55.0	41.0	64.7	44.0	74.7	37.0	65.4	37.0	67.0	195.0	65.7	5	100.0
08/29/2006 19:55	32.0	55.7	38.0	65.3	35.0	73.3	36.0	66.7	31.0	65.9	172.0	65.5	5	100.0
08/29/2006 20:00	32.0	66.1	39.0	69.4	41.0	73.2	39.0	69.8	36.0	63.3	187.0	68.6	5	100.0
08/29/2006 20:05	31.0	70.3	37.0	71.6	30.0	66.0	42.0	72.3	33.0	64.8	173.0	69.3	5	100.0
08/29/2006 20:10	29.0	75.4	38.0	71.7	42.0	68.1	35.0	69.2	35.0	65.5	179.0	69.8	5	100.0
08/29/2006 20:15	28.0	75.2	37.0	73.7	37.0	72.5	36.0	66.7	36.0	64.6	174.0	70.4	5	100.0
08/29/2006 20:20	34.0	78.1	34.0	74.5	37.0	72.2	43.0	70.8	35.0	62.9	183.0	71.6	5	100.0
08/29/2006 20:25	32.0	77.9	39.0	74.6	33.0	72.8	37.0	67.7	32.0	62.1	173.0	71.1	5	100.0
08/29/2006 20:30	26.0	78.7	35.0	75.7	33.0	71.6	39.0	69.0	37.0	62.7	170.0	71.0	5	100.0
08/29/2006 20:35	30.0	78.4	41.0	75.5	43.0	72.4	41.0	65.9	36.0	63.2	191.0	70.9	5	100.0
08/29/2006 20:40	23.0	79.5	28.0	73.9	33.0	72.9	33.0	68.6	35.0	65.5	152.0	71.4	5	100.0
08/29/2006 20:45	24.0	78.9	31.0	76.6	26.0	73.5	33.0	71.5	21.0	65.2	135.0	73.4	5	100.0
08/29/2006 20:50	24.0	78.6	32.0	76.1	32.0	69.5	31.0	69.8	29.0	65.7	148.0	71.7	5	100.0
08/29/2006 20:55	23.0	77.9	33.0	76.0	27.0	65.3	31.0	68.9	31.0	69.0	145.0	71.3	5	100.0
08/29/2006 21:00	22.0	77.7	26.0	75.3	29.0	72.8	33.0	72.7	29.0	68.4	139.0	73.1	5	100.0
08/29/2006 21:05	23.0	77.5	33.0	77.1	35.0	71.0	33.0	73.6	27.0	66.7	151.0	73.1	5	100.0
08/29/2006 21:10	24.0	74.7	33.0	76.1	29.0	72.1	29.0	71.0	26.0	64.5	141.0	71.9	5	100.0
08/29/2006 21:15	21.0	75.2	27.0	75.7	28.0	73.8	26.0	72.0	29.0	64.9	131.0	72.1	5	100.0
08/29/2006 21:20	29.0	75.3	33.0	74.5	34.0	73.7	35.0	74.0	32.0	64.6	163.0	72.4	5	100.0
08/29/2006 21:25	23.0	77.4	30.0	72.9	31.0	77.2	37.0	71.4	33.0	66.8	154.0	72.8	5	100.0
08/29/2006 21:30	11.0	76.9	16.0	72.9	21.0	74.8	21.0	68.9	22.0	65.8	91.0	71.2	5	100.0
08/29/2006 21:35	31.0	76.0	33.0	73.1	32.0	71.2	27.0	69.1	27.0	61.6	150.0	70.5	5	100.0
08/29/2006 21:40	23.0	76.6	32.0	73.8	34.0	71.9	33.0	71.8	33.0	61.0	155.0	70.6	5	100.0
08/29/2006 21:45	26.0	74.4	38.0	74.6	33.0	67.9	33.0	74.6	29.0	62.5	159.0	71.0	5	100.0
08/29/2006 21:50	20.0	75.5	31.0	76.9	32.0	71.5	32.0	72.5	28.0	66.4	143.0	72.5	5	100.0
08/29/2006 21:55	21.0	77.0	28.0	78.1	27.0	72.2	29.0	70.4	28.0	65.9	133.0	72.5	5	100.0
08/29/2006 22:00	23.0	78.3	27.0	75.8	30.0	76.5	25.0	64.5	23.0	67.1	128.0	72.6	5	100.0
08/29/2006 22:05	29.0	78.0	37.0	73.8	30.0	72.2	31.0	70.8	27.0	69.0	154.0	72.8	5	100.0
08/29/2006 22:10	23.0	76.5	31.0	74.1	28.0	75.1	27.0	72.2	23.0	68.1	132.0	73.3	5	100.0
08/29/2006 22:15	29.0	76.1	34.0	75.1	34.0	75.5	30.0	72.6	27.0	71.8	154.0	74.3	5	100.0
08/29/2006 22:20	33.0	76.7	37.0	73.5	37.0	74.4	31.0	68.5	33.0	69.5	171.0	72.6	5	100.0
08/29/2006 22:25	31.0	76.5	37.0	72.7	35.0	74.1	27.0	66.2	25.0	66.3	155.0	71.6	5	100.0
08/29/2006 22:30	25.0	75.9	29.0	72.1	25.0	75.9	23.0	62.4	18.0	65.1	120.0	70.8	5	100.0
08/29/2006 22:35	29.0	76.5	36.0	72.2	31.0	72.6	31.0	68.9	29.0	66.1	156.0	71.3	5	100.0
08/29/2006 22:40	21.0	77.0	34.0	73.2	28.0	70.4	26.0	69.0	23.0	67.7	132.0	71.4	5	100.0
08/29/2006 22:45	18.0	78.8	27.0	73.5	18.0	62.0	19.0	68.5	18.0	66.9	100.0	70.2	5	100.0
08/29/2006 22:50	15.0	78.2	25.0	73.7	19.0	62.1	21.0	67.9	18.0	63.3	98.0	69.0	5	100.0
08/29/2006 22:55	9.0	77.8	19.0	74.9	16.0	66.4	19.0	63.9	18.0	65.9	81.0	69.0	5	100.0
08/29/2006 23:00	12.0	77.2	17.0	74.0	20.0	70.4	18.0	66.0	11.0	65.9	78.0	70.6	5	100.0
08/29/2006 23:05	6.0	76.8	16.0	74.4	18.0	73.6	13.0	68.6	10.0	66.2	63.0	71.9	5	100.0
08/29/2006 23:10	11.0	76.5	17.0	73.3	17.0	72.7	18.0	70.5	12.0	64.2	75.0	71.5	5	100.0
08/29/2006 23:15	13.0	77.0	20.0	73.9	16.0	71.2	18.0	70.9	16.0	63.0	83.0	71.1	5	100.0
08/29/2006 23:20	9.0	76.9	15.0	74.3	17.0	69.9	16.0	72.2	9.0	63.8	66.0	71.6	5	100.0
08/29/2006 23:25	5.0	77.1	15.0	74.9	16.0	72.7	14.0	72.1	11.0	63.6	61.0	71.8	5	100.0
08/29/2006 23:30	11.0	76.5	16.0	75.5	15.0	71.2	15.0	71.6	11.0	64.2	68.0	72.0	5	100.0
08/29/2006 23:35	5.0	76.9	14.0	75.1	18.0	73.4	14.0	69.3	16.0	65.4	67.0	71.2	5	100.0
08/29/2006 23:40	5.0	76.7	13.0	75.2	15.0	72.5	15.0	71.0	11.0	66.1	59.0	71.9	5	100.0
08/29/2006 23:45	6.0	76.9	13.0	74.7	15.0	71.5	15.0	71.9	13.0	65.9	62.0	71.6	5	100.0
08/29/2006 23:50	7.0	76.5	15.0	75.1	15.0	73.8	15.0	69.0	10.0	66.6	62.0	72.1	5	100.0
08/29/2006 23:55	7.0	76.8	16.0	76.1	13.0	74.1	12.0	70.1	10.0	66.6	58.0	72.9	5	100.0
08/30/2006 00:00	2.0	76.5	13.0	74.0	12.0	72.0	11.0	69.2	11.0	64.5	49.0	70.4	5	100.0
08/30/2006 00:05	8.0	76.4	16.0	74.1	14.0	67.7	15.0	70.3	10.0	64.6	63.0	70.6	5	100.0
08/30/2006 00:10	4.0	76.6	13.0	72.9	12.0	70.1	15.0	68.0	10.0	65.1	54.0	69.7	5	100.0
08/30/2006 00:15	3.0	76.6	13.0	73.4	13.0	70.9	12.0	68.8	13.0	66.0	54.0	70.2	5	100.0
08/30/2006 00:20	5.0	76.4	13.0	74.4	11.0	71.8	15.0	71.6	11.0	66.2	55.0	71.7	5	100.0
08/30/2006 00:25	4.0	76.6	13.0	74.9	9.0	72.1	9.0	71.4	6.0	64.9	41.0	72.2	5	100.0
08/30/2006 00:30	2.0	76.7	9.0	74.7	8.0	72.2	9.0	69.0	9.0	64.9	37.0	70.5	5	100.0
08/30/2006 00:35	4.0	76.8	12.0	74.1	11.0	71.9	7.0	65.3	10.0	64.1	44.0	70.1	5	100.0
08/30/2006 00:40	5.0	76.7	14.0	73.2	10.0	70.5	9.0	65.9	8.0	64.5	46.0	70.1	5	100.0
08/30/2006 00:45	1.0	76.5	8.0	73.7	9.0	70.5	10.0	67.5	9.0	64.3	37.0	69.0	5	100.0
08/30/2006 00:50	4.0	76.6	9.0	74.3	11.0	69.3	11.0	65.7	8.0	64.9	43.0	69.3	5	100.0
08/30/2006 00:55	5.0	76.5	11.0	74.1	12.0	71.5	11.0	68.0	9.0	62.9	48.0	70.2	5	100.0
08/30/2006 01:00	3.0	76.6	8.0	74.3	10.0	72.0	8.0	68.6	4.0	63.3	33.0	71.1	5	100.0
08/30/2006 01:05	4.0	76.4	11.0	74.8	9.0	70.3	9.0	69.0	9.0	63.7	42.0	70.4	5	100.0
08/30/2006 01:10	4.0	76.6	8.0	74.5	10.0	72.1	6.0	68.4	7.0	64.6	35.0	71.0	5	100.0
08/30/2006 01:15	5.0	76.4	7.0	74.6	8.0	72.5	6.0	66.2	6.0	65.1	32.0	71.0	5	100.0
08/30/2006 01:20	4.0	76.7	9.0	74.5	7.0	72.1	10.0	68.4	4.0	64.6	34.0	71.3	5	100.0
08/30/2006 01:25	3.0	76.8	6.0	74.2	7.0	71.4	7.0	68.8	4.0	64.7	27.0	71.0	5	100.0
08/30/2006 01:30	0.0	76.8	5.0	74.3	5.0	71.5	7.0	69.2	6.0	64.4	23.0	69.6	5	100.0
08/30/2006 01:35	2.0	76.4	6.0	74.5	7.0	71.6	7.0	70.0	3.0	65.1	25.0	71.5	5	100.0
08/30/2006 01:40	1.0	76.9	8.0	74.3	11.0	70.7	7.0	70.0	5.0	63.1	32.0	70.5	5	100.0
08/30/2006 01:45	1.0	77.1	6.0	74.3	7.0	71.7	4.0	68.9	8.0	63.7	26.0	69.6	5	100.0
08/30/2006 01:50	2.0	76.9	5.0	74.5	5.0	72.0	6.0	68.0	6.0	63.9	24.0	69.9	5	100.0
08/30/2006 01:55	1.0	77.1	4.0	74.0	6.0	72.4	7.0	69.0	5.0	64.1	23.0	70.0	5	100.0
08/30/2006 02:00	1.0	76.2	5.0	74.2	6.0	73.0	7.0	70.1	4.0	64.5	23.0	71.0	5	100.0
08/30/2006 02:05	0.0	76.2	4.0	74.1	2.0	72.4	3.0	69.7	1.0	65.5	10.0	71.6	5	100.0
08/30/2006 02:10	1.0	76.7	5.0	74.2	6.0	72.2	6.0	68.7	3.0	64.5	21.0	70.8	5	100.0
08/30/2006 02:15	1.0	77.0	4.0	73.8	7.0	72.2	6.0	68.7	4.0	64.6	22.0	70.4	5	100.0
08/30/2006 02:20	1.0	77.1	3.0	73.9	7.0	72.2	7.0	68.7	5.0	64.9	23.0	70.0	5	100.0
08/30/2006 02:25	0.0	77.1	3.0	73.5	7.0	72.2	3.0	68.7	8.0	65.8	21.0	69.4	5	100.0
08/30/2006 02:30	0.0	77.1	5.0	74.0	4.0	72.3	4.0	69.9	3.0	64.8	16.0	70.8	5	100.0
08/30/2006 02:35	1.0	77.2	5.0	74.2	3.0	72.1	5.0	68.7	2.0	64.9	16.0	71.1	5	100.0
08/30/2006 02:40	1.0	77.2	3.0	74.3	5.0	72.2	7.0	69.0	6.0	64.1	22.0	69.5	5	100.0
08/30/2006 02:45	1.0	77.2	3.0	73.7	3.0	72.3	7.0	68.6	2.0	64.5	16.0	70.3	5	100.0
08/30/2006 02:50	0.0	77.2	1.0	73.7	1.0	71.9	4.0	69.7	4.0	64.2	10.0	68.1	5	100.0
08/30/2006 02:55	1.0	77.2	4.0	73.8	3.0	72.4	7.0	68.7	4.0	64.2	19.0	69.9	5	100.0
08/30/2006 03:00	1.0	76.6	2.0	74.0	4.0	72.3	5.0	70.0	6.0	63.0	18.0	69.0	5	100.0
08/30/2006 03:05	0.0	76.6	2.0	74.1	3.0	72.6	6.0	70.2	1.0	64.2	12.0	71.0	5	100.0
08/30/2006 03:10	1.0	76.8	1.0	74.5	6.0	72.5	4.0	69.6	1.0	64.5	13.0	71.5	5	100.0
08/30/2006 03:15	0.0	76.8	1.0	74.1	2.0	72.3	3.0	69.8	1.0	64.3	7.0	70.3	5	100.0
08/30/2006 03:20	0.0	76.8	2.0	73.9	1.0	72.3	4.0	69.2	4.0	64.5	11.0	68.6	5	100.0
08/30/2006 03:25	1.0	76.9	1.0	74.4	1.0	72.8	4.0	69.9	4.0	65.4	11.0	69.6	5	100.0
08/30/2006 03:30	1.0	76.9	3.0	74.2	1.0	72.0	6.0	69.3	3.0	66.1	14.0	70.4	5	100.0
08/30/2006 03:35	0.0	76.9	2.0	73.9	4.0	72.6	4.0	68.5	2.0	66.3	12.0	70.4	5	100.0
08/30/2006 03:40	0.0	76.9	3.0	74.2	5.0	72.0	6.0	68.7	4.0	66.4	18.0	70.0	5	100.0
08/30/2006 03:45	0.0	76.9	1.0	73.7	4.0	72.1	5.0	69.0	4.0	66.6	14.0	69.5	5	100.0
08/30/2006 03:50	0.0	76.9	2.0	74.0	2.0	71.9	4.0	69.7	5.0	64.6	13.0	68.7	5	100.0
08/30/2006 03:55	0.0	76.9	2.0	74.1	4.0	70.6	5.0	66.4	5.0	62.3	16.0	67.1	5	100.0
08/30/2006 04:00	0.0	76.9	3.0	74.2	6.0	70.3	3.0	67.6	4.0	62.8	16.0	68.6	5	100.0
08/30/2006 04:05	1.0	77.0	3.0	74.2	4.0	70.5	6.0	68.6	4.0	63.2	18.0	69.2	5	100.0
08/30/2006 04:10	0.0	77.0	4.0	74.5	4.0	71.3	5.0	69.6	4.0	62.7	17.0	69.5	5	100.0
08/30/2006 04:15	0.0	77.0	4.0	74.5	5.0	71.9	6.0	68.4	5.0	62.7	20.0	69.1	5	100.0
08/30/2006 04:20	0.0	77.0	5.0	74.4	4.0	71.6	8.0	68.9	7.0	64.4	24.0	69.2	5	100.0
08/30/2006 04:25	0.0	77.0	3.0	74.3	7.0	71.9	9.0	67.8	6.0	65.0	25.0	69.1	5	100.0
08/30/2006 04:30	1.0	76.5	4.0	74.2	7.0	71.8	7.0	68.6	8.0	64.5	27.0	69.3	5	100.0
08/30/2006 04:35	0.0	76.5	5.0	74.5	9.0	71.8	9.0	67.7	11.0	66.8	34.0	69.5	5	100.0
08/30/2006 04:40	1.0	76.3	3.0	74.4	8.0	66.3	9.0	67.9	10.0	66.2	31.0	67.8	5	100.0
08/30/2006 04:45	2.0	76.4	6.0	74.2	8.0	69.1	11.0	73.1	7.0	65.7	34.0	71.0	5	100.0
08/30/2006 04:50	1.0	76.7	5.0	74.1	9.0	71.3	7.0	71.8	9.0	64.9	31.0	70.2	5	100.0
08/30/2006 04:55	1.0	76.9	5.0	74.2	5.0	70.9	7.0	71.0	9.0	64.5	27.0	69.6	5	100.0
08/30/2006 05:00	0.0	76.9	7.0	74.5	8.0	71.6	9.0	68.8	7.0	64.1	31.0	69.7	5	100.0
08/30/2006 05:05	1.0	77.1	9.0	74.6	9.0	71.8	11.0	66.2	8.0	63.5	38.0	69.2	5	100.0
08/30/2006 05:10	0.0	77.1	7.0	74.3	8.0	71.6	11.0	66.2	9.0	62.3	35.0	68.1	5	100.0
08/30/2006 05:15	0.0	77.1	12.0	74.7	15.0	68.5	13.0	65.7	11.0	62.2	51.0	67.9	5	100.0
08/30/2006 05:20	0.0	77.1	15.0	74.6	14.0	61.8	15.0	64.8	11.0	62.1	55.0	66.2	5	100.0
08/30/2006 05:25	1.0	76.6	14.0	74.2	15.0	67.8	16.0	69.2	13.0	64.4	59.0	69.1	5	100.0
08/30/2006 05:30	3.0	76.7	17.0	73.8	18.0	68.5	15.0	66.3	13.0	62.4	66.0	68.5	5	100.0
08/30/2006 05:35	1.0	76.4	15.0	74.4	15.0	70.2	17.0	68.0	15.0	65.4	63.0	69.6	5	100.0
08/30/2006 05:40	1.0	76.8	29.0	72.1	19.0	65.4	20.0	63.9	20.0	64.9	89.0	67.3	5	100.0
08/30/2006 05:45	3.0	76.6	21.0	72.9	19.0	66.3	21.0	71.7	17.0	69.3	81.0	70.4	5	100.0
08/30/2006 05:50	1.0	76.9	19.0	74.7	18.0	70.4	18.0	75.8	19.0	67.4	75.0	72.1	5	100.0
08/30/2006 05:55	2.0	76.7	18.0	71.3	19.0	71.6	21.0	77.0	17.0	66.6	77.0	72.0	5	100.0
08/30/2006 06:00	1.0	76.6	21.0	73.4	23.0	67.7	19.0	67.2	21.0	67.8	85.0	69.1	5	100.0
08/30/2006 06:05	1.0	77.2	23.0	76.1	23.0	65.2	19.0	62.8	15.0	59.7	81.0	66.9	5	100.0
08/30/2006 06:10	0.0	77.2	11.0	75.5	14.0	63.9	17.0	62.7	13.0	60.3	55.0	65.0	5	100.0
08/30/2006 06:15	4.0	76.7	28.0	74.3	28.0	63.1	23.0	61.0	19.0	57.5	102.0	65.2	5	100.0
08/30/2006 06:20	3.0	76.8	35.0	75.8	33.0	65.2	27.0	61.4	23.0	59.9	121.0	66.7	5	100.0
08/30/2006 06:25	6.0	77.1	36.0	76.5	33.0	64.1	29.0	63.1	23.0	63.1	127.0	67.8	5	100.0
08/30/2006 06:30	8.0	77.0	44.0	76.9	33.0	62.4	34.0	64.4	25.0	58.0	144.0	67.4	5	100.0
08/30/2006 06:35	4.0	76.9	43.0	75.8	33.0	60.8	32.0	60.0	30.0	57.5	142.0	64.9	5	100.0
08/30/2006 06:40	5.0	77.1	42.0	73.9	37.0	62.9	32.0	63.0	29.0	60.5	145.0	66.1	5	100.0
08/30/2006 06:45	2.0	76.4	42.0	73.3	33.0	59.8	27.0	66.3	31.0	63.5	135.0	66.4	5	100.0
08/30/2006 06:50	8.0	75.4	48.0	72.7	43.0	61.1	34.0	63.2	35.0	60.3	168.0	65.4	5	100.0
08/30/2006 06:55	6.0	76.3	39.0	73.8	37.0	64.2	35.0	64.8	37.0	62.9	154.0	66.9	5	100.0
08/30/2006 07:00	8.0	77.1	45.0	71.7	38.0	64.7	35.0	67.3	34.0	61.9	160.0	67.3	5	100.0
08/30/2006 07:05	5.0	76.5	36.0	69.1	37.0	64.4	38.0	64.4	29.0	61.8	145.0	65.5	5	100.0
08/30/2006 07:10	5.0	76.4	44.0	66.1	40.0	63.0	34.0	64.8	39.0	62.5	162.0	64.5	5	100.0
08/30/2006 07:15	9.0	77.0	50.0	66.1	43.0	65.3	38.0	63.7	41.0	62.7	181.0	65.2	5	100.0
08/30/2006 07:20	7.0	76.4	54.0	66.2	45.0	65.3	41.0	64.4	38.0	63.4	185.0	65.4	5	100.0
08/30/2006 07:25	9.0	77.0	58.0	65.7	42.0	62.9	42.0	63.7	45.0	61.6	196.0	64.2	5	100.0
08/30/2006 07:30	7.0	77.1	52.0	64.8	43.0	59.0	44.0	64.9	51.0	63.9	197.0	63.8	5	100.0
08/30/2006 07:35	6.0	76.2	59.0	64.6	51.0	59.9	47.0	66.6	46.0	61.2	209.0	63.5	5	100.0
08/30/2006 07:40	6.0	76.6	63.0	64.3	44.0	56.4	50.0	64.2	50.0	62.6	213.0	62.6	5	100.0
08/30/2006 07:45	7.0	76.6	50.0	63.0	43.0	56.0	44.0	68.5	48.0	63.6	192.0	63.3	5	100.0
08/30/2006 07:50	7.0	76.4	56.0	62.8	42.0	56.6	42.0	68.2	51.0	62.6	198.0	63.1	5	100.0
08/30/2006 07:55	9.0	75.8	54.0	62.3	49.0	57.3	41.0	64.4	49.0	61.9	202.0	62.0	5	100.0
08/30/2006 08:00	9.0	77.0	57.0	62.7	41.0	54.1	44.0	66.3	48.0	60.8	199.0	61.9	5	100.0
08/30/2006 08:05	7.0	77.0	61.0	62.8	44.0	55.7	47.0	68.4	49.0	60.2	208.0	62.4	5	100.0
08/30/2006 08:10	8.0	76.1	61.0	63.9	40.0	56.1	43.0	68.4	45.0	60.5	197.0	63.0	5	100.0
08/30/2006 08:15	8.0	76.4	56.0	61.8	43.0	53.3	44.0	65.2	52.0	60.0	203.0	60.9	5	100.0
08/30/2006 08:20	7.0	76.3	57.0	61.2	48.0	55.0	36.0	62.0	54.0	58.5	202.0	59.7	5	100.0
08/30/2006 08:25	8.0	76.9	57.0	60.2	44.0	54.1	43.0	61.3	53.0	57.8	205.0	59.2	5	100.0
08/30/2006 08:30	9.0	76.4	57.0	61.9	40.0	51.6	40.0	60.0	49.0	61.0	195.0	59.8	5	100.0
08/30/2006 08:35	14.0	77.6	53.0	61.3	38.0	48.6	45.0	61.7	50.0	56.3	200.0	58.9	5	100.0
08/30/2006 08:40	9.0	77.1	61.0	60.3	43.0	49.3	45.0	59.2	54.0	54.1	212.0	57.0	5	100.0
08/30/2006 08:45	7.0	76.6	53.0	58.6	42.0	48.7	42.0	58.2	50.0	55.2	194.0	56.1	5	100.0
08/30/2006 08:50	11.0	77.2	50.0	60.8	38.0	46.6	45.0	59.5	53.0	54.4	197.0	57.0	5	100.0
08/30/2006 08:55	7.0	76.9	52.0	62.9	40.0	54.5	41.0	59.6	45.0	55.6	185.0	59.1	5	100.0
08/30/2006 09:00	9.0	76.8	50.0	61.8	39.0	51.1	38.0	60.5	42.0	59.4	178.0	59.4	5	100.0
08/30/2006 09:05	5.0	76.8	48.0	61.2	45.0	52.4	42.0	63.9	43.0	59.0	183.0	59.6	5	100.0
08/30/2006 09:10	8.0	76.1	46.0	61.3	37.0	51.4	37.0	59.7	42.0	60.0	170.0	59.2	5	100.0
08/30/2006 09:15	8.0	75.7	51.0	60.3	43.0	49.0	45.0	62.3	43.0	59.0	190.0	58.6	5	100.0
08/30/2006 09:20	9.0	76.4	58.0	60.1	41.0	46.8	47.0	62.4	48.0	59.1	203.0	58.4	5	100.0
08/30/2006 09:25	13.0	75.1	58.0	60.2	45.0	47.9	41.0	59.7	55.0	59.7	212.0	58.3	5	100.0
08/30/2006 09:30	12.0	75.8	56.0	60.8	37.0	50.3	45.0	61.6	41.0	59.7	191.0	59.7	5	100.0
08/30/2006 09:35	11.0	76.3	54.0	60.1	41.0	48.3	42.0	58.7	50.0	58.8	198.0	57.9	5	100.0
08/30/2006 09:40	15.0	74.2	53.0	59.7	40.0	46.9	41.0	59.6	44.0	58.9	193.0	58.0	5	100.0
08/30/2006 09:45	11.0	74.9	53.0	61.5	42.0	48.3	44.0	57.9	51.0	58.6	201.0	58.0	5	100.0
08/30/2006 09:50	17.0	71.4	50.0	56.2	38.0	43.0	36.0	51.8	41.0	53.9	182.0	53.5	5	100.0
08/30/2006 09:55	29.0	63.6	53.0	47.9	39.0	38.1	33.0	46.4	43.0	46.4	197.0	47.7	5	100.0
08/30/2006 10:00	46.0	60.6	45.0	46.3	41.0	36.3	31.0	41.6	41.0	44.5	204.0	46.4	5	100.0
08/30/2006 10:05	35.0	67.8	45.0	51.8	39.0	39.1	45.0	46.1	52.0	46.2	216.0	49.6	5	100.0
08/30/2006 10:10	22.0	71.7	42.0	57.0	37.0	44.7	41.0	52.4	47.0	51.1	189.0	53.8	5	100.0
08/30/2006 10:15	31.0	76.2	42.0	60.7	39.0	47.6	40.0	56.0	39.0	53.0	191.0	58.0	5	100.0
08/30/2006 10:20	28.0	76.6	41.0	62.1	37.0	47.7	40.0	57.8	47.0	55.5	193.0	58.9	5	100.0
08/30/2006 10:25	21.0	78.3	42.0	61.8	37.0	47.0	36.0	54.5	47.0	54.1	183.0	57.3	5	100.0
08/30/2006 10:30	25.0	77.6	41.0	61.6	37.0	50.1	37.0	55.9	45.0	57.9	185.0	59.4	5	100.0
08/30/2006 10:35	26.0	79.1	39.0	61.7	35.0	51.5	39.0	57.0	45.0	57.7	184.0	60.2	5	100.0
08/30/2006 10:40	35.0	77.6	45.0	63.1	39.0	51.2	37.0	56.1	40.0	57.5	196.0	60.9	5	100.0
08/30/2006 10:45	35.0	74.8	49.0	60.8	41.0	49.1	37.0	53.0	43.0	54.2	205.0	58.1	5	100.0
08/30/2006 10:50	30.0	76.5	40.0	62.1	37.0	50.4	42.0	56.4	49.0	57.7	198.0	59.8	5	100.0
08/30/2006 10:55	27.0	76.1	41.0	61.7	37.0	49.7	40.0	59.5	43.0	58.6	188.0	60.2	5	100.0
08/30/2006 11:00	29.0	76.0	39.0	69.3	39.0	58.8	41.0	61.1	45.0	61.9	193.0	64.7	5	100.0
08/30/2006 11:05	28.0	77.1	43.0	71.2	36.0	62.4	37.0	64.6	39.0	64.1	183.0	67.5	5	100.0
08/30/2006 11:10	31.0	79.4	36.0	75.3	41.0	69.4	41.0	69.4	45.0	64.6	194.0	71.0	5	100.0
08/30/2006 11:15	24.0	77.5	37.0	77.9	38.0	71.1	39.0	68.3	45.0	65.6	183.0	71.4	5	100.0
08/30/2006 11:20	31.0	77.8	43.0	77.5	33.0	64.7	35.0	70.0	41.0	63.9	183.0	70.8	5	100.0
08/30/2006 11:25	29.0	76.2	43.0	75.3	41.0	61.4	44.0	65.2	47.0	59.5	204.0	66.8	5	100.0
08/30/2006 11:30	29.0	74.3	39.0	76.1	37.0	63.4	42.0	65.2	50.0	57.4	197.0	66.4	5	100.0
08/30/2006 11:35	30.0	74.5	43.0	77.1	38.0	66.5	37.0	62.6	45.0	63.2	193.0	68.6	5	100.0
08/30/2006 11:40	30.0	78.2	37.0	75.9	33.0	63.2	34.0	64.2	41.0	64.9	175.0	69.0	5	100.0
08/30/2006 11:45	29.0	77.6	39.0	76.8	34.0	62.5	33.0	63.0	40.0	63.8	175.0	68.6	5	100.0
08/30/2006 11:50	26.0	78.5	41.0	75.6	35.0	62.7	43.0	63.9	43.0	65.1	188.0	68.5	5	100.0
08/30/2006 11:55	27.0	80.2	39.0	78.1	35.0	65.5	39.0	69.7	43.0	65.5	183.0	71.2	5	100.0
08/30/2006 12:00	27.0	79.2	35.0	77.3	32.0	70.3	32.0	66.2	37.0	64.2	163.0	71.1	5	100.0
08/30/2006 12:05	17.0	78.9	27.0	74.8	27.0	66.9	28.0	64.5	32.0	63.1	131.0	68.6	5	100.0
08/30/2006 12:10	0.0	78.9	0.0	74.8	0.0	66.9	0.0	64.5	0.0	63.1	0.0	69.6	5	100.0
08/30/2006 12:15	18.0	73.9	18.0	62.0	17.0	54.8	17.0	51.6	22.0	53.1	92.0	58.9	5	0.0
08/30/2006 12:20	10.0	74.0	15.0	62.7	15.0	55.3	17.0	52.0	22.0	53.0	79.0	57.7	5	0.0
08/30/2006 12:25	15.0	73.9	21.0	62.4	20.0	55.7	21.0	52.3	26.0	53.3	103.0	58.4	5	0.0
08/30/2006 12:30	19.0	74.7	21.0	63.0	21.0	56.9	20.0	52.9	24.0	53.9	105.0	59.9	5	0.0
08/30/2006 12:35	16.0	75.3	21.0	63.5	21.0	58.7	20.0	52.8	23.0	54.2	101.0	60.1	5	0.0
08/30/2006 12:40	0.0	75.3	0.0	63.5	0.0	58.7	0.0	52.8	0.0	54.2	0.0	60.9	5	100.0
08/30/2006 12:45	19.0	76.2	31.0	68.8	31.0	65.4	30.0	59.0	37.0	58.9	148.0	64.6	5	100.0
08/30/2006 12:50	38.0	75.1	43.0	70.1	43.0	66.1	39.0	59.2	45.0	59.1	208.0	65.8	5	100.0
08/30/2006 12:55	33.0	77.2	43.0	69.6	37.0	66.6	40.0	61.6	50.0	59.4	203.0	66.2	5	100.0
08/30/2006 13:00	33.0	78.4	43.0	66.3	37.0	56.6	44.0	64.4	45.0	59.8	202.0	64.6	5	100.0
08/30/2006 13:05	5.0	77.6	4.0	69.9	4.0	63.9	4.0	66.4	4.0	61.8	21.0	68.4	5	100.0
08/30/2006 13:10	0.0	77.6	0.0	69.9	0.0	63.9	0.0	66.4	0.0	61.8	0.0	67.9	5	100.0
08/30/2006 13:15	14.0	77.8	12.0	71.4	16.0	68.3	12.0	66.3	10.0	60.7	64.0	69.4	5	100.0
08/30/2006 13:20	0.0	77.8	0.0	71.4	0.0	68.3	0.0	66.3	0.0	60.7	0.0	68.9	5	100.0
08/30/2006 13:25	0.0	77.8	0.0	71.4	0.0	68.3	0.0	66.3	0.0	60.7	0.0	68.9	5	100.0
08/30/2006 13:30	0.0	77.8	0.0	71.4	0.0	68.3	0.0	66.3	0.0	60.7	0.0	68.9	5	100.0
08/30/2006 13:35	0.0	77.8	0.0	71.4	0.0	68.3	0.0	66.3	0.0	60.7	0.0	68.9	5	100.0
08/30/2006 13:40	0.0	77.8	0.0	71.4	0.0	68.3	0.0	66.3	0.0	60.7	0.0	68.9	5	100.0
08/30/2006 13:45	0.0	77.8	0.0	71.4	0.0	68.3	0.0	66.3	0.0	60.7	0.0	68.9	5	100.0
08/30/2006 13:50	6.0	77.1	14.0	70.6	9.0	66.6	9.0	64.2	13.0	60.2	51.0	66.9	5	100.0
08/30/2006 13:55	0.0	77.1	0.0	70.6	0.0	66.6	0.0	64.2	0.0	60.2	0.0	67.7	5	100.0
08/30/2006 14:00	0.0	77.1	0.0	70.6	0.0	66.6	0.0	64.2	0.0	60.2	0.0	67.7	5	100.0
08/30/2006 14:05	0.0	77.1	0.0	70.6	0.0	66.6	0.0	64.2	0.0	60.2	0.0	67.7	5	100.0
08/30/2006 14:10	5.0	76.5	4.0	72.0	4.0	69.2	3.0	66.4	5.0	61.8	21.0	69.3	5	100.0
08/30/2006 14:15	57.0	63.2	55.0	66.0	45.0	62.1	48.0	61.5	50.0	59.6	255.0	62.6	5	100.0
08/30/2006 14:20	49.0	58.4	51.0	64.3	40.0	57.4	45.0	64.5	47.0	60.1	232.0	61.1	5	100.0
08/30/2006 14:25	53.0	54.4	51.0	61.8	47.0	57.2	41.0	60.1	41.0	61.5	233.0	58.8	5	100.0
08/30/2006 14:30	29.0	53.9	30.0	60.8	27.0	54.8	27.0	66.7	26.0	63.3	139.0	59.8	5	100.0
08/30/2006 14:35	53.0	52.8	48.0	61.5	38.0	50.8	45.0	70.0	45.0	61.3	229.0	59.3	5	100.0
08/30/2006 14:40	61.0	49.6	55.0	57.5	43.0	47.6	43.0	61.7	43.0	58.6	245.0	54.7	5	100.0
08/30/2006 14:45	60.0	49.7	59.0	58.5	44.0	47.8	50.0	63.7	47.0	60.3	260.0	56.0	5	100.0
08/30/2006 14:50	57.0	45.7	54.0	54.8	41.0	45.5	46.0	59.9	41.0	57.0	239.0	52.4	5	100.0
08/30/2006 14:55	53.0	40.8	50.0	48.3	43.0	39.6	41.0	55.9	44.0	51.3	231.0	46.9	5	100.0
08/30/2006 15:00	46.0	40.2	55.0	45.7	43.0	38.7	48.0	53.1	48.0	46.4	240.0	45.0	5	100.0
08/30/2006 15:05	36.0	40.0	52.0	44.3	43.0	38.3	47.0	53.6	43.0	45.9	221.0	44.7	5	100.0
08/30/2006 15:10	31.0	40.5	51.0	44.9	45.0	41.4	49.0	53.4	43.0	47.3	219.0	45.9	5	100.0
08/30/2006 15:15	39.0	40.4	57.0	42.0	45.0	38.6	41.0	50.3	45.0	44.9	227.0	43.1	5	100.0
08/30/2006 15:20	44.0	38.6	58.0	40.4	46.0	35.6	43.0	47.1	44.0	44.3	235.0	41.1	5	100.0
08/30/2006 15:25	20.0	38.9	27.0	37.7	26.0	37.6	23.0	43.3	23.0	42.3	119.0	39.9	5	100.0
08/30/2006 15:30	43.0	40.8	54.0	40.1	45.0	40.0	47.0	48.7	44.0	46.6	233.0	43.2	5	100.0
08/30/2006 15:35	40.0	40.5	53.0	42.1	45.0	41.7	47.0	54.3	41.0	48.2	226.0	45.4	5	100.0
08/30/2006 15:40	41.0	42.2	53.0	40.8	47.0	39.8	46.0	53.3	44.0	45.7	231.0	44.3	5	100.0
08/30/2006 15:45	17.0	45.5	22.0	43.6	18.0	42.3	18.0	53.1	17.0	48.8	92.0	46.5	5	100.0
08/30/2006 15:50	42.0	38.5	38.0	31.2	38.0	34.3	41.0	46.7	41.0	44.1	200.0	39.1	5	100.0
08/30/2006 15:55	45.0	37.0	45.0	33.4	43.0	36.0	41.0	44.8	42.0	45.1	216.0	39.1	5	100.0
08/30/2006 16:00	41.0	34.2	45.0	29.4	41.0	32.7	49.0	44.2	45.0	43.3	221.0	37.0	5	100.0
08/30/2006 16:05	40.0	32.5	45.0	25.7	43.0	28.4	42.0	40.8	43.0	39.9	213.0	33.4	5	100.0
08/30/2006 16:10	42.0	30.6	44.0	24.3	40.0	26.5	45.0	40.7	44.0	40.9	215.0	32.8	5	100.0
08/30/2006 16:15	45.0	31.2	49.0	28.0	42.0	28.6	47.0	44.7	47.0	42.1	230.0	35.0	5	100.0
08/30/2006 16:20	44.0	26.0	42.0	24.1	39.0	26.5	45.0	39.6	45.0	40.4	215.0	31.6	5	100.0
08/30/2006 16:25	41.0	31.7	46.0	31.6	41.0	31.4	50.0	45.9	42.0	43.6	220.0	37.1	5	100.0
08/30/2006 16:30	41.0	26.0	29.0	21.3	29.0	22.2	35.0	34.8	43.0	35.1	177.0	28.6	5	100.0
08/30/2006 16:35	37.0	22.7	20.0	13.6	21.0	14.9	31.0	25.3	36.0	28.2	145.0	22.2	5	100.0
08/30/2006 16:40	37.0	18.6	24.0	10.6	17.0	10.2	33.0	20.9	33.0	22.9	144.0	17.8	5	100.0
08/30/2006 16:45	31.0	15.5	22.0	8.5	19.0	8.4	25.0	16.6	29.0	18.0	126.0	14.0	5	100.0
08/30/2006 16:50	36.0	16.1	34.0	12.6	29.0	12.3	36.0	20.1	33.0	17.4	168.0	15.8	5	100.0
08/30/2006 16:55	40.0	23.1	36.0	16.9	41.0	20.6	43.0	31.9	43.0	32.1	203.0	25.3	5	100.0
08/30/2006 17:00	43.0	26.4	48.0	23.7	45.0	26.3	44.0	37.1	47.0	37.3	227.0	30.1	5	100.0
08/30/2006 17:05	48.0	30.3	50.0	30.8	43.0	31.9	49.0	41.7	46.0	42.4	236.0	35.4	5	100.0
08/30/2006 17:10	35.0	35.0	40.0	35.6	25.0	31.8	35.0	41.7	35.0	44.6	170.0	38.0	5	100.0
08/30/2006 17:15	38.0	24.1	38.0	23.7	36.0	28.0	37.0	31.7	40.0	34.7	189.0	28.5	5	0.0
08/30/2006 17:20	42.0	21.0	39.0	20.8	37.0	24.5	39.0	27.9	46.0	31.9	203.0	25.4	5	0.0
08/30/2006 17:25	45.0	20.2	42.0	22.5	41.0	24.9	40.0	28.6	45.0	31.2	213.0	25.5	5	0.0
08/30/2006 17:30	43.0	23.6	40.0	22.6	33.0	26.0	42.0	33.8	45.0	36.2	203.0	28.7	5	0.0
08/30/2006 17:35	41.0	20.5	43.0	23.5	42.0	27.6	42.0	33.1	45.0	35.0	213.0	28.1	5	0.0
08/30/2006 17:40	43.0	19.5	41.0	20.9	39.0	24.0	48.0	30.6	46.0	32.6	217.0	25.8	5	0.0
08/30/2006 17:45	47.0	21.1	46.0	24.6	47.0	27.7	49.0	30.7	48.0	30.4	237.0	27.0	5	0.0
08/30/2006 17:50	43.0	21.0	43.0	22.7	39.0	26.4	42.0	29.6	45.0	27.6	212.0	25.4	5	0.0
08/30/2006 17:55	46.0	23.4	45.0	27.2	42.0	30.9	42.0	32.3	42.0	29.7	217.0	28.6	5	0.0
08/30/2006 18:00	43.0	22.7	40.0	24.4	38.0	28.5	45.0	32.6	42.0	30.8	208.0	27.9	5	0.0
08/30/2006 18:05	43.0	23.5	46.0	22.8	44.0	26.7	46.0	29.9	46.0	31.2	225.0	26.9	5	0.0
08/30/2006 18:10	45.0	24.0	45.0	21.8	42.0	23.9	44.0	27.7	44.0	28.8	220.0	25.2	5	0.0
08/30/2006 18:15	45.0	25.6	48.0	25.4	45.0	29.6	46.0	32.8	45.0	32.2	229.0	29.1	5	0.0
08/30/2006 18:20	44.0	25.4	46.0	26.3	42.0	31.3	41.0	32.5	46.0	33.9	219.0	29.8	5	0.0
08/30/2006 18:25	41.0	27.3	47.0	25.4	41.0	32.0	43.0	34.1	47.0	35.8	219.0	30.9	5	0.0
08/30/2006 18:30	43.0	28.7	48.0	30.8	44.0	33.5	47.0	37.2	44.0	38.5	226.0	33.8	5	0.0
08/30/2006 18:35	47.0	29.5	51.0	31.4	45.0	33.3	49.0	37.8	43.0	38.7	235.0	34.1	5	0.0
08/30/2006 18:40	47.0	31.1	53.0	33.6	46.0	36.9	47.0	39.7	44.0	39.4	237.0	36.0	5	0.0
08/30/2006 18:45	45.0	28.2	47.0	31.5	43.0	37.4	49.0	40.1	47.0	39.8	231.0	35.5	5	0.0
08/30/2006 18:50	52.0	29.9	55.0	32.7	49.0	36.5	50.0	39.7	51.0	39.4	257.0	35.5	5	0.0
08/30/2006 18:55	42.0	28.5	46.0	31.1	42.0	34.1	41.0	35.7	44.0	36.6	215.0	33.2	5	0.0
08/30/2006 19:00	49.0	30.1	48.0	34.2	43.0	36.9	43.0	38.5	48.0	36.9	231.0	35.2	5	0.0
08/30/2006 19:05	50.0	31.8	51.0	37.3	45.0	39.4	45.0	42.2	45.0	41.2	236.0	38.2	5	0.0
08/30/2006 19:10	48.0	31.0	50.0	36.9	41.0	38.9	47.0	42.9	48.0	40.0	234.0	37.9	5	0.0
08/30/2006 19:15	55.0	32.1	55.0	37.3	51.0	40.3	50.0	42.7	44.0	38.9	255.0	38.1	5	0.0
08/30/2006 19:20	52.0	30.9	51.0	35.5	49.0	40.8	44.0	41.3	46.0	38.3	242.0	37.2	5	0.0
08/30/2006 19:25	45.0	29.7	48.0	35.4	44.0	40.8	43.0	40.6	47.0	38.5	227.0	36.9	5	0.0
08/30/2006 19:30	53.0	30.9	54.0	35.9	45.0	39.5	49.0	41.0	52.0	39.9	253.0	37.3	5	0.0
08/30/2006 19:35	49.0	30.5	44.0	37.0	46.0	43.6	43.0	45.0	46.0	42.5	228.0	39.6	5	0.0
08/30/2006 19:40	44.0	39.8	44.0	49.7	42.0	57.0	44.0	55.7	42.0	52.2	216.0	50.8	5	0.0
08/30/2006 19:45	48.0	45.7	49.0	55.2	40.0	58.3	45.0	60.6	48.0	57.7	230.0	55.3	5	0.0
08/30/2006 19:50	39.0	49.3	44.0	59.1	44.0	65.8	39.0	62.0	41.0	61.4	207.0	59.7	5	0.0
08/30/2006 19:55	39.0	50.3	52.0	60.7	45.0	69.5	45.0	66.9	45.0	61.2	226.0	62.0	5	0.0
08/30/2006 20:00	48.0	61.2	47.0	61.6	43.0	71.5	41.0	68.5	41.0	61.4	220.0	64.7	5	0.0
08/30/2006 20:05	48.0	65.9	41.0	61.1	39.0	69.8	37.0	68.6	39.0	60.6	204.0	65.2	5	0.0
08/30/2006 20:10	47.0	69.0	50.0	61.9	47.0	69.4	41.0	69.6	41.0	60.2	226.0	66.0	5	0.0
08/30/2006 20:15	37.0	70.0	42.0	63.8	34.0	67.1	34.0	71.7	35.0	63.1	182.0	67.0	5	0.0
08/30/2006 20:20	45.0	71.3	46.0	62.8	43.0	64.3	39.0	66.1	37.0	63.0	210.0	65.6	5	0.0
08/30/2006 20:25	42.0	71.0	45.0	63.6	39.0	63.8	39.0	62.7	41.0	64.5	206.0	65.2	5	0.0
08/30/2006 20:30	33.0	73.8	42.0	63.6	40.0	70.1	34.0	65.4	36.0	61.8	185.0	66.8	5	0.0
08/30/2006 20:35	33.0	74.8	41.0	63.6	40.0	70.3	40.0	67.9	37.0	63.1	191.0	67.7	5	0.0
08/30/2006 20:40	36.0	74.3	35.0	64.3	39.0	73.6	40.0	67.8	34.0	65.2	184.0	69.2	5	0.0
08/30/2006 20:45	31.0	73.4	41.0	63.9	37.0	74.2	35.0	69.6	34.0	65.0	178.0	69.0	5	0.0
08/30/2006 20:50	0.0	73.4	0.0	63.9	0.0	74.2	0.0	69.6	0.0	65.0	0.0	69.2	5	100.0
08/30/2006 20:55	27.0	66.5	35.0	63.4	34.0	73.1	31.0	68.6	33.0	64.8	160.0	67.3	5	100.0
08/30/2006 21:00	26.0	72.2	33.0	71.8	36.0	65.5	39.0	76.4	37.0	68.1	171.0	70.8	5	100.0
08/30/2006 21:05	34.0	74.0	41.0	77.3	34.0	64.6	33.0	75.8	33.0	69.7	175.0	72.5	5	100.0
08/30/2006 21:10	23.0	77.5	29.0	77.9	29.0	66.1	32.0	77.9	28.0	71.5	141.0	74.1	5	100.0
08/30/2006 21:15	30.0	76.4	35.0	79.7	34.0	64.0	32.0	79.2	30.0	70.2	161.0	73.9	5	100.0
08/30/2006 21:20	10.0	75.6	25.0	82.2	15.0	68.7	20.0	79.2	25.0	74.5	95.0	76.7	5	100.0
08/30/2006 21:25	26.0	75.8	34.0	73.7	34.0	68.5	35.0	67.5	29.0	63.7	158.0	69.7	5	0.0
08/30/2006 21:30	21.0	76.8	29.0	75.7	31.0	70.0	35.0	68.1	31.0	63.8	147.0	70.3	5	0.0
08/30/2006 21:35	28.0	75.1	34.0	72.4	36.0	69.2	39.0	66.7	34.0	58.9	171.0	68.2	5	0.0
08/30/2006 21:40	33.0	74.9	36.0	73.7	37.0	70.2	34.0	66.3	38.0	60.1	178.0	68.9	5	0.0
08/30/2006 21:45	26.0	77.1	34.0	73.5	36.0	70.6	35.0	65.6	32.0	56.9	163.0	68.5	5	0.0
08/30/2006 21:50	25.0	78.3	28.0	73.1	30.0	71.2	33.0	66.3	28.0	59.8	144.0	69.5	5	0.0
08/30/2006 21:55	29.0	77.1	35.0	74.8	29.0	70.1	36.0	69.0	34.0	59.5	163.0	69.9	5	0.0
08/30/2006 22:00	20.0	76.8	34.0	73.6	30.0	70.2	33.0	68.6	28.0	61.1	145.0	69.8	5	0.0
08/30/2006 22:05	24.0	75.4	32.0	73.2	31.0	72.5	31.0	70.0	29.0	62.1	147.0	70.5	5	0.0
08/30/2006 22:10	25.0	76.4	29.0	73.8	33.0	75.6	29.0	71.8	31.0	61.6	147.0	71.7	5	0.0
08/30/2006 22:15	24.0	75.8	29.0	74.6	28.0	74.1	30.0	71.9	25.0	60.0	136.0	71.4	5	0.0
08/30/2006 22:20	21.0	75.8	27.0	74.0	29.0	74.5	31.0	70.7	25.0	61.1	133.0	71.2	5	0.0
08/30/2006 22:25	19.0	76.9	27.0	72.5	29.0	75.8	25.0	66.9	28.0	63.6	128.0	70.9	5	0.0
08/30/2006 22:30	20.0	77.0	26.0	73.3	26.0	75.8	24.0	63.0	28.0	62.3	124.0	69.9	5	0.0
08/30/2006 22:35	26.0	75.3	29.0	73.2	28.0	72.0	31.0	67.7	27.0	62.1	141.0	70.0	5	0.0
08/30/2006 22:40	17.0	74.7	24.0	73.9	29.0	72.2	21.0	67.5	21.0	64.2	112.0	70.6	5	0.0
08/30/2006 22:45	17.0	75.1	29.0	74.3	25.0	73.1	23.0	65.1	24.0	65.4	118.0	70.6	5	0.0
08/30/2006 22:50	16.0	75.4	26.0	76.7	26.0	76.3	24.0	64.5	24.0	67.3	116.0	72.0	5	0.0
08/30/2006 22:55	17.0	75.4	28.0	77.0	28.0	75.5	28.0	68.1	24.0	67.2	125.0	72.6	5	0.0
08/30/2006 23:00	17.0	74.7	26.0	75.4	28.0	76.6	26.0	69.7	26.0	62.4	123.0	71.6	5	0.0
08/30/2006 23:05	15.0	76.0	22.0	74.5	22.0	73.8	22.0	65.3	17.0	62.3	98.0	70.4	5	0.0
08/30/2006 23:10	9.0	76.3	13.0	74.9	13.0	73.8	11.0	67.3	11.0	63.2	57.0	71.1	5	0.0
08/30/2006 23:15	15.0	76.0	23.0	74.1	23.0	75.0	20.0	68.3	17.0	65.3	98.0	71.9	5	0.0
08/30/2006 23:20	9.0	76.5	20.0	74.8	20.0	75.7	17.0	68.5	16.0	62.5	82.0	71.5	5	0.0
08/30/2006 23:25	16.0	76.7	26.0	75.1	20.0	71.2	21.0	68.1	19.0	62.6	102.0	70.8	5	0.0
08/30/2006 23:30	13.0	76.8	20.0	75.6	18.0	71.8	19.0	65.9	20.0	63.8	90.0	70.3	5	0.0
08/30/2006 23:35	11.0	76.8	20.0	75.1	17.0	72.7	15.0	67.2	15.0	60.6	78.0	70.5	5	0.0
08/30/2006 23:40	10.0	76.9	20.0	75.3	20.0	71.4	19.0	70.6	16.0	63.4	85.0	71.3	5	0.0
08/30/2006 23:45	14.0	77.1	21.0	76.1	19.0	67.0	16.0	65.3	14.0	58.8	84.0	69.3	5	0.0
08/30/2006 23:50	13.0	77.3	17.0	75.8	21.0	70.3	17.0	67.5	16.0	55.4	84.0	69.1	5	0.0
08/30/2006 23:55	8.0	76.8	19.0	75.5	18.0	69.0	19.0	66.7	13.0	60.6	77.0	69.4	5	0.0
08/31/2006 00:00	7.0	76.5	18.0	74.0	15.0	72.0	17.0	69.2	14.0	64.5	71.0	70.8	5	0.0
08/31/2006 00:05	7.0	76.4	18.0	72.5	16.0	69.0	15.0	70.0	13.0	63.5	69.0	69.8	5	0.0
08/31/2006 00:10	10.0	76.6	18.0	73.2	17.0	71.4	16.0	71.8	14.0	60.6	75.0	70.6	5	0.0
08/31/2006 00:15	7.0	76.5	17.0	73.4	19.0	74.0	13.0	66.8	13.0	63.1	69.0	70.7	5	0.0
08/31/2006 00:20	8.0	76.4	11.0	73.4	14.0	73.4	13.0	68.2	10.0	63.5	56.0	70.9	5	0.0
08/31/2006 00:25	7.0	76.6	12.0	73.6	12.0	72.4	12.0	69.3	10.0	63.7	53.0	70.9	5	0.0
08/31/2006 00:30	5.0	76.7	12.0	73.8	11.0	72.7	11.0	68.1	7.0	63.5	46.0	70.9	5	0.0
08/31/2006 00:35	6.0	76.6	9.0	74.3	9.0	72.7	11.0	69.1	9.0	63.5	44.0	70.8	5	0.0
08/31/2006 00:40	6.0	76.4	14.0	73.5	13.0	72.2	14.0	70.5	10.0	64.2	57.0	71.1	5	0.0
08/31/2006 00:45	4.0	76.3	13.0	73.7	12.0	71.8	13.0	69.0	10.0	64.3	52.0	70.5	5	0.0
08/31/2006 00:50	6.0	76.5	11.0	73.2	12.0	70.2	10.0	67.6	8.0	62.7	47.0	69.9	5	0.0
08/31/2006 00:55	5.0	76.4	12.0	73.9	12.0	70.3	12.0	67.1	9.0	62.9	50.0	69.7	5	0.0
08/31/2006 01:00	3.0	76.4	10.0	74.0	12.0	71.8	11.0	69.1	8.0	63.9	44.0	70.5	5	0.0
08/31/2006 01:05	5.0	76.3	10.0	73.6	9.0	72.3	10.0	69.7	8.0	64.7	42.0	71.0	5	0.0
08/31/2006 01:10	4.0	76.6	11.0	74.1	13.0	71.9	10.0	69.3	9.0	63.9	47.0	70.7	5	0.0
08/31/2006 01:15	4.0	76.7	8.0	73.5	9.0	71.8	8.0	67.4	7.0	65.0	36.0	70.4	5	0.0
08/31/2006 01:20	1.0	76.4	8.0	73.9	9.0	71.9	9.0	68.7	7.0	65.0	34.0	70.2	5	0.0
08/31/2006 01:25	3.0	76.6	9.0	73.9	8.0	71.3	7.0	69.2	7.0	64.7	34.0	70.7	5	0.0
08/31/2006 01:30	2.0	76.5	6.0	73.8	6.0	71.9	7.0	68.9	6.0	64.0	27.0	70.1	5	0.0
08/31/2006 01:35	1.0	76.3	8.0	73.7	8.0	71.3	8.0	70.0	6.0	64.4	31.0	70.4	5	0.0
08/31/2006 01:40	4.0	76.4	6.0	73.6	6.0	71.8	8.0	68.3	5.0	64.5	29.0	70.6	5	0.0
08/31/2006 01:45	3.0	76.6	9.0	74.0	8.0	72.2	8.0	67.7	5.0	64.9	33.0	70.9	5	0.0
08/31/2006 01:50	2.0	76.6	7.0	74.1	8.0	71.3	9.0	67.1	6.0	64.5	32.0	69.8	5	0.0
08/31/2006 01:55	1.0	76.3	8.0	74.4	9.0	71.4	10.0	69.0	6.0	64.7	34.0	70.4	5	0.0
08/31/2006 02:00	2.0	76.4	7.0	74.2	7.0	71.3	8.0	67.8	6.0	64.4	30.0	70.0	5	0.0
08/31/2006 02:05	2.0	76.3	8.0	73.4	7.0	70.4	8.0	69.3	8.0	64.0	33.0	69.7	5	0.0
08/31/2006 02:10	1.0	76.1	5.0	73.3	7.0	71.3	8.0	69.1	6.0	64.3	27.0	69.6	5	0.0
08/31/2006 02:15	2.0	76.3	4.0	73.6	7.0	71.4	6.0	68.9	5.0	64.6	24.0	70.1	5	0.0
08/31/2006 02:20	2.0	76.2	5.0	73.8	8.0	71.3	7.0	69.4	4.0	64.6	26.0	70.6	5	0.0
08/31/2006 02:25	1.0	76.1	7.0	73.8	7.0	70.0	7.0	66.9	3.0	64.9	25.0	69.8	5	0.0
08/31/2006 02:30	1.0	76.5	7.0	73.9	6.0	70.7	7.0	66.0	6.0	65.0	27.0	69.3	5	0.0
08/31/2006 02:35	1.0	76.3	5.0	73.9	6.0	70.9	9.0	65.6	4.0	63.7	25.0	68.7	5	0.0
08/31/2006 02:40	1.0	76.4	4.0	73.9	5.0	71.4	6.0	66.7	3.0	63.9	19.0	69.5	5	0.0
08/31/2006 02:45	1.0	76.4	4.0	73.9	4.0	71.3	5.0	68.0	2.0	63.9	16.0	70.3	5	0.0
08/31/2006 02:50	0.0	76.4	3.0	74.0	4.0	71.5	7.0	68.1	5.0	64.4	19.0	68.8	5	0.0
08/31/2006 02:55	0.0	76.4	4.0	74.2	4.0	71.8	6.0	69.4	5.0	64.5	19.0	69.6	5	0.0
08/31/2006 03:00	1.0	76.3	3.0	74.1	3.0	71.6	4.0	69.2	2.0	64.4	13.0	70.7	5	0.0
08/31/2006 03:05	1.0	76.4	3.0	74.0	2.0	72.0	4.0	68.9	4.0	64.7	14.0	69.8	5	0.0
08/31/2006 03:10	0.0	76.4	3.0	74.0	6.0	71.3	5.0	67.9	4.0	64.7	18.0	69.3	5	0.0
08/31/2006 03:15	1.0	76.6	4.0	73.7	4.0	71.5	4.0	66.5	2.0	64.2	15.0	70.1	5	0.0
08/31/2006 03:20	1.0	76.6	4.0	73.8	4.0	72.1	5.0	68.8	4.0	64.1	18.0	70.0	5	0.0
08/31/2006 03:25	1.0	76.6	4.0	73.7	6.0	71.7	4.0	68.2	5.0	64.9	20.0	69.9	5	0.0
08/31/2006 03:30	1.0	76.7	3.0	73.8	4.0	71.6	5.0	68.8	6.0	65.0	19.0	69.4	5	0.0
08/31/2006 03:35	0.0	76.7	4.0	74.0	4.0	71.7	6.0	63.4	3.0	64.9	17.0	68.1	5	0.0
08/31/2006 03:40	0.0	76.7	3.0	73.9	4.0	71.7	5.0	65.1	5.0	65.1	17.0	68.2	5	0.0
08/31/2006 03:45	0.0	76.7	3.0	74.1	5.0	70.8	5.0	66.7	3.0	64.7	16.0	69.0	5	0.0
08/31/2006 03:50	1.0	76.8	4.0	74.1	4.0	70.8	7.0	68.2	4.0	64.3	20.0	69.5	5	0.0
08/31/2006 03:55	1.0	76.8	3.0	74.2	5.0	71.1	6.0	68.2	4.0	64.1	19.0	69.5	5	0.0
08/31/2006 04:00	0.0	76.8	4.0	74.4	5.0	71.6	7.0	68.2	8.0	64.6	24.0	68.7	5	0.0
08/31/2006 04:05	1.0	76.8	3.0	74.2	4.0	72.1	7.0	66.7	4.0	65.6	19.0	69.3	5	0.0
08/31/2006 04:10	1.0	76.8	4.0	74.0	5.0	72.2	6.0	66.3	6.0	65.4	22.0	69.3	5	0.0
08/31/2006 04:15	0.0	76.8	4.0	74.1	7.0	72.5	5.0	65.0	5.0	64.8	21.0	69.2	5	0.0
08/31/2006 04:20	0.0	76.8	0.0	74.1	0.0	72.5	0.0	65.0	0.0	64.8	0.0	70.6	5	100.0
08/31/2006 04:25	6.0	75.7	8.0	74.5	6.0	72.3	10.0	71.6	8.0	65.8	38.0	71.7	5	100.0
08/31/2006 04:30	0.0	75.7	3.0	74.2	5.0	72.0	10.0	68.7	5.0	63.6	23.0	69.0	5	100.0
08/31/2006 04:35	1.0	76.4	6.0	74.3	6.0	70.9	7.0	60.8	8.0	62.7	28.0	67.0	5	100.0
08/31/2006 04:40	5.0	76.2	10.0	74.7	10.0	52.5	5.0	64.2	5.0	64.8	35.0	65.7	5	100.0
08/31/2006 04:45	0.0	76.2	0.0	74.7	0.0	52.5	0.0	64.2	0.0	64.8	0.0	66.5	5	100.0
08/31/2006 04:50	0.0	76.2	0.0	74.7	0.0	52.5	0.0	64.2	1.0	64.1	1.0	64.1	5	100.0
08/31/2006 04:55	1.0	76.0	5.0	74.1	8.0	62.8	7.0	67.6	9.0	64.0	30.0	66.6	5	100.0
08/31/2006 05:00	0.0	76.0	7.0	74.3	9.0	67.2	8.0	64.7	9.0	65.4	33.0	67.6	5	100.0
08/31/2006 05:05	0.0	76.0	10.0	74.4	10.0	68.9	11.0	69.8	8.0	65.9	39.0	69.9	5	100.0
08/31/2006 05:10	1.0	76.1	7.0	73.6	12.0	70.8	9.0	70.5	11.0	65.8	40.0	70.0	5	100.0
08/31/2006 05:15	1.0	76.7	11.0	74.3	15.0	64.7	11.0	67.7	11.0	61.5	49.0	67.1	5	100.0
08/31/2006 05:20	0.0	76.7	14.0	74.9	17.0	66.8	12.0	66.5	14.0	59.8	57.0	67.0	5	100.0
08/31/2006 05:25	1.0	76.4	17.0	74.2	16.0	71.5	17.0	71.4	11.0	58.8	62.0	70.0	5	100.0
08/31/2006 05:30	1.0	76.9	10.0	74.1	16.0	72.8	16.0	70.9	14.0	62.4	57.0	70.0	5	100.0
08/31/2006 05:35	4.0	76.7	11.0	74.1	17.0	73.9	14.0	66.1	11.0	64.6	57.0	70.4	5	100.0
08/31/2006 05:40	2.0	76.7	18.0	74.6	21.0	71.3	21.0	65.1	21.0	64.3	83.0	68.8	5	100.0
08/31/2006 05:45	1.0	76.5	17.0	74.8	19.0	67.8	21.0	72.5	17.0	65.7	75.0	70.3	5	100.0
08/31/2006 05:50	1.0	76.9	21.0	73.9	20.0	71.5	23.0	70.9	19.0	64.3	84.0	70.4	5	100.0
08/31/2006 05:55	0.0	76.9	17.0	73.2	23.0	72.4	24.0	79.2	18.0	62.7	82.0	72.4	5	100.0
08/31/2006 06:00	3.0	76.7	22.0	75.1	24.0	77.4	19.0	61.9	17.0	58.3	85.0	69.5	5	100.0
08/31/2006 06:05	2.0	76.9	19.0	73.8	21.0	75.3	24.0	62.0	14.0	59.6	80.0	68.2	5	100.0
08/31/2006 06:10	3.0	77.2	26.0	74.3	21.0	70.6	23.0	60.2	17.0	58.8	90.0	67.0	5	100.0
08/31/2006 06:15	2.0	76.4	26.0	75.2	27.0	73.8	25.0	55.1	20.0	56.2	100.0	66.0	5	100.0
08/31/2006 06:20	0.0	76.4	35.0	75.7	20.0	61.6	25.0	51.4	10.0	62.0	90.0	64.3	5	100.0
08/31/2006 06:25	4.0	76.6	34.0	75.2	31.0	75.8	28.0	55.2	28.0	64.2	125.0	68.4	5	0.0
08/31/2006 06:30	8.0	76.6	35.0	74.6	29.0	74.2	30.0	57.4	27.0	62.9	129.0	68.2	5	0.0
08/31/2006 06:35	5.0	76.6	39.0	74.4	31.0	71.9	31.0	57.1	30.0	65.5	136.0	68.0	5	0.0
08/31/2006 06:40	6.0	76.9	37.0	73.5	33.0	73.2	30.0	59.3	31.0	67.1	137.0	69.0	5	0.0
08/31/2006 06:45	5.0	76.1	46.0	72.3	41.0	74.3	34.0	58.6	36.0	65.9	162.0	68.6	5	0.0
08/31/2006 06:50	4.0	76.0	42.0	72.8	36.0	75.3	36.0	58.7	37.0	67.2	155.0	68.9	5	0.0
08/31/2006 06:55	8.0	76.4	42.0	73.1	39.0	76.2	33.0	55.7	38.0	66.7	160.0	68.9	5	0.0
08/31/2006 07:00	5.0	76.7	40.0	70.8	39.0	75.2	36.0	59.0	38.0	63.4	158.0	67.6	5	0.0
08/31/2006 07:05	5.0	76.4	36.0	70.8	35.0	72.0	32.0	59.3	35.0	61.3	143.0	66.4	5	0.0
08/31/2006 07:10	7.0	76.4	41.0	69.3	34.0	68.9	33.0	59.6	35.0	58.5	150.0	64.9	5	0.0
08/31/2006 07:15	0.0	76.4	0.0	69.3	0.0	68.9	0.0	59.6	0.0	58.5	0.0	66.5	5	100.0
08/31/2006 07:20	0.0	76.4	0.0	69.3	0.0	68.9	0.0	59.6	0.0	58.5	0.0	66.5	5	100.0
08/31/2006 07:25	4.0	76.6	29.0	69.1	22.0	67.4	21.0	64.9	22.0	58.5	98.0	65.7	5	100.0
08/31/2006 07:30	7.0	76.5	49.0	67.9	39.0	63.4	40.0	67.1	38.0	57.6	173.0	64.8	5	100.0
08/31/2006 07:35	6.0	76.3	47.0	66.3	35.0	60.5	35.0	62.1	39.0	55.4	162.0	61.9	5	100.0
08/31/2006 07:40	6.0	76.2	52.0	66.0	38.0	57.6	41.0	63.6	43.0	57.2	180.0	61.9	5	100.0
08/31/2006 07:45	5.0	76.7	47.0	66.3	41.0	61.5	33.0	60.4	42.0	58.8	168.0	62.4	5	100.0
08/31/2006 07:50	9.0	76.9	51.0	66.0	39.0	59.3	35.0	61.1	37.0	58.4	171.0	62.4	5	100.0
08/31/2006 07:55	8.0	77.3	51.0	65.5	41.0	59.4	41.0	60.3	41.0	56.4	182.0	61.4	5	100.0
08/31/2006 08:00	8.0	77.1	49.0	66.8	41.0	64.8	41.0	58.0	45.0	57.1	184.0	62.5	5	100.0
08/31/2006 08:05	7.0	76.7	45.0	67.4	41.0	66.1	38.0	61.5	37.0	55.9	168.0	63.6	5	100.0
08/31/2006 08:10	7.0	76.3	47.0	67.0	36.0	63.2	44.0	64.1	36.0	56.7	170.0	63.6	5	100.0
08/31/2006 08:15	7.0	76.3	59.0	63.4	46.0	58.9	47.0	64.0	51.0	56.1	210.0	61.2	5	100.0
08/31/2006 08:20	13.0	75.3	43.0	61.6	32.0	60.9	29.0	61.6	27.0	57.3	144.0	61.9	5	100.0
08/31/2006 08:25	15.0	72.5	53.0	49.7	35.0	44.9	39.0	48.9	2.0	55.5	144.0	50.8	5	100.0
08/31/2006 08:30	19.0	64.8	52.0	42.3	40.0	35.9	41.0	39.0	31.0	37.5	183.0	41.7	5	100.0
08/31/2006 08:35	17.0	62.5	54.0	39.5	41.0	34.5	44.0	36.7	42.0	33.8	198.0	38.6	5	100.0
08/31/2006 08:40	11.0	66.2	57.0	41.2	41.0	35.2	44.0	40.5	42.0	36.1	195.0	40.1	5	100.0
08/31/2006 08:45	15.0	66.7	55.0	42.8	41.0	36.9	45.0	43.2	40.0	39.3	196.0	42.8	5	100.0
08/31/2006 08:50	15.0	63.6	53.0	43.7	42.0	37.4	41.0	40.8	41.0	38.4	192.0	42.1	5	100.0
08/31/2006 08:55	15.0	63.4	52.0	41.6	39.0	32.4	41.0	35.1	41.0	31.1	188.0	37.7	5	100.0
08/31/2006 09:00	16.0	64.5	49.0	34.7	40.0	27.1	37.0	32.2	35.0	24.9	177.0	33.2	5	100.0
08/31/2006 09:05	19.0	61.9	49.0	29.2	33.0	22.4	35.0	26.5	32.0	19.4	168.0	29.1	5	100.0
08/31/2006 09:10	14.0	61.3	44.0	25.9	33.0	20.8	32.0	23.4	31.0	17.7	154.0	25.9	5	100.0
08/31/2006 09:15	15.0	57.0	50.0	27.7	41.0	23.3	39.0	25.2	37.0	17.5	182.0	26.5	5	100.0
08/31/2006 09:20	24.0	60.5	53.0	34.5	40.0	27.5	41.0	30.0	39.0	26.8	197.0	33.8	5	100.0
08/31/2006 09:25	15.0	64.5	50.0	37.8	38.0	30.9	42.0	34.5	43.0	31.3	188.0	36.3	5	100.0
08/31/2006 09:30	17.0	65.6	47.0	35.8	39.0	30.7	41.0	35.1	43.0	31.7	187.0	36.3	5	100.0
08/31/2006 09:35	18.0	64.2	55.0	39.9	33.0	29.5	41.0	36.3	43.0	32.8	190.0	38.0	5	100.0
08/31/2006 09:40	19.0	64.7	52.0	38.7	40.0	29.5	40.0	34.9	39.0	31.1	190.0	37.0	5	100.0
08/31/2006 09:45	15.0	65.3	49.0	40.8	36.0	32.4	39.0	36.5	39.0	33.0	178.0	38.5	5	100.0
08/31/2006 09:50	23.0	64.0	49.0	39.0	36.0	31.5	39.0	35.6	37.0	32.6	184.0	38.7	5	100.0
08/31/2006 09:55	31.0	61.6	52.0	42.1	36.0	30.7	41.0	37.8	39.0	34.8	199.0	40.8	5	100.0
08/31/2006 10:00	39.0	64.7	49.0	48.5	35.0	33.5	40.0	39.9	41.0	31.4	204.0	43.9	5	100.0
08/31/2006 10:05	35.0	61.4	42.0	46.9	39.0	34.0	33.0	35.4	30.0	23.1	179.0	40.8	5	100.0
08/31/2006 10:10	41.0	55.6	43.0	43.2	35.0	32.0	35.0	30.8	37.0	23.4	191.0	37.7	5	100.0
08/31/2006 10:15	41.0	58.0	48.0	44.9	41.0	31.9	34.0	26.5	29.0	19.4	193.0	37.8	5	100.0
08/31/2006 10:20	32.0	66.5	46.0	50.2	40.0	38.4	41.0	32.6	36.0	26.4	195.0	42.4	5	100.0
08/31/2006 10:25	34.0	70.3	43.0	54.7	40.0	42.6	45.0	41.0	43.0	36.1	205.0	48.0	5	100.0
08/31/2006 10:30	28.0	72.5	41.0	59.4	35.0	47.4	35.0	44.1	34.0	41.8	173.0	52.5	5	100.0
08/31/2006 10:35	27.0	75.5	37.0	62.7	31.0	52.7	36.0	46.9	37.0	46.1	168.0	55.9	5	100.0
08/31/2006 10:40	29.0	76.3	42.0	62.1	40.0	52.6	44.0	48.3	33.0	49.9	188.0	56.9	5	100.0
08/31/2006 10:45	38.0	75.3	44.0	61.6	39.0	51.9	42.0	50.8	39.0	50.8	202.0	58.0	5	100.0
08/31/2006 10:50	38.0	75.8	51.0	61.9	43.0	54.6	39.0	48.6	43.0	48.5	214.0	57.8	5	100.0
08/31/2006 10:55	37.0	75.1	44.0	61.5	45.0	50.1	41.0	49.2	44.0	47.3	211.0	56.1	5	100.0
08/31/2006 11:00	37.0	73.7	47.0	61.9	39.0	50.2	42.0	51.5	38.0	45.7	203.0	56.6	5	100.0
08/31/2006 11:05	29.0	73.1	48.0	60.7	37.0	45.9	46.0	51.7	46.0	43.5	206.0	53.9	5	100.0
08/31/2006 11:10	35.0	73.1	44.0	61.9	39.0	51.5	48.0	52.5	43.0	46.0	209.0	56.4	5	100.0
08/31/2006 11:15	39.0	73.7	46.0	60.8	39.0	48.3	42.0	49.3	45.0	44.9	211.0	55.2	5	100.0
08/31/2006 11:20	46.0	72.7	49.0	59.2	43.0	45.0	43.0	44.1	41.0	36.6	222.0	52.1	5	100.0
08/31/2006 11:25	47.0	71.3	47.0	57.3	43.0	41.2	43.0	41.4	43.0	35.5	223.0	49.9	5	100.0
08/31/2006 11:30	31.0	74.8	40.0	61.4	35.0	46.0	40.0	45.2	41.0	42.1	187.0	53.0	5	100.0
08/31/2006 11:35	21.0	75.3	26.0	61.9	25.0	49.6	28.0	47.8	24.0	47.1	124.0	55.6	5	100.0
08/31/2006 11:40	31.0	75.7	41.0	61.9	39.0	51.0	40.0	49.1	49.0	49.2	200.0	56.2	5	100.0
08/31/2006 11:45	39.0	77.4	49.0	62.2	41.0	53.1	41.0	48.8	49.0	48.6	219.0	57.7	5	100.0
08/31/2006 11:50	33.0	77.9	45.0	62.1	42.0	49.2	41.0	45.9	42.0	41.2	203.0	54.4	5	100.0
08/31/2006 11:55	35.0	74.5	50.0	61.5	40.0	46.7	47.0	48.1	49.0	40.6	221.0	53.4	5	100.0
08/31/2006 12:00	37.0	59.9	45.0	53.7	37.0	37.6	37.0	37.8	38.0	33.8	194.0	44.9	5	100.0
08/31/2006 12:05	46.0	50.9	47.0	48.0	39.0	32.2	38.0	33.3	39.0	29.4	209.0	39.5	5	100.0
08/31/2006 12:10	55.0	42.9	48.0	42.3	39.0	28.1	33.0	26.1	35.0	24.0	210.0	34.2	5	100.0
08/31/2006 12:15	46.0	38.4	44.0	37.9	33.0	25.0	32.0	22.3	31.0	19.7	186.0	30.0	5	100.0
08/31/2006 12:20	49.0	31.5	45.0	33.1	34.0	21.8	31.0	20.4	28.0	16.0	187.0	26.0	5	100.0
08/31/2006 12:25	49.0	28.5	47.0	31.3	34.0	22.2	37.0	22.6	39.0	20.2	206.0	25.5	5	100.0
08/31/2006 12:30	19.0	25.7	17.0	28.7	15.0	22.6	17.0	22.8	12.0	16.4	80.0	23.7	5	100.0
08/31/2006 12:35	0.0	25.7	0.0	28.7	0.0	22.6	0.0	22.8	0.0	16.4	0.0	23.2	5	100.0
08/31/2006 12:40	0.0	25.7	0.0	28.7	0.0	22.6	0.0	22.8	0.0	16.4	0.0	23.2	5	100.0
08/31/2006 12:45	0.0	25.7	0.0	28.7	0.0	22.6	0.0	22.8	0.0	16.4	0.0	23.2	5	100.0
08/31/2006 12:50	0.0	25.7	0.0	28.7	0.0	22.6	0.0	22.8	0.0	16.4	0.0	23.2	5	100.0
08/31/2006 12:55	0.0	25.7	0.0	28.7	0.0	22.6	0.0	22.8	0.0	16.4	0.0	23.2	5	100.0
08/31/2006 13:00	19.0	29.7	17.0	33.8	16.0	27.8	14.0	31.0	11.0	30.9	77.0	30.6	5	100.0
08/31/2006 13:05	49.0	27.2	45.0	29.6	31.0	21.9	36.0	26.8	35.0	23.4	196.0	26.2	5	100.0
08/31/2006 13:10	53.0	26.7	46.0	29.1	38.0	23.7	38.0	26.7	42.0	22.5	217.0	25.9	5	100.0
08/31/2006 13:15	53.0	30.8	43.0	33.5	37.0	27.8	40.0	33.4	42.0	28.6	215.0	30.9	5	100.0
08/31/2006 13:20	50.0	33.1	45.0	36.2	38.0	30.4	39.0	35.2	41.0	29.8	213.0	33.0	5	100.0
08/31/2006 13:25	31.0	34.2	32.0	39.3	24.0	31.2	29.0	39.2	27.0	32.8	143.0	35.6	5	100.0
08/31/2006 13:30	38.0	37.9	33.0	43.1	29.0	34.0	32.0	41.5	35.0	38.9	167.0	39.1	5	100.0
08/31/2006 13:35	55.0	41.2	49.0	46.8	38.0	40.4	41.0	43.7	46.0	43.5	229.0	43.2	5	100.0
08/31/2006 13:40	42.0	47.4	43.0	51.9	43.0	47.5	42.0	49.5	48.0	47.7	218.0	48.8	5	100.0
08/31/2006 13:45	38.0	49.4	50.0	56.7	43.0	52.2	41.0	51.4	51.0	50.9	223.0	52.3	5	100.0
08/31/2006 13:50	49.0	52.0	50.0	59.4	43.0	53.9	47.0	56.2	51.0	52.3	240.0	54.8	5	100.0
08/31/2006 13:55	43.0	52.9	49.0	61.2	42.0	53.9	44.0	57.1	45.0	53.9	223.0	55.9	5	100.0
08/31/2006 14:00	42.0	55.6	45.0	62.5	46.0	53.1	45.0	58.9	45.0	52.5	223.0	56.5	5	100.0
08/31/2006 14:05	46.0	52.0	47.0	61.0	40.0	51.8	43.0	56.7	45.0	48.3	221.0	54.0	5	100.0
08/31/2006 14:10	53.0	52.4	56.0	60.7	42.0	50.7	47.0	53.5	47.0	48.7	245.0	53.5	5	100.0
08/31/2006 14:15	51.0	52.3	49.0	61.3	40.0	50.0	44.0	58.2	43.0	50.5	227.0	54.6	5	100.0
08/31/2006 14:20	57.0	49.5	54.0	58.7	48.0	50.5	47.0	57.3	43.0	53.8	249.0	53.9	5	100.0
08/31/2006 14:25	61.0	51.3	51.0	57.9	45.0	50.9	43.0	57.9	47.0	54.4	247.0	54.3	5	100.0
08/31/2006 14:30	48.0	52.2	51.0	59.7	45.0	52.8	45.0	57.7	47.0	55.1	236.0	55.6	5	100.0
08/31/2006 14:35	51.0	52.7	55.0	62.0	43.0	50.5	45.0	60.2	46.0	54.9	240.0	56.3	5	100.0
08/31/2006 14:40	59.0	52.4	57.0	60.8	47.0	54.5	47.0	60.8	49.0	56.3	259.0	56.9	5	100.0
08/31/2006 14:45	58.0	50.7	55.0	59.1	47.0	51.3	44.0	58.3	51.0	53.3	255.0	54.5	5	100.0
08/31/2006 14:50	56.0	45.6	57.0	53.7	45.0	46.7	46.0	53.9	46.0	49.2	250.0	49.8	5	100.0
08/31/2006 14:55	50.0	38.1	52.0	43.3	40.0	39.2	40.0	47.7	45.0	44.5	227.0	42.4	5	100.0
08/31/2006 15:00	39.0	38.5	54.0	43.2	40.0	39.6	43.0	46.6	41.0	43.7	217.0	42.5	5	100.0
08/31/2006 15:05	21.0	43.9	32.0	42.2	24.0	38.8	25.0	47.4	27.0	46.4	129.0	43.7	5	100.0
08/31/2006 15:10	29.0	44.4	48.0	42.1	43.0	42.9	45.0	47.1	41.0	44.2	206.0	44.1	5	100.0
08/31/2006 15:15	24.0	46.9	41.0	43.3	30.0	40.5	30.0	47.8	31.0	46.8	156.0	44.9	5	100.0
08/31/2006 15:20	0.0	46.9	0.0	43.3	0.0	40.5	0.0	47.8	0.0	46.8	0.0	45.1	5	100.0
08/31/2006 15:25	11.0	52.6	12.0	46.6	11.0	43.7	12.0	51.0	11.0	48.6	57.0	48.5	5	100.0
08/31/2006 15:30	39.0	46.8	53.0	44.3	45.0	41.7	45.0	49.4	39.0	45.1	221.0	45.4	5	100.0
08/31/2006 15:35	41.0	42.1	49.0	38.7	43.0	37.8	39.0	44.0	45.0	41.6	217.0	40.7	5	100.0
08/31/2006 15:40	35.0	42.7	56.0	41.6	41.0	40.2	45.0	46.0	44.0	42.0	221.0	42.5	5	100.0
08/31/2006 15:45	42.0	41.9	53.0	41.2	42.0	40.2	42.0	46.7	47.0	43.6	226.0	42.7	5	100.0
08/31/2006 15:50	40.0	41.6	52.0	40.6	42.0	40.6	45.0	45.8	47.0	42.2	226.0	42.1	5	100.0
08/31/2006 15:55	45.0	37.6	52.0	37.0	39.0	36.5	44.0	42.3	45.0	40.4	225.0	38.7	5	100.0
08/31/2006 16:00	41.0	38.7	47.0	40.9	45.0	38.1	43.0	47.5	41.0	40.6	217.0	41.2	5	100.0
08/31/2006 16:05	43.0	39.1	55.0	40.5	44.0	36.2	48.0	45.7	43.0	40.4	233.0	40.5	5	100.0
08/31/2006 16:10	42.0	39.8	50.0	39.1	47.0	37.9	52.0	46.2	45.0	42.4	236.0	41.2	5	100.0
08/31/2006 16:15	40.0	38.0	46.0	33.8	41.0	34.5	44.0	43.4	45.0	41.3	216.0	38.2	5	100.0
08/31/2006 16:20	46.0	37.3	51.0	35.6	38.0	33.0	43.0	43.2	45.0	40.6	223.0	38.0	5	100.0
08/31/2006 16:25	41.0	29.5	40.0	27.9	35.0	27.5	43.0	36.5	43.0	37.5	202.0	32.0	5	100.0
08/31/2006 16:30	42.0	30.3	45.0	28.6	35.0	24.2	37.0	32.7	43.0	36.3	202.0	30.6	5	100.0
08/31/2006 16:35	43.0	27.8	44.0	26.7	39.0	24.3	43.0	33.4	47.0	36.7	216.0	30.0	5	100.0
08/31/2006 16:40	43.0	28.3	41.0	25.7	37.0	23.9	44.0	34.2	41.0	36.8	206.0	29.9	5	100.0
08/31/2006 16:45	41.0	28.8	43.0	23.6	40.0	24.0	39.0	31.4	45.0	34.2	208.0	28.5	5	100.0
08/31/2006 16:50	41.0	23.4	37.0	19.8	27.0	18.1	33.0	25.3	39.0	27.1	177.0	23.0	5	100.0
08/31/2006 16:55	43.0	26.9	48.0	27.4	44.0	27.7	45.0	33.7	45.0	33.3	225.0	29.8	5	100.0
08/31/2006 17:00	42.0	32.7	54.0	36.4	45.0	34.7	48.0	42.9	41.0	38.4	230.0	37.1	5	100.0
08/31/2006 17:05	43.0	35.5	53.0	38.0	45.0	37.6	48.0	44.8	45.0	41.6	234.0	39.6	5	100.0
08/31/2006 17:10	43.0	35.5	53.0	38.8	44.0	36.5	51.0	43.8	49.0	42.3	240.0	39.6	5	100.0
08/31/2006 17:15	46.0	34.2	53.0	36.4	44.0	35.4	48.0	43.9	47.0	41.3	238.0	38.3	5	100.0
08/31/2006 17:20	43.0	29.6	39.0	27.9	38.0	29.2	41.0	39.1	45.0	38.7	206.0	33.1	5	100.0
08/31/2006 17:25	44.0	28.7	46.0	29.8	43.0	31.7	45.0	39.6	41.0	39.6	219.0	33.8	5	100.0
08/31/2006 17:30	45.0	28.9	47.0	33.6	43.0	34.3	47.0	40.1	47.0	38.9	229.0	35.2	5	100.0
08/31/2006 17:35	44.0	29.1	44.0	28.7	44.0	33.7	46.0	37.4	46.0	36.2	224.0	33.1	5	100.0
08/31/2006 17:40	46.0	31.8	45.0	27.7	43.0	31.8	40.0	34.5	46.0	34.4	220.0	32.0	5	100.0
08/31/2006 17:45	40.0	32.0	44.0	27.3	41.0	28.8	42.0	32.5	43.0	31.1	210.0	30.3	5	100.0
08/31/2006 17:50	40.0	28.5	39.0	24.6	38.0	26.5	40.0	28.7	42.0	30.0	199.0	27.7	5	100.0
08/31/2006 17:55	43.0	31.4	49.0	29.7	40.0	29.9	44.0	35.2	44.0	34.5	220.0	32.1	5	100.0
08/31/2006 18:00	44.0	35.1	47.0	36.5	42.0	37.4	44.0	41.9	41.0	40.0	218.0	38.1	5	100.0
08/31/2006 18:05	41.0	35.5	53.0	37.3	49.0	38.5	48.0	43.4	44.0	40.8	235.0	39.1	5	100.0
08/31/2006 18:10	43.0	31.6	46.0	35.4	40.0	37.1	41.0	41.1	45.0	40.8	215.0	37.2	5	100.0
08/31/2006 18:15	43.0	35.9	50.0	40.6	45.0	40.3	47.0	44.4	45.0	42.3	230.0	40.8	5	100.0
08/31/2006 18:20	43.0	37.8	50.0	42.1	43.0	42.0	52.0	47.2	44.0	43.6	232.0	42.7	5	100.0
08/31/2006 18:25	39.0	38.5	48.0	42.4	41.0	42.2	45.0	47.5	43.0	43.0	216.0	42.8	5	100.0
08/31/2006 18:30	38.0	40.4	52.0	45.6	46.0	47.3	44.0	52.1	46.0	45.9	226.0	46.4	5	100.0
08/31/2006 18:35	39.0	40.7	53.0	45.7	47.0	46.6	45.0	50.6	48.0	47.0	232.0	46.3	5	100.0
08/31/2006 18:40	42.0	37.4	51.0	39.2	43.0	39.2	45.0	46.6	45.0	42.5	226.0	41.0	5	100.0
08/31/2006 18:45	41.0	36.7	50.0	38.5	44.0	39.2	44.0	46.1	46.0	41.0	225.0	40.3	5	100.0
08/31/2006 18:50	37.0	37.8	49.0	39.5	46.0	42.0	45.0	44.8	45.0	41.3	222.0	41.2	5	100.0
08/31/2006 18:55	47.0	40.1	48.0	41.0	41.0	40.3	44.0	45.1	47.0	42.1	227.0	41.7	5	100.0
08/31/2006 19:00	51.0	43.4	44.0	48.5	45.0	49.1	40.0	53.9	44.0	47.7	224.0	48.3	5	100.0
08/31/2006 19:05	45.0	49.5	45.0	55.2	44.0	56.5	42.0	59.7	42.0	52.7	218.0	54.7	5	100.0
08/31/2006 19:10	18.0	55.3	20.0	62.0	18.0	61.9	21.0	66.1	19.0	58.7	96.0	61.0	5	100.0
08/31/2006 19:15	47.0	54.9	47.0	62.1	43.0	62.8	46.0	66.2	42.0	58.7	225.0	60.9	5	100.0
08/31/2006 19:20	48.0	53.7	47.0	61.0	43.0	65.1	45.0	66.6	39.0	59.9	222.0	61.2	5	100.0
08/31/2006 19:25	51.0	50.6	49.0	60.4	43.0	62.2	40.0	64.7	43.0	58.5	226.0	58.9	5	100.0
08/31/2006 19:30	43.0	51.9	45.0	60.9	41.0	60.6	42.0	66.0	38.0	59.0	209.0	59.7	5	100.0
08/31/2006 19:35	41.0	51.6	47.0	63.4	40.0	64.2	41.0	64.6	38.0	60.8	207.0	61.0	5	100.0
08/31/2006 19:40	40.0	52.2	47.0	62.8	40.0	62.5	36.0	66.6	39.0	61.2	202.0	61.0	5	100.0
08/31/2006 19:45	38.0	55.3	39.0	65.7	41.0	64.6	37.0	66.3	37.0	61.7	192.0	62.8	5	100.0
08/31/2006 19:50	40.0	54.7	45.0	65.4	42.0	66.8	39.0	64.1	39.0	62.0	205.0	62.7	5	100.0
08/31/2006 19:55	41.0	54.4	46.0	66.4	40.0	68.0	45.0	68.4	42.0	59.8	214.0	63.5	5	100.0
08/31/2006 20:00	39.0	63.6	45.0	66.1	37.0	66.8	39.0	68.3	39.0	62.0	199.0	65.4	5	100.0
08/31/2006 20:05	37.0	67.8	39.0	67.0	41.0	69.7	43.0	66.8	34.0	63.7	194.0	67.1	5	100.0
08/31/2006 20:10	43.0	67.7	45.0	63.6	41.0	66.0	44.0	67.0	43.0	60.6	216.0	65.0	5	100.0
08/31/2006 20:15	33.0	70.3	41.0	65.3	37.0	64.7	42.0	66.8	41.0	59.8	194.0	65.2	5	100.0
08/31/2006 20:20	39.0	71.2	43.0	65.5	45.0	67.6	43.0	69.5	42.0	58.5	212.0	66.4	5	100.0
08/31/2006 20:25	37.0	72.6	41.0	66.3	40.0	66.3	36.0	63.0	44.0	59.7	198.0	65.4	5	100.0
08/31/2006 20:30	32.0	73.3	34.0	64.3	34.0	67.3	39.0	66.3	39.0	60.1	178.0	66.0	5	100.0
08/31/2006 20:35	35.0	73.6	38.0	67.4	35.0	66.8	39.0	71.1	34.0	61.3	181.0	68.1	5	100.0
08/31/2006 20:40	33.0	72.2	37.0	65.9	37.0	69.2	39.0	70.0	38.0	62.3	184.0	67.8	5	100.0
08/31/2006 20:45	32.0	73.1	39.0	69.1	32.0	68.0	39.0	70.5	35.0	62.2	177.0	68.6	5	100.0
08/31/2006 20:50	33.0	74.1	40.0	68.4	32.0	70.7	37.0	69.7	35.0	61.8	177.0	68.8	5	100.0
08/31/2006 20:55	33.0	74.6	37.0	67.7	33.0	67.0	39.0	72.4	39.0	62.0	181.0	68.6	5	100.0
08/31/2006 21:00	28.0	74.6	35.0	68.1	33.0	70.2	32.0	68.4	35.0	64.7	163.0	69.0	5	100.0
08/31/2006 21:05	32.0	73.9	39.0	69.8	40.0	70.9	37.0	67.6	35.0	64.1	183.0	69.2	5	100.0
08/31/2006 21:10	29.0	70.9	39.0	70.7	37.0	70.9	37.0	72.0	35.0	65.7	177.0	70.1	5	100.0
08/31/2006 21:15	31.0	71.0	35.0	68.8	36.0	66.3	41.0	72.6	34.0	64.8	177.0	68.8	5	100.0
08/31/2006 21:20	33.0	72.7	37.0	69.7	36.0	71.6	36.0	73.9	29.0	61.1	171.0	70.1	5	100.0
08/31/2006 21:25	24.0	72.1	33.0	71.5	33.0	71.1	34.0	73.4	33.0	61.6	157.0	69.8	5	100.0
08/31/2006 21:30	24.0	72.3	33.0	74.7	33.0	70.5	31.0	72.1	32.0	62.4	153.0	70.3	5	100.0
08/31/2006 21:35	27.0	73.5	38.0	73.6	35.0	71.8	33.0	68.5	33.0	64.2	166.0	70.3	5	100.0
08/31/2006 21:40	23.0	75.5	32.0	75.1	31.0	69.6	33.0	67.5	33.0	65.1	152.0	70.2	5	100.0
08/31/2006 21:45	29.0	75.0	31.0	72.7	32.0	68.7	31.0	66.1	29.0	64.4	152.0	69.4	5	100.0
08/31/2006 21:50	26.0	75.9	33.0	73.9	27.0	72.7	31.0	67.5	29.0	62.8	146.0	70.5	5	100.0
08/31/2006 21:55	21.0	77.5	28.0	75.1	29.0	70.3	22.0	66.0	27.0	64.0	127.0	70.5	5	100.0
08/31/2006 22:00	26.0	77.1	31.0	74.6	28.0	68.3	29.0	69.5	29.0	65.2	143.0	70.9	5	100.0
08/31/2006 22:05	19.0	77.4	25.0	75.2	27.0	72.3	29.0	71.6	27.0	63.8	127.0	71.7	5	100.0
08/31/2006 22:10	21.0	76.6	26.0	72.8	33.0	71.3	34.0	71.0	30.0	62.5	144.0	70.4	5	100.0
08/31/2006 22:15	18.0	76.2	27.0	73.6	31.0	77.6	25.0	71.4	25.0	63.4	126.0	72.5	5	100.0
08/31/2006 22:20	21.0	76.3	32.0	75.0	29.0	73.4	26.0	67.9	26.0	63.6	134.0	71.3	5	100.0
08/31/2006 22:25	18.0	75.6	29.0	74.7	26.0	71.9	31.0	68.8	26.0	61.5	130.0	70.2	5	100.0
08/31/2006 22:30	15.0	76.2	30.0	72.8	29.0	70.6	29.0	66.2	23.0	62.9	126.0	69.4	5	100.0
08/31/2006 22:35	20.0	77.4	27.0	73.1	27.0	72.3	28.0	69.7	25.0	66.6	127.0	71.6	5	100.0
08/31/2006 22:40	16.0	77.1	23.0	73.3	27.0	70.4	23.0	68.1	23.0	68.0	112.0	71.0	5	100.0
08/31/2006 22:45	15.0	76.7	20.0	73.6	19.0	71.0	18.0	68.7	15.0	62.3	87.0	70.6	5	100.0
08/31/2006 22:50	18.0	75.8	23.0	73.0	21.0	72.2	23.0	68.7	17.0	61.4	102.0	70.4	5	100.0
08/31/2006 22:55	15.0	76.7	23.0	72.2	30.0	77.4	20.0	68.4	19.0	60.9	107.0	71.6	5	100.0
08/31/2006 23:00	14.0	76.7	21.0	72.1	22.0	75.8	21.0	69.9	15.0	59.8	93.0	71.2	5	100.0
08/31/2006 23:05	15.0	76.7	25.0	73.0	23.0	71.2	25.0	69.3	22.0	63.9	110.0	70.5	5	100.0
08/31/2006 23:10	9.0	76.4	19.0	74.0	19.0	71.8	20.0	68.6	15.0	65.7	82.0	70.9	5	100.0
08/31/2006 23:15	6.0	76.6	24.0	75.6	22.0	69.6	17.0	66.4	14.0	65.7	83.0	70.5	5	100.0
08/31/2006 23:20	11.0	76.7	17.0	74.5	16.0	69.3	19.0	71.3	16.0	64.1	79.0	70.9	5	100.0
08/31/2006 23:25	9.0	76.5	17.0	73.1	15.0	67.2	17.0	71.0	12.0	62.2	70.0	69.9	5	100.0
08/31/2006 23:30	15.0	76.6	22.0	74.2	17.0	70.0	17.0	74.2	15.0	64.5	86.0	72.1	5	100.0
08/31/2006 23:35	9.0	76.2	17.0	73.9	19.0	72.6	15.0	70.3	16.0	65.4	76.0	71.3	5	100.0
08/31/2006 23:40	10.0	76.8	17.0	73.8	17.0	73.6	19.0	70.7	17.0	64.9	80.0	71.5	5	100.0
08/31/2006 23:45	10.0	76.9	12.0	73.3	14.0	72.5	18.0	70.5	15.0	65.5	69.0	71.2	5	100.0
08/31/2006 23:50	9.0	77.4	17.0	74.6	19.0	73.4	18.0	68.8	15.0	64.1	78.0	71.3	5	100.0
08/31/2006 23:55	9.0	76.6	15.0	73.4	17.0	72.1	14.0	61.7	15.0	64.3	70.0	69.2	5	100.0
