5 Minutes	Lane 1 Flow (Veh/5 Minutes)	Lane 1 Occ (%)	Lane 2 Flow (Veh/5 Minutes)	Lane 2 Occ (%)	Lane 3 Flow (Veh/5 Minutes)	Lane 3 Occ (%)	Lane 4 Flow (Veh/5 Minutes)	Lane 4 Occ (%)	Lane 5 Flow (Veh/5 Minutes)	Lane 5 Occ (%)	Flow (Veh/5 Minutes)	Occupancy (%)	# Lane Points	% Observed
03/29/2006 00:00	7.0	0.7	19.0	2.3	21.0	2.7	21.0	3.5	18.0	2.7	86.0	2.4	5	100.0
03/29/2006 00:05	12.0	1.4	24.0	3.1	24.0	3.2	23.0	4.4	19.0	3.2	102.0	3.1	5	100.0
03/29/2006 00:10	10.0	1.0	25.0	3.1	19.0	2.6	17.0	3.2	21.0	3.3	92.0	2.6	5	100.0
03/29/2006 00:15	4.0	0.4	17.0	2.1	17.0	2.2	13.0	2.0	10.0	1.5	61.0	1.7	5	100.0
03/29/2006 00:20	5.0	0.5	18.0	2.0	13.0	1.6	10.0	1.4	8.0	1.3	54.0	1.4	5	100.0
03/29/2006 00:25	10.0	1.1	20.0	2.4	20.0	3.3	17.0	3.3	14.0	2.7	81.0	2.6	5	100.0
03/29/2006 00:30	7.0	0.7	17.0	2.1	13.0	2.0	21.0	3.4	14.0	2.5	72.0	2.1	5	100.0
03/29/2006 00:35	5.0	0.6	17.0	1.9	20.0	2.8	15.0	3.9	9.0	2.0	66.0	2.2	5	100.0
03/29/2006 00:40	8.0	0.8	16.0	1.8	16.0	2.2	13.0	2.3	14.0	2.3	67.0	1.9	5	100.0
03/29/2006 00:45	8.0	0.8	17.0	2.0	16.0	2.3	15.0	3.2	11.0	2.0	67.0	2.1	5	100.0
03/29/2006 00:50	11.0	1.3	18.0	2.2	11.0	1.6	15.0	3.1	10.0	1.7	65.0	2.0	5	100.0
03/29/2006 00:55	8.0	0.8	15.0	1.6	13.0	1.9	10.0	1.9	11.0	2.2	57.0	1.7	5	100.0
03/29/2006 01:00	6.0	0.6	14.0	1.6	12.0	1.8	13.0	2.7	4.0	0.8	49.0	1.5	5	100.0
03/29/2006 01:05	5.0	0.5	9.0	1.1	15.0	1.9	11.0	2.1	7.0	1.7	47.0	1.5	5	100.0
03/29/2006 01:10	2.0	0.2	11.0	1.1	12.0	2.4	14.0	2.9	7.0	1.0	46.0	1.5	5	100.0
03/29/2006 01:15	5.0	0.5	14.0	1.7	13.0	1.7	15.0	2.3	2.0	0.3	49.0	1.3	5	100.0
03/29/2006 01:20	5.0	0.5	11.0	1.3	9.0	1.0	8.0	1.3	4.0	0.4	37.0	0.9	5	100.0
03/29/2006 01:25	2.0	0.2	11.0	1.1	11.0	1.5	10.0	2.3	12.0	1.7	46.0	1.4	5	100.0
03/29/2006 01:30	0.0	0.0	9.0	1.1	6.0	0.9	8.0	2.0	8.0	0.9	31.0	1.0	5	100.0
03/29/2006 01:35	1.0	0.1	6.0	0.7	13.0	2.2	8.0	1.6	7.0	1.0	35.0	1.1	5	100.0
03/29/2006 01:40	3.0	0.3	11.0	1.4	8.0	1.1	17.0	2.8	6.0	0.8	45.0	1.3	5	100.0
03/29/2006 01:45	3.0	0.3	5.0	0.6	5.0	0.5	8.0	1.9	10.0	1.6	31.0	1.0	5	100.0
03/29/2006 01:50	4.0	0.4	5.0	0.6	13.0	1.9	10.0	3.1	10.0	1.8	42.0	1.6	5	100.0
03/29/2006 01:55	2.0	0.2	14.0	1.7	13.0	1.6	14.0	2.5	10.0	1.7	53.0	1.5	5	100.0
03/29/2006 02:00	1.0	0.1	11.0	1.2	11.0	1.3	9.0	3.3	9.0	1.3	41.0	1.5	5	100.0
03/29/2006 02:05	4.0	0.4	9.0	1.0	9.0	1.4	9.0	2.0	10.0	1.9	41.0	1.3	5	100.0
03/29/2006 02:10	7.0	0.7	10.0	1.3	16.0	2.2	9.0	1.8	6.0	0.7	48.0	1.3	5	100.0
03/29/2006 02:15	0.0	0.0	5.0	0.5	9.0	1.9	10.0	2.2	9.0	1.5	33.0	1.2	5	100.0
03/29/2006 02:20	1.0	0.1	11.0	1.2	8.0	1.1	12.0	2.7	6.0	1.1	38.0	1.2	5	100.0
03/29/2006 02:25	0.0	0.0	6.0	0.8	4.0	0.8	9.0	2.3	0.0	0.0	19.0	0.8	5	100.0
03/29/2006 02:30	3.0	0.3	12.0	1.2	6.0	0.9	9.0	1.3	7.0	1.7	37.0	1.1	5	100.0
03/29/2006 02:35	0.0	0.0	7.0	0.8	5.0	1.0	6.0	1.8	3.0	0.4	21.0	0.8	5	100.0
03/29/2006 02:40	0.0	0.0	3.0	0.5	4.0	0.5	6.0	1.1	5.0	0.9	18.0	0.6	5	100.0
03/29/2006 02:45	1.0	0.1	4.0	0.5	5.0	1.0	10.0	2.4	11.0	2.1	31.0	1.2	5	100.0
03/29/2006 02:50	8.0	0.8	8.0	0.8	2.0	0.4	9.0	1.5	8.0	1.3	35.0	0.9	5	100.0
03/29/2006 02:55	0.0	0.0	4.0	0.7	4.0	0.4	10.0	3.0	4.0	1.4	22.0	1.1	5	100.0
03/29/2006 03:00	0.0	0.0	8.0	0.9	8.0	0.9	5.0	1.1	5.0	1.4	26.0	0.9	5	100.0
03/29/2006 03:05	0.0	0.0	4.0	0.4	11.0	1.9	8.0	2.3	6.0	1.3	29.0	1.2	5	100.0
03/29/2006 03:10	1.0	0.1	6.0	0.8	5.0	0.9	10.0	2.6	8.0	1.3	30.0	1.1	5	100.0
03/29/2006 03:15	0.0	0.0	6.0	0.6	10.0	2.4	7.0	1.2	10.0	2.0	33.0	1.2	5	100.0
03/29/2006 03:20	0.0	0.0	4.0	0.4	3.0	0.5	9.0	1.4	7.0	1.7	23.0	0.8	5	100.0
03/29/2006 03:25	0.0	0.0	4.0	0.7	9.0	1.2	8.0	2.4	10.0	2.4	31.0	1.4	5	100.0
03/29/2006 03:30	0.0	0.0	7.0	0.8	10.0	2.0	10.0	2.8	6.0	1.1	33.0	1.3	5	100.0
03/29/2006 03:35	0.0	0.0	1.0	0.1	4.0	0.4	9.0	1.9	8.0	2.5	22.0	1.0	5	100.0
03/29/2006 03:40	0.0	0.0	9.0	1.1	8.0	1.1	9.0	1.3	9.0	2.2	35.0	1.1	5	100.0
03/29/2006 03:45	0.0	0.0	2.0	0.2	8.0	0.8	11.0	4.6	3.0	0.8	24.0	1.3	5	100.0
03/29/2006 03:50	0.0	0.0	5.0	0.5	11.0	1.8	9.0	2.7	3.0	1.0	28.0	1.2	5	100.0
03/29/2006 03:55	0.0	0.0	3.0	0.4	7.0	1.1	12.0	2.8	10.0	2.0	32.0	1.3	5	100.0
03/29/2006 04:00	0.0	0.0	5.0	0.6	7.0	1.1	12.0	3.3	9.0	1.9	33.0	1.4	5	100.0
03/29/2006 04:05	4.0	0.4	9.0	0.9	13.0	2.8	13.0	3.9	7.0	2.0	46.0	2.0	5	100.0
03/29/2006 04:10	0.0	0.0	7.0	1.1	6.0	1.8	9.0	2.0	10.0	1.8	32.0	1.3	5	100.0
03/29/2006 04:15	1.0	0.1	4.0	0.4	10.0	1.1	11.0	3.9	10.0	2.7	36.0	1.6	5	100.0
03/29/2006 04:20	0.0	0.0	7.0	0.7	8.0	1.4	10.0	2.9	7.0	2.0	32.0	1.4	5	100.0
03/29/2006 04:25	0.0	0.0	7.0	0.7	8.0	1.3	13.0	4.2	10.0	1.3	38.0	1.5	5	100.0
03/29/2006 04:30	0.0	0.0	8.0	1.0	12.0	2.3	16.0	4.2	13.0	3.0	49.0	2.1	5	100.0
03/29/2006 04:35	0.0	0.0	9.0	0.9	10.0	2.1	13.0	4.2	4.0	0.8	36.0	1.6	5	100.0
03/29/2006 04:40	1.0	0.1	14.0	2.2	14.0	3.7	13.0	5.4	18.0	4.6	60.0	3.2	5	100.0
03/29/2006 04:45	6.0	0.6	12.0	1.8	10.0	2.2	15.0	3.6	11.0	2.0	54.0	2.0	5	100.0
03/29/2006 04:50	8.0	0.8	7.0	0.8	12.0	2.7	12.0	2.8	5.0	1.0	44.0	1.6	5	100.0
03/29/2006 04:55	8.0	0.8	11.0	1.3	12.0	2.4	16.0	3.9	12.0	2.8	59.0	2.2	5	100.0
03/29/2006 05:00	2.0	0.2	11.0	1.4	14.0	1.9	16.0	4.4	9.0	3.0	52.0	2.2	5	100.0
03/29/2006 05:05	0.0	0.0	14.0	1.7	14.0	3.0	15.0	4.4	11.0	3.1	54.0	2.4	5	100.0
03/29/2006 05:10	0.0	0.0	11.0	1.3	17.0	2.2	13.0	2.6	15.0	3.4	56.0	1.9	5	100.0
03/29/2006 05:15	0.0	0.0	13.0	1.6	18.0	2.6	17.0	4.1	15.0	2.8	63.0	2.2	5	100.0
03/29/2006 05:20	0.0	0.0	11.0	1.4	15.0	2.4	18.0	3.9	18.0	3.8	62.0	2.3	5	100.0
03/29/2006 05:25	5.0	0.5	24.0	3.5	27.0	5.1	17.0	3.6	15.0	3.8	88.0	3.3	5	100.0
03/29/2006 05:30	2.0	0.2	24.0	3.0	22.0	4.8	24.0	5.0	19.0	3.6	91.0	3.3	5	100.0
03/29/2006 05:35	3.0	0.3	27.0	3.4	27.0	5.3	24.0	4.9	23.0	5.4	104.0	3.9	5	100.0
03/29/2006 05:40	4.0	0.4	29.0	3.6	27.0	4.7	26.0	5.7	24.0	4.7	110.0	3.8	5	100.0
03/29/2006 05:45	4.0	0.4	18.0	2.3	26.0	4.7	24.0	5.0	30.0	5.9	102.0	3.7	5	100.0
03/29/2006 05:50	4.0	0.4	25.0	3.3	30.0	5.5	18.0	4.6	28.0	5.3	105.0	3.8	5	100.0
03/29/2006 05:55	6.0	0.6	31.0	4.1	32.0	5.9	25.0	5.9	33.0	5.5	127.0	4.4	5	100.0
03/29/2006 06:00	7.0	0.7	36.0	4.9	28.0	5.5	30.0	5.8	31.0	6.6	132.0	4.7	5	100.0
03/29/2006 06:05	5.0	0.5	35.0	4.8	29.0	5.6	36.0	8.3	21.0	3.6	126.0	4.6	5	100.0
03/29/2006 06:10	0.0	0.0	47.0	6.4	38.0	7.3	37.0	7.4	31.0	6.3	153.0	5.5	5	100.0
03/29/2006 06:15	7.0	0.7	51.0	7.0	42.0	7.9	35.0	7.8	31.0	6.4	166.0	6.0	5	100.0
03/29/2006 06:20	7.0	0.8	49.0	6.7	43.0	6.4	45.0	10.1	36.0	7.5	180.0	6.3	5	100.0
03/29/2006 06:25	7.0	0.7	52.0	7.0	39.0	6.9	40.0	8.4	41.0	7.7	179.0	6.1	5	100.0
03/29/2006 06:30	4.0	0.6	58.0	7.5	41.0	6.5	43.0	7.7	33.0	5.1	179.0	5.5	5	100.0
03/29/2006 06:35	6.0	0.9	54.0	8.0	44.0	6.7	45.0	8.3	43.0	7.7	192.0	6.3	5	100.0
03/29/2006 06:40	18.0	2.2	69.0	10.1	49.0	9.3	50.0	9.0	40.0	7.6	226.0	7.6	5	100.0
03/29/2006 06:45	12.0	1.5	65.0	9.0	46.0	7.7	52.0	9.1	43.0	7.8	218.0	7.0	5	100.0
03/29/2006 06:50	10.0	1.2	66.0	9.8	51.0	10.4	53.0	10.9	43.0	8.2	223.0	8.1	5	100.0
03/29/2006 06:55	9.0	1.5	56.0	7.9	46.0	8.1	45.0	8.9	47.0	7.8	203.0	6.8	5	100.0
03/29/2006 07:00	9.0	1.5	58.0	8.4	45.0	8.7	47.0	9.7	46.0	8.3	205.0	7.3	5	100.0
03/29/2006 07:05	12.0	1.4	64.0	9.7	45.0	10.1	52.0	10.6	52.0	10.2	225.0	8.4	5	100.0
03/29/2006 07:10	13.0	1.8	70.0	11.3	57.0	10.8	52.0	13.3	56.0	12.0	248.0	9.8	5	100.0
03/29/2006 07:15	16.0	2.3	74.0	12.5	53.0	10.2	60.0	12.7	58.0	12.6	261.0	10.1	5	100.0
03/29/2006 07:20	18.0	2.7	82.0	13.1	60.0	11.9	69.0	13.0	64.0	12.4	293.0	10.6	5	100.0
03/29/2006 07:25	15.0	2.1	76.0	12.3	53.0	11.4	57.0	11.6	55.0	10.9	256.0	9.7	5	100.0
03/29/2006 07:30	11.0	1.8	78.0	12.9	61.0	11.8	54.0	12.4	63.0	12.9	267.0	10.4	5	100.0
03/29/2006 07:35	11.0	1.8	70.0	11.4	57.0	11.7	54.0	11.7	63.0	12.0	255.0	9.7	5	100.0
03/29/2006 07:40	16.0	2.5	85.0	15.6	60.0	15.2	63.0	14.7	66.0	14.7	290.0	12.5	5	100.0
03/29/2006 07:45	21.0	3.2	81.0	13.9	68.0	14.4	59.0	13.9	67.0	14.2	296.0	11.9	5	100.0
03/29/2006 07:50	15.0	2.2	92.0	15.6	67.0	14.5	61.0	15.2	78.0	17.2	313.0	12.9	5	100.0
03/29/2006 07:55	18.0	2.3	87.0	14.1	60.0	11.7	54.0	11.6	64.0	11.7	283.0	10.3	5	100.0
03/29/2006 08:00	12.0	1.8	83.0	13.9	65.0	12.7	69.0	12.6	66.0	12.6	295.0	10.7	5	100.0
03/29/2006 08:05	15.0	1.9	79.0	12.6	56.0	12.1	65.0	12.6	75.0	15.6	290.0	11.0	5	100.0
03/29/2006 08:10	18.0	3.6	81.0	16.2	63.0	15.5	66.0	14.9	68.0	16.0	296.0	13.2	5	100.0
03/29/2006 08:15	19.0	3.0	82.0	14.4	57.0	13.1	61.0	13.7	73.0	15.8	292.0	12.0	5	100.0
03/29/2006 08:20	18.0	3.0	82.0	15.5	61.0	14.6	61.0	13.3	77.0	17.1	299.0	12.7	5	100.0
03/29/2006 08:25	13.0	2.1	79.0	12.2	58.0	11.5	64.0	13.1	74.0	14.5	288.0	10.7	5	100.0
03/29/2006 08:30	15.0	2.0	82.0	13.7	67.0	13.2	67.0	13.4	75.0	15.8	306.0	11.6	5	100.0
03/29/2006 08:35	11.0	2.1	82.0	14.0	64.0	12.9	67.0	13.9	67.0	16.8	291.0	11.9	5	100.0
03/29/2006 08:40	10.0	1.7	43.0	7.6	36.0	9.7	42.0	8.8	44.0	9.1	175.0	7.4	5	100.0
03/29/2006 08:45	26.0	4.8	64.0	11.5	48.0	11.6	50.0	12.5	62.0	15.3	250.0	11.1	5	100.0
03/29/2006 08:50	19.0	3.2	68.0	12.2	53.0	14.1	59.0	14.8	65.0	15.0	264.0	11.9	5	100.0
03/29/2006 08:55	17.0	2.9	74.0	14.3	51.0	16.4	64.0	15.4	76.0	18.8	282.0	13.6	5	100.0
03/29/2006 09:00	18.0	3.1	74.0	13.9	50.0	13.7	59.0	14.9	76.0	17.2	277.0	12.6	5	100.0
03/29/2006 09:05	19.0	3.3	53.0	10.6	58.0	15.3	42.0	11.7	61.0	14.4	233.0	11.1	5	100.0
03/29/2006 09:10	15.0	2.7	68.0	13.2	62.0	15.9	55.0	14.1	63.0	14.4	263.0	12.1	5	100.0
03/29/2006 09:15	19.0	3.8	78.0	15.3	55.0	16.3	65.0	16.9	77.0	18.6	294.0	14.2	5	100.0
03/29/2006 09:20	20.0	3.5	80.0	14.5	62.0	14.4	65.0	15.4	78.0	16.7	305.0	12.9	5	100.0
03/29/2006 09:25	19.0	3.2	84.0	15.3	59.0	15.5	70.0	18.0	72.0	17.8	304.0	14.0	5	100.0
03/29/2006 09:30	22.0	3.0	53.0	10.2	50.0	14.7	51.0	13.0	50.0	12.2	226.0	10.6	5	100.0
03/29/2006 09:35	20.0	2.5	76.0	11.8	58.0	11.9	58.0	12.6	67.0	14.9	279.0	10.7	5	100.0
03/29/2006 09:40	19.0	2.5	82.0	12.3	64.0	12.4	72.0	14.9	69.0	13.2	306.0	11.0	5	100.0
03/29/2006 09:45	21.0	2.9	80.0	11.6	62.0	12.9	60.0	13.5	77.0	15.9	300.0	11.4	5	100.0
03/29/2006 09:50	20.0	2.4	78.0	11.4	61.0	10.8	61.0	12.7	62.0	11.9	282.0	9.8	5	100.0
03/29/2006 09:55	21.0	2.5	73.0	10.2	62.0	12.8	56.0	13.9	52.0	10.4	264.0	10.0	5	100.0
03/29/2006 10:00	31.0	4.2	45.0	6.3	38.0	7.4	54.0	15.0	52.0	9.2	220.0	8.4	5	100.0
03/29/2006 10:05	41.0	5.5	61.0	8.6	49.0	9.5	59.0	12.1	54.0	11.4	264.0	9.4	5	100.0
03/29/2006 10:10	45.0	5.8	62.0	8.8	50.0	9.9	57.0	12.7	66.0	14.0	280.0	10.2	5	100.0
03/29/2006 10:15	42.0	5.4	61.0	8.8	43.0	12.1	59.0	11.9	64.0	13.3	269.0	10.3	5	100.0
03/29/2006 10:20	38.0	4.8	54.0	7.2	52.0	9.8	52.0	10.8	57.0	10.2	253.0	8.6	5	100.0
03/29/2006 10:25	42.0	5.2	59.0	7.9	58.0	10.5	62.0	11.1	67.0	12.5	288.0	9.4	5	100.0
03/29/2006 10:30	40.0	5.0	65.0	9.2	54.0	10.9	58.0	13.1	69.0	14.4	286.0	10.5	5	100.0
03/29/2006 10:35	36.0	4.5	60.0	8.0	57.0	10.6	54.0	11.9	68.0	14.0	275.0	9.8	5	100.0
03/29/2006 10:40	42.0	5.2	63.0	8.6	55.0	9.0	57.0	11.1	67.0	11.3	284.0	9.0	5	100.0
03/29/2006 10:45	47.0	5.8	69.0	9.6	59.0	9.7	60.0	12.2	62.0	11.9	297.0	9.8	5	100.0
03/29/2006 10:50	29.0	3.6	60.0	7.8	56.0	9.8	52.0	9.6	60.0	11.6	257.0	8.5	5	100.0
03/29/2006 10:55	15.0	1.7	42.0	5.1	44.0	6.8	41.0	7.6	54.0	9.0	196.0	6.0	5	100.0
03/29/2006 11:00	32.0	3.9	56.0	7.5	52.0	10.1	55.0	11.6	65.0	12.8	260.0	9.2	5	100.0
03/29/2006 11:05	35.0	4.1	56.0	7.3	59.0	10.4	57.0	11.8	66.0	11.7	273.0	9.1	5	100.0
03/29/2006 11:10	31.0	3.8	60.0	8.2	44.0	9.8	53.0	10.0	65.0	11.8	253.0	8.7	5	100.0
03/29/2006 11:15	39.0	4.9	55.0	7.6	58.0	10.5	50.0	11.7	65.0	11.5	267.0	9.2	5	100.0
03/29/2006 11:20	16.0	1.8	29.0	3.3	22.0	4.2	22.0	5.9	21.0	3.0	110.0	3.6	5	100.0
03/29/2006 11:25	10.0	1.0	20.0	2.0	10.0	2.0	10.0	4.0	10.0	1.0	60.0	2.0	5	100.0
03/29/2006 11:30	10.0	1.0	20.0	2.0	10.0	2.0	10.0	4.0	10.0	1.0	60.0	2.0	5	100.0
03/29/2006 11:35	10.0	1.0	20.0	2.0	10.0	2.0	10.0	4.0	10.0	1.0	60.0	2.0	5	100.0
03/29/2006 11:40	10.0	1.0	20.0	2.0	10.0	2.0	10.0	4.0	10.0	1.0	60.0	2.0	5	100.0
03/29/2006 11:45	10.0	1.0	20.0	2.0	10.0	2.0	10.0	4.0	10.0	1.0	60.0	2.0	5	100.0
03/29/2006 11:50	10.0	1.0	20.0	2.0	10.0	2.0	10.0	4.0	10.0	1.0	60.0	2.0	5	100.0
03/29/2006 11:55	42.0	5.5	48.0	6.8	48.0	9.4	49.0	10.4	64.0	13.2	251.0	9.1	5	100.0
03/29/2006 12:00	44.0	5.7	68.0	10.0	53.0	11.2	60.0	12.0	70.0	14.7	295.0	10.7	5	100.0
03/29/2006 12:05	51.0	7.1	62.0	9.0	60.0	11.7	62.0	12.4	63.0	12.2	298.0	10.5	5	100.0
03/29/2006 12:10	61.0	8.3	69.0	10.3	60.0	13.7	58.0	12.7	76.0	14.6	324.0	11.9	5	100.0
03/29/2006 12:15	43.0	5.7	66.0	9.4	60.0	11.4	66.0	12.6	66.0	11.7	301.0	10.2	5	100.0
03/29/2006 12:20	53.0	7.2	66.0	9.3	58.0	11.8	58.0	11.0	67.0	12.6	302.0	10.4	5	100.0
03/29/2006 12:25	53.0	7.1	61.0	8.8	54.0	11.7	62.0	13.4	63.0	13.2	293.0	10.8	5	100.0
03/29/2006 12:30	53.0	7.0	59.0	8.6	52.0	9.6	62.0	11.7	70.0	12.7	296.0	9.9	5	100.0
03/29/2006 12:35	53.0	7.2	71.0	10.4	64.0	11.7	58.0	12.9	73.0	14.4	319.0	11.3	5	100.0
03/29/2006 12:40	51.0	6.7	56.0	8.1	59.0	10.8	63.0	11.0	68.0	12.3	297.0	9.8	5	100.0
03/29/2006 12:45	47.0	6.3	59.0	8.4	58.0	10.4	54.0	10.7	72.0	12.9	290.0	9.7	5	100.0
03/29/2006 12:50	47.0	5.9	60.0	8.4	57.0	10.2	58.0	10.7	65.0	12.0	287.0	9.4	5	100.0
03/29/2006 12:55	51.0	7.1	67.0	9.6	49.0	10.6	68.0	12.8	64.0	12.6	299.0	10.5	5	100.0
03/29/2006 13:00	50.0	6.7	55.0	8.1	59.0	11.5	55.0	11.7	65.0	11.9	284.0	10.0	5	100.0
03/29/2006 13:05	60.0	8.3	66.0	11.1	58.0	12.9	55.0	11.6	57.0	10.3	296.0	10.8	5	100.0
03/29/2006 13:10	55.0	7.8	58.0	9.0	60.0	12.5	58.0	11.8	71.0	12.9	302.0	10.8	5	100.0
03/29/2006 13:15	61.0	8.3	75.0	11.1	64.0	14.0	58.0	11.0	67.0	12.7	325.0	11.4	5	100.0
03/29/2006 13:20	60.0	8.0	66.0	9.4	53.0	10.4	75.0	13.5	58.0	10.3	312.0	10.3	5	100.0
03/29/2006 13:25	64.0	8.4	68.0	9.3	67.0	13.0	67.0	12.3	68.0	13.0	334.0	11.2	5	100.0
03/29/2006 13:30	60.0	7.9	71.0	9.8	59.0	10.6	68.0	11.9	57.0	11.1	315.0	10.3	5	100.0
03/29/2006 13:35	57.0	7.4	63.0	8.9	59.0	10.5	62.0	11.7	72.0	12.7	313.0	10.2	5	100.0
03/29/2006 13:40	60.0	8.2	66.0	9.6	62.0	12.1	67.0	11.9	67.0	13.0	322.0	11.0	5	100.0
03/29/2006 13:45	62.0	8.6	73.0	10.4	59.0	12.3	60.0	11.7	70.0	12.7	324.0	11.1	5	100.0
03/29/2006 13:50	65.0	8.9	66.0	9.2	58.0	11.4	64.0	11.6	72.0	12.3	325.0	10.7	5	100.0
03/29/2006 13:55	63.0	9.0	71.0	10.4	60.0	11.3	60.0	12.7	72.0	14.4	326.0	11.6	5	100.0
03/29/2006 14:00	69.0	10.2	76.0	11.6	63.0	12.5	67.0	13.7	71.0	14.0	346.0	12.4	5	100.0
03/29/2006 14:05	73.0	10.3	75.0	11.1	60.0	11.8	68.0	14.1	68.0	13.5	344.0	12.2	5	100.0
03/29/2006 14:10	80.0	12.3	76.0	12.3	68.0	15.5	71.0	15.1	69.0	14.8	364.0	14.0	5	100.0
03/29/2006 14:15	84.0	13.1	82.0	13.3	63.0	13.6	66.0	14.4	71.0	13.1	366.0	13.5	5	100.0
03/29/2006 14:20	79.0	12.6	75.0	12.6	68.0	14.1	67.0	14.6	64.0	12.4	353.0	13.3	5	100.0
03/29/2006 14:25	75.0	11.3	75.0	11.4	62.0	14.1	66.0	15.0	63.0	11.2	341.0	12.6	5	100.0
03/29/2006 14:30	66.0	13.3	69.0	13.6	56.0	14.5	57.0	13.2	55.0	12.7	303.0	13.5	5	100.0
03/29/2006 14:35	75.0	15.9	71.0	15.2	50.0	15.3	62.0	16.0	66.0	17.3	324.0	15.9	5	100.0
03/29/2006 14:40	76.0	18.2	67.0	16.9	57.0	20.1	62.0	16.0	63.0	16.5	325.0	17.5	5	100.0
03/29/2006 14:45	68.0	24.5	65.0	19.8	61.0	22.1	63.0	21.5	60.0	19.3	317.0	21.4	5	100.0
03/29/2006 14:50	61.0	24.6	62.0	23.8	49.0	23.6	53.0	26.3	58.0	23.3	283.0	24.3	5	100.0
03/29/2006 14:55	57.0	25.5	59.0	27.7	49.0	24.6	60.0	23.5	60.0	22.2	285.0	24.7	5	100.0
03/29/2006 15:00	58.0	17.2	63.0	27.1	52.0	26.1	61.0	27.7	60.0	25.4	294.0	24.7	5	100.0
03/29/2006 15:05	61.0	17.3	53.0	30.0	50.0	31.7	57.0	31.9	61.0	27.9	282.0	27.8	5	100.0
03/29/2006 15:10	27.0	12.7	36.0	31.6	33.0	23.2	39.0	22.9	43.0	28.9	178.0	23.9	5	100.0
03/29/2006 15:15	50.0	11.0	63.0	23.4	50.0	28.1	60.0	28.9	60.0	27.1	283.0	23.7	5	100.0
03/29/2006 15:20	42.0	9.9	58.0	30.3	45.0	29.5	55.0	28.4	58.0	31.2	258.0	25.9	5	100.0
03/29/2006 15:25	45.0	10.0	64.0	23.3	52.0	22.3	63.0	20.7	56.0	20.2	280.0	19.3	5	100.0
03/29/2006 15:30	42.0	8.1	61.0	22.2	57.0	20.4	57.0	19.5	59.0	18.3	276.0	17.7	5	100.0
03/29/2006 15:35	49.0	10.2	67.0	21.0	50.0	19.9	65.0	20.7	57.0	17.0	288.0	17.8	5	100.0
03/29/2006 15:40	54.0	10.4	73.0	17.7	58.0	16.2	67.0	17.1	61.0	15.9	313.0	15.5	5	100.0
03/29/2006 15:45	44.0	9.4	64.0	27.8	58.0	23.1	66.0	22.5	61.0	18.7	293.0	20.3	5	100.0
03/29/2006 15:50	58.0	20.7	63.0	28.2	50.0	26.1	58.0	29.3	58.0	23.7	287.0	25.6	5	100.0
03/29/2006 15:55	65.0	18.1	67.0	28.8	57.0	26.6	58.0	24.8	62.0	27.2	309.0	25.1	5	100.0
03/29/2006 16:00	56.0	12.2	61.0	27.3	57.0	26.2	67.0	23.9	57.0	19.0	298.0	21.7	5	100.0
03/29/2006 16:05	52.0	10.5	61.0	18.9	52.0	18.6	54.0	17.0	55.0	16.1	274.0	16.2	5	100.0
03/29/2006 16:10	59.0	13.3	69.0	25.7	59.0	25.2	68.0	25.1	65.0	24.6	320.0	22.8	5	100.0
03/29/2006 16:15	66.0	14.7	68.0	24.4	64.0	27.0	68.0	23.3	64.0	21.0	330.0	22.1	5	100.0
03/29/2006 16:20	68.0	13.7	49.0	10.7	70.0	19.0	43.0	11.6	41.0	11.0	271.0	13.2	5	100.0
03/29/2006 16:25	62.0	16.4	67.0	20.9	61.0	21.1	65.0	18.1	62.0	17.5	317.0	18.8	5	100.0
03/29/2006 16:30	67.0	23.5	69.0	25.7	59.0	24.5	69.0	22.4	66.0	20.7	330.0	23.4	5	100.0
03/29/2006 16:35	73.0	17.4	69.0	17.0	65.0	20.0	68.0	17.8	58.0	15.5	333.0	17.5	5	100.0
03/29/2006 16:40	54.0	12.5	50.0	15.8	50.0	17.7	46.0	16.0	54.0	16.0	254.0	15.6	5	100.0
03/29/2006 16:45	64.0	17.1	71.0	31.2	63.0	27.2	66.0	21.2	63.0	19.9	327.0	23.3	5	100.0
03/29/2006 16:50	70.0	16.1	71.0	19.9	63.0	20.7	69.0	20.3	63.0	17.4	336.0	18.9	5	100.0
03/29/2006 16:55	60.0	14.0	75.0	24.8	60.0	25.2	70.0	23.3	69.0	21.4	334.0	21.7	5	100.0
03/29/2006 17:00	62.0	14.0	73.0	22.3	57.0	25.4	70.0	23.5	61.0	21.1	323.0	21.3	5	100.0
03/29/2006 17:05	68.0	14.9	76.0	22.6	63.0	22.6	70.0	21.7	68.0	22.4	345.0	20.8	5	100.0
03/29/2006 17:10	66.0	18.5	67.0	24.8	62.0	24.8	67.0	20.1	67.0	17.4	329.0	21.1	5	100.0
03/29/2006 17:15	65.0	14.0	74.0	22.2	63.0	19.9	71.0	19.8	69.0	17.9	342.0	18.8	5	100.0
03/29/2006 17:20	64.0	14.7	62.0	24.9	53.0	25.9	65.0	22.9	66.0	25.0	310.0	22.7	5	100.0
03/29/2006 17:25	65.0	14.6	69.0	22.1	61.0	20.9	63.0	19.7	70.0	21.6	328.0	19.8	5	100.0
03/29/2006 17:30	66.0	15.0	78.0	19.6	69.0	20.6	69.0	19.5	63.0	16.6	345.0	18.3	5	100.0
03/29/2006 17:35	63.0	14.6	70.0	22.9	62.0	23.0	70.0	21.1	69.0	19.3	334.0	20.2	5	100.0
03/29/2006 17:40	68.0	14.3	75.0	17.1	71.0	18.8	71.0	17.9	69.0	17.2	354.0	17.1	5	100.0
03/29/2006 17:45	58.0	15.2	64.0	23.1	64.0	25.9	71.0	21.4	74.0	21.1	331.0	21.3	5	100.0
03/29/2006 17:50	40.0	11.5	55.0	19.2	38.0	14.1	62.0	21.3	57.0	23.3	252.0	17.9	5	100.0
03/29/2006 17:55	65.0	14.8	75.0	21.2	62.0	21.1	71.0	21.0	66.0	19.7	339.0	19.6	5	100.0
03/29/2006 18:00	60.0	13.7	82.0	22.5	59.0	20.6	70.0	18.3	65.0	18.2	336.0	18.7	5	100.0
03/29/2006 18:05	65.0	14.4	81.0	21.1	69.0	21.0	69.0	18.8	69.0	18.9	353.0	18.8	5	100.0
03/29/2006 18:10	65.0	13.9	77.0	18.8	62.0	18.7	73.0	21.2	70.0	18.5	347.0	18.2	5	100.0
03/29/2006 18:15	55.0	10.7	76.0	17.7	67.0	18.3	69.0	18.1	67.0	15.9	334.0	16.1	5	100.0
03/29/2006 18:20	53.0	11.2	74.0	25.1	64.0	22.3	67.0	22.1	71.0	22.3	329.0	20.6	5	100.0
03/29/2006 18:25	56.0	12.4	66.0	23.5	63.0	21.0	68.0	20.3	66.0	20.6	319.0	19.6	5	100.0
03/29/2006 18:30	52.0	11.4	64.0	18.9	55.0	15.7	66.0	17.8	61.0	16.2	298.0	16.0	5	100.0
03/29/2006 18:35	49.0	8.7	70.0	14.0	64.0	15.3	62.0	13.1	66.0	15.3	311.0	13.3	5	100.0
03/29/2006 18:40	50.0	8.7	72.0	15.1	69.0	16.1	65.0	15.5	58.0	15.0	314.0	14.1	5	100.0
03/29/2006 18:45	54.0	9.9	83.0	18.8	70.0	17.5	67.0	16.9	71.0	18.0	345.0	16.2	5	100.0
03/29/2006 18:50	42.0	8.0	79.0	16.2	68.0	15.6	63.0	14.7	65.0	15.3	317.0	14.0	5	100.0
03/29/2006 18:55	47.0	8.1	78.0	16.2	68.0	16.4	63.0	15.5	71.0	16.9	327.0	14.6	5	100.0
03/29/2006 19:00	52.0	7.5	61.0	9.2	63.0	10.2	69.0	11.4	62.0	10.6	307.0	9.8	5	100.0
03/29/2006 19:05	51.0	7.3	52.0	7.9	59.0	9.6	68.0	12.2	61.0	11.4	291.0	9.7	5	100.0
03/29/2006 19:10	58.0	8.5	60.0	8.8	57.0	9.3	70.0	12.7	59.0	11.5	304.0	10.1	5	100.0
03/29/2006 19:15	63.0	9.9	60.0	10.1	61.0	11.7	60.0	11.2	60.0	12.9	304.0	11.2	5	100.0
03/29/2006 19:20	64.0	10.5	63.0	11.0	67.0	14.3	67.0	13.6	58.0	12.5	319.0	12.4	5	100.0
03/29/2006 19:25	62.0	9.5	60.0	9.6	58.0	11.0	65.0	13.6	66.0	13.2	311.0	11.4	5	100.0
03/29/2006 19:30	55.0	7.7	61.0	8.8	56.0	9.8	62.0	10.9	66.0	12.2	300.0	9.9	5	100.0
03/29/2006 19:35	64.0	9.2	70.0	9.8	66.0	11.3	62.0	11.4	59.0	10.2	321.0	10.4	5	100.0
03/29/2006 19:40	60.0	8.2	59.0	8.9	61.0	11.0	55.0	10.2	76.0	16.9	311.0	11.0	5	100.0
03/29/2006 19:45	51.0	6.9	60.0	8.4	58.0	8.4	63.0	10.2	64.0	10.6	296.0	8.9	5	100.0
03/29/2006 19:50	55.0	7.8	61.0	8.4	56.0	8.8	51.0	8.9	51.0	8.4	274.0	8.5	5	100.0
03/29/2006 19:55	45.0	5.9	60.0	8.1	56.0	8.8	53.0	8.7	45.0	7.7	259.0	7.8	5	100.0
03/29/2006 20:00	55.0	7.4	52.0	7.2	53.0	8.0	51.0	9.0	57.0	9.6	268.0	8.2	5	100.0
03/29/2006 20:05	52.0	7.1	55.0	7.4	51.0	7.7	51.0	8.9	51.0	8.9	260.0	8.0	5	100.0
03/29/2006 20:10	52.0	6.8	55.0	7.7	56.0	9.3	59.0	9.5	57.0	9.3	279.0	8.5	5	100.0
03/29/2006 20:15	52.0	6.9	60.0	8.2	56.0	8.7	55.0	9.6	53.0	9.4	276.0	8.6	5	100.0
03/29/2006 20:20	44.0	6.2	58.0	8.1	39.0	6.3	58.0	10.1	42.0	6.6	241.0	7.5	5	100.0
03/29/2006 20:25	44.0	5.8	46.0	6.4	56.0	8.4	59.0	9.5	50.0	8.0	255.0	7.6	5	100.0
03/29/2006 20:30	35.0	4.7	48.0	6.3	46.0	6.9	49.0	7.8	46.0	7.8	224.0	6.7	5	100.0
03/29/2006 20:35	40.0	5.2	59.0	8.1	45.0	7.2	50.0	8.9	53.0	9.0	247.0	7.7	5	100.0
03/29/2006 20:40	37.0	5.0	53.0	7.2	48.0	6.9	55.0	9.1	48.0	8.0	241.0	7.2	5	100.0
03/29/2006 20:45	36.0	4.5	49.0	6.8	53.0	7.7	50.0	7.8	59.0	9.8	247.0	7.3	5	100.0
03/29/2006 20:50	45.0	5.7	50.0	6.9	53.0	8.2	46.0	7.5	41.0	6.3	235.0	6.9	5	100.0
03/29/2006 20:55	38.0	5.0	52.0	6.8	54.0	8.3	43.0	8.0	51.0	8.4	238.0	7.3	5	100.0
03/29/2006 21:00	40.0	4.9	52.0	6.9	54.0	7.8	51.0	9.1	39.0	6.3	236.0	7.0	5	100.0
03/29/2006 21:05	38.0	4.9	56.0	7.9	43.0	6.8	50.0	8.2	49.0	8.2	236.0	7.2	5	100.0
03/29/2006 21:10	41.0	5.1	55.0	7.6	59.0	9.4	52.0	8.7	39.0	6.3	246.0	7.4	5	100.0
03/29/2006 21:15	39.0	4.9	51.0	6.6	47.0	7.1	51.0	7.8	45.0	7.1	233.0	6.7	5	100.0
03/29/2006 21:20	41.0	5.4	45.0	6.2	51.0	8.7	46.0	7.3	40.0	6.4	223.0	6.8	5	100.0
03/29/2006 21:25	46.0	6.0	52.0	6.8	49.0	8.1	50.0	8.2	42.0	6.6	239.0	7.1	5	100.0
03/29/2006 21:30	31.0	3.8	46.0	6.1	49.0	7.4	49.0	8.6	40.0	6.4	215.0	6.5	5	100.0
03/29/2006 21:35	43.0	5.5	54.0	6.9	49.0	7.2	47.0	8.4	42.0	7.4	235.0	7.1	5	100.0
03/29/2006 21:40	37.0	4.6	55.0	7.3	48.0	7.8	49.0	8.1	38.0	6.3	227.0	6.8	5	100.0
03/29/2006 21:45	42.0	5.0	47.0	6.2	49.0	7.5	49.0	7.4	45.0	7.1	232.0	6.6	5	100.0
03/29/2006 21:50	38.0	5.0	47.0	6.1	42.0	6.6	45.0	7.4	38.0	6.3	210.0	6.3	5	100.0
03/29/2006 21:55	34.0	4.6	50.0	6.6	45.0	6.7	46.0	7.4	45.0	6.9	220.0	6.4	5	100.0
03/29/2006 22:00	34.0	4.2	42.0	5.5	43.0	5.7	46.0	7.5	41.0	7.1	206.0	6.0	5	100.0
03/29/2006 22:05	36.0	4.6	50.0	6.5	44.0	7.0	47.0	7.2	42.0	6.3	219.0	6.3	5	100.0
03/29/2006 22:10	37.0	4.5	48.0	6.1	49.0	7.1	44.0	7.2	41.0	6.8	219.0	6.3	5	100.0
03/29/2006 22:15	44.0	5.6	54.0	7.2	51.0	7.3	49.0	7.6	39.0	6.7	237.0	6.9	5	100.0
03/29/2006 22:20	44.0	5.6	52.0	6.8	50.0	7.1	43.0	6.9	38.0	5.8	227.0	6.4	5	100.0
03/29/2006 22:25	46.0	5.8	57.0	7.4	48.0	7.4	39.0	6.6	38.0	6.1	228.0	6.7	5	100.0
03/29/2006 22:30	37.0	4.7	55.0	7.5	42.0	6.1	42.0	6.7	35.0	5.9	211.0	6.2	5	100.0
03/29/2006 22:35	34.0	4.3	40.0	5.3	44.0	6.0	43.0	6.9	34.0	6.7	195.0	5.8	5	100.0
03/29/2006 22:40	21.0	2.6	28.0	3.8	41.0	5.8	31.0	5.4	33.0	5.1	154.0	4.5	5	100.0
03/29/2006 22:45	26.0	2.9	24.0	2.8	30.0	4.2	25.0	3.5	24.0	3.4	129.0	3.4	5	100.0
03/29/2006 22:50	25.0	3.0	37.0	4.8	31.0	4.5	30.0	4.8	29.0	4.4	152.0	4.3	5	100.0
03/29/2006 22:55	20.0	2.2	29.0	3.9	25.0	4.0	27.0	4.5	23.0	3.7	124.0	3.7	5	100.0
03/29/2006 23:00	14.0	1.7	26.0	3.3	30.0	4.2	24.0	4.2	25.0	4.4	119.0	3.6	5	100.0
03/29/2006 23:05	17.0	2.0	32.0	3.9	36.0	5.2	25.0	4.8	30.0	4.7	140.0	4.1	5	100.0
03/29/2006 23:10	21.0	2.4	28.0	3.4	27.0	4.9	26.0	4.4	22.0	3.3	124.0	3.7	5	100.0
03/29/2006 23:15	21.0	2.6	30.0	3.8	21.0	3.5	29.0	4.5	26.0	3.8	127.0	3.6	5	100.0
03/29/2006 23:20	24.0	3.0	34.0	4.4	24.0	4.2	25.0	4.9	24.0	4.4	131.0	4.2	5	100.0
03/29/2006 23:25	17.0	2.1	20.0	2.9	22.0	3.9	26.0	4.4	15.0	3.1	100.0	3.3	5	100.0
03/29/2006 23:30	17.0	2.2	28.0	3.6	36.0	4.3	30.0	5.4	17.0	2.7	128.0	3.7	5	100.0
03/29/2006 23:35	9.0	0.9	29.0	3.6	25.0	3.5	24.0	4.8	18.0	3.5	105.0	3.3	5	100.0
03/29/2006 23:40	18.0	2.3	26.0	3.4	27.0	3.6	25.0	4.1	14.0	2.1	110.0	3.1	5	100.0
03/29/2006 23:45	16.0	1.7	31.0	4.2	26.0	4.0	33.0	5.5	24.0	3.5	130.0	3.8	5	100.0
03/29/2006 23:50	15.0	1.7	30.0	3.8	27.0	3.7	28.0	4.4	24.0	4.1	124.0	3.5	5	100.0
03/29/2006 23:55	16.0	1.9	23.0	3.1	22.0	2.7	21.0	3.2	21.0	2.7	103.0	2.7	5	100.0
03/30/2006 00:00	12.0	1.4	20.0	2.7	23.0	3.0	22.0	3.5	23.0	3.3	100.0	2.8	5	100.0
03/30/2006 00:05	14.0	1.5	28.0	3.4	20.0	3.2	17.0	3.8	20.0	3.5	99.0	3.1	5	100.0
03/30/2006 00:10	8.0	0.9	18.0	2.2	18.0	2.7	21.0	4.0	21.0	3.8	86.0	2.7	5	100.0
03/30/2006 00:15	16.0	1.6	23.0	3.3	23.0	2.9	18.0	3.2	13.0	2.0	93.0	2.6	5	100.0
03/30/2006 00:20	11.0	1.1	18.0	2.3	24.0	3.3	18.0	4.1	13.0	2.0	84.0	2.6	5	100.0
03/30/2006 00:25	12.0	1.4	24.0	3.1	20.0	2.5	17.0	3.8	12.0	2.2	85.0	2.6	5	100.0
03/30/2006 00:30	11.0	1.1	18.0	2.1	15.0	1.7	19.0	3.4	15.0	2.8	78.0	2.2	5	100.0
03/30/2006 00:35	5.0	0.5	17.0	2.4	18.0	2.6	21.0	4.5	12.0	2.4	73.0	2.5	5	100.0
03/30/2006 00:40	9.0	1.0	19.0	2.5	13.0	2.3	17.0	3.7	12.0	2.3	70.0	2.4	5	100.0
03/30/2006 00:45	11.0	1.2	14.0	1.7	16.0	2.1	11.0	1.7	10.0	2.1	62.0	1.8	5	100.0
03/30/2006 00:50	6.0	0.6	10.0	1.5	17.0	3.4	14.0	3.0	10.0	2.5	57.0	2.2	5	100.0
03/30/2006 00:55	5.0	0.5	14.0	1.6	16.0	2.2	14.0	3.1	9.0	2.0	58.0	1.9	5	100.0
03/30/2006 01:00	3.0	0.3	11.0	1.2	10.0	1.2	13.0	3.7	9.0	1.9	46.0	1.7	5	100.0
03/30/2006 01:05	1.0	0.2	6.0	0.7	6.0	0.7	9.0	3.6	6.0	0.8	28.0	1.2	5	100.0
03/30/2006 01:10	4.0	0.4	9.0	1.4	8.0	1.5	11.0	2.4	6.0	1.1	38.0	1.4	5	100.0
03/30/2006 01:15	4.0	0.4	6.0	0.7	10.0	1.9	10.0	2.8	9.0	1.9	39.0	1.5	5	100.0
03/30/2006 01:20	1.0	0.1	6.0	0.9	11.0	1.6	8.0	0.8	3.0	0.6	29.0	0.8	5	100.0
03/30/2006 01:25	3.0	0.3	6.0	0.6	10.0	1.0	12.0	2.1	8.0	1.8	39.0	1.2	5	100.0
03/30/2006 01:30	4.0	0.4	9.0	1.0	12.0	1.3	12.0	2.5	7.0	2.2	44.0	1.5	5	100.0
03/30/2006 01:35	6.0	0.7	11.0	1.3	13.0	1.9	14.0	2.0	9.0	2.0	53.0	1.6	5	100.0
03/30/2006 01:40	2.0	0.2	7.0	0.8	13.0	1.5	6.0	1.2	4.0	0.9	32.0	0.9	5	100.0
03/30/2006 01:45	4.0	0.5	9.0	1.0	11.0	1.2	10.0	1.9	12.0	2.2	46.0	1.4	5	100.0
03/30/2006 01:50	4.0	0.7	13.0	1.7	12.0	1.6	12.0	2.8	7.0	1.5	48.0	1.7	5	100.0
03/30/2006 01:55	3.0	0.3	7.0	0.7	12.0	1.9	7.0	1.2	12.0	1.9	41.0	1.2	5	100.0
03/30/2006 02:00	8.0	0.8	11.0	1.4	10.0	1.2	13.0	3.3	10.0	2.8	52.0	1.9	5	100.0
03/30/2006 02:05	2.0	0.2	8.0	0.9	9.0	1.3	9.0	1.6	7.0	1.0	35.0	1.0	5	100.0
03/30/2006 02:10	2.0	0.2	11.0	1.2	9.0	1.5	10.0	2.5	9.0	1.3	41.0	1.4	5	100.0
03/30/2006 02:15	9.0	1.2	8.0	1.0	9.0	1.0	9.0	2.5	6.0	0.6	41.0	1.3	5	100.0
03/30/2006 02:20	6.0	0.7	8.0	1.0	8.0	0.9	10.0	2.8	9.0	1.6	41.0	1.4	5	100.0
03/30/2006 02:25	1.0	0.1	5.0	0.6	4.0	0.5	6.0	2.3	9.0	2.6	25.0	1.2	5	100.0
03/30/2006 02:30	1.0	0.1	6.0	0.9	8.0	1.3	14.0	2.6	5.0	0.8	34.0	1.1	5	100.0
03/30/2006 02:35	2.0	0.2	10.0	1.1	12.0	1.9	11.0	3.2	4.0	0.4	39.0	1.4	5	100.0
03/30/2006 02:40	1.0	0.1	10.0	1.3	9.0	1.7	12.0	2.4	9.0	2.3	41.0	1.6	5	100.0
03/30/2006 02:45	0.0	0.0	4.0	0.4	4.0	0.6	9.0	1.7	2.0	0.8	19.0	0.7	5	100.0
03/30/2006 02:50	0.0	0.0	5.0	0.5	6.0	0.7	9.0	2.0	5.0	1.0	25.0	0.8	5	100.0
03/30/2006 02:55	5.0	0.5	3.0	0.3	3.0	0.3	7.0	1.7	5.0	1.0	23.0	0.8	5	100.0
03/30/2006 03:00	0.0	0.0	5.0	0.6	7.0	1.3	8.0	1.7	5.0	1.0	25.0	0.9	5	100.0
03/30/2006 03:05	0.0	0.0	5.0	0.8	7.0	1.1	6.0	1.3	5.0	0.6	23.0	0.8	5	100.0
03/30/2006 03:10	0.0	0.0	7.0	0.7	5.0	0.5	10.0	2.9	11.0	2.4	33.0	1.3	5	100.0
03/30/2006 03:15	0.0	0.0	7.0	0.7	2.0	0.4	6.0	1.9	1.0	0.3	16.0	0.7	5	100.0
03/30/2006 03:20	0.0	0.0	3.0	0.3	4.0	0.4	9.0	3.0	6.0	1.0	22.0	0.9	5	100.0
03/30/2006 03:25	4.0	0.4	1.0	0.1	7.0	0.7	2.0	0.9	9.0	2.5	23.0	0.9	5	100.0
03/30/2006 03:30	1.0	0.1	6.0	0.7	7.0	1.1	6.0	1.1	3.0	0.3	23.0	0.7	5	100.0
03/30/2006 03:35	0.0	0.0	5.0	0.8	0.0	0.0	8.0	1.9	10.0	2.3	23.0	1.0	5	100.0
03/30/2006 03:40	0.0	0.0	6.0	0.7	8.0	1.9	12.0	4.3	5.0	0.9	31.0	1.6	5	100.0
03/30/2006 03:45	0.0	0.0	10.0	1.0	12.0	1.3	9.0	2.9	10.0	2.1	41.0	1.5	5	100.0
03/30/2006 03:50	0.0	0.0	5.0	0.5	9.0	1.3	8.0	1.9	8.0	1.1	30.0	1.0	5	100.0
03/30/2006 03:55	0.0	0.0	5.0	0.6	17.0	3.3	11.0	3.4	5.0	1.3	38.0	1.7	5	100.0
03/30/2006 04:00	0.0	0.0	9.0	0.9	10.0	1.0	10.0	3.0	8.0	4.2	37.0	1.8	5	100.0
03/30/2006 04:05	0.0	0.0	11.0	1.3	16.0	3.0	6.0	2.6	10.0	1.6	43.0	1.7	5	100.0
03/30/2006 04:10	0.0	0.0	2.0	0.2	7.0	1.0	4.0	1.2	10.0	1.8	23.0	0.8	5	100.0
03/30/2006 04:15	0.0	0.0	6.0	0.8	7.0	1.4	10.0	2.7	8.0	2.8	31.0	1.5	5	100.0
03/30/2006 04:20	1.0	0.1	5.0	0.5	6.0	1.2	6.0	1.6	5.0	1.4	23.0	1.0	5	100.0
03/30/2006 04:25	0.0	0.0	7.0	0.7	5.0	0.9	10.0	3.8	16.0	4.4	38.0	2.0	5	100.0
03/30/2006 04:30	1.0	0.1	7.0	0.8	12.0	2.7	16.0	4.3	12.0	2.9	48.0	2.2	5	100.0
03/30/2006 04:35	10.0	1.0	9.0	0.9	10.0	2.0	11.0	2.9	10.0	1.7	50.0	1.7	5	100.0
03/30/2006 04:40	0.0	0.0	6.0	0.7	8.0	1.4	16.0	4.0	13.0	3.1	43.0	1.8	5	100.0
03/30/2006 04:45	0.0	0.0	10.0	1.2	12.0	2.5	11.0	2.3	10.0	2.7	43.0	1.7	5	100.0
03/30/2006 04:50	1.0	0.1	13.0	1.5	15.0	2.6	16.0	5.2	12.0	2.4	57.0	2.4	5	100.0
03/30/2006 04:55	3.0	0.3	10.0	1.3	12.0	2.2	13.0	2.9	13.0	2.6	51.0	1.9	5	100.0
03/30/2006 05:00	5.0	0.5	9.0	1.2	14.0	2.2	15.0	3.4	12.0	2.8	55.0	2.0	5	100.0
03/30/2006 05:05	0.0	0.0	11.0	1.2	18.0	3.7	6.0	2.1	17.0	3.0	52.0	2.0	5	100.0
03/30/2006 05:10	7.0	0.7	16.0	1.7	16.0	3.3	15.0	4.5	9.0	2.4	63.0	2.5	5	100.0
03/30/2006 05:15	0.0	0.0	14.0	1.5	20.0	2.7	17.0	5.2	22.0	4.1	73.0	2.7	5	100.0
03/30/2006 05:20	0.0	0.0	13.0	1.6	20.0	3.9	19.0	4.3	13.0	3.5	65.0	2.7	5	100.0
03/30/2006 05:25	2.0	0.2	28.0	3.5	24.0	3.6	28.0	6.2	20.0	3.9	102.0	3.5	5	100.0
03/30/2006 05:30	8.0	0.8	23.0	2.8	24.0	3.7	20.0	3.8	21.0	3.7	96.0	3.0	5	100.0
03/30/2006 05:35	0.0	0.0	25.0	2.9	29.0	4.5	25.0	6.2	21.0	3.2	100.0	3.4	5	100.0
03/30/2006 05:40	1.0	0.1	32.0	3.8	38.0	5.8	28.0	8.8	30.0	7.0	129.0	5.1	5	100.0
03/30/2006 05:45	7.0	0.7	30.0	3.8	34.0	5.3	29.0	7.0	22.0	4.0	122.0	4.2	5	100.0
03/30/2006 05:50	13.0	1.3	35.0	4.1	38.0	5.5	27.0	6.2	37.0	6.2	150.0	4.7	5	100.0
03/30/2006 05:55	5.0	0.5	41.0	5.3	39.0	6.7	31.0	7.0	29.0	6.2	145.0	5.1	5	100.0
03/30/2006 06:00	3.0	0.3	39.0	4.7	35.0	6.0	26.0	6.3	28.0	5.2	131.0	4.5	5	100.0
03/30/2006 06:05	0.0	0.0	35.0	4.5	35.0	5.2	33.0	5.7	25.0	4.1	128.0	3.9	5	100.0
03/30/2006 06:10	7.0	0.8	52.0	6.1	43.0	6.4	40.0	9.4	32.0	5.5	174.0	5.6	5	100.0
03/30/2006 06:15	9.0	0.9	50.0	6.4	44.0	7.3	40.0	6.6	29.0	5.3	172.0	5.3	5	100.0
03/30/2006 06:20	9.0	1.3	57.0	6.9	47.0	7.7	39.0	8.4	37.0	6.4	189.0	6.1	5	100.0
03/30/2006 06:25	5.0	0.6	50.0	6.6	51.0	8.3	41.0	8.0	41.0	7.5	188.0	6.2	5	100.0
03/30/2006 06:30	7.0	0.8	65.0	8.7	54.0	7.7	42.0	9.0	40.0	6.5	208.0	6.5	5	100.0
03/30/2006 06:35	7.0	0.8	58.0	7.5	50.0	8.1	37.0	8.1	36.0	6.0	188.0	6.1	5	100.0
03/30/2006 06:40	8.0	0.8	64.0	8.5	57.0	9.2	49.0	9.3	49.0	8.6	227.0	7.3	5	100.0
03/30/2006 06:45	8.0	1.0	68.0	9.0	64.0	9.5	49.0	9.0	44.0	7.9	233.0	7.3	5	100.0
03/30/2006 06:50	8.0	0.9	72.0	9.7	62.0	9.6	54.0	11.0	50.0	9.8	246.0	8.2	5	100.0
03/30/2006 06:55	15.0	1.9	73.0	9.0	63.0	10.0	47.0	9.4	49.0	8.3	247.0	7.7	5	100.0
03/30/2006 07:00	10.0	1.1	64.0	8.8	57.0	8.7	56.0	10.1	52.0	8.6	239.0	7.5	5	100.0
03/30/2006 07:05	11.0	1.4	75.0	9.8	61.0	11.4	62.0	11.3	53.0	8.8	262.0	8.5	5	100.0
03/30/2006 07:10	8.0	1.3	74.0	9.7	57.0	9.3	57.0	11.1	53.0	9.2	249.0	8.1	5	100.0
03/30/2006 07:15	13.0	1.7	83.0	11.3	66.0	10.1	63.0	12.5	59.0	9.8	284.0	9.1	5	100.0
03/30/2006 07:20	16.0	2.1	87.0	12.1	61.0	11.3	56.0	11.4	57.0	9.6	277.0	9.3	5	100.0
03/30/2006 07:25	9.0	1.3	83.0	11.5	65.0	10.2	71.0	12.7	67.0	11.6	295.0	9.5	5	100.0
03/30/2006 07:30	9.0	1.1	72.0	9.6	63.0	9.8	56.0	10.1	61.0	12.0	261.0	8.5	5	100.0
03/30/2006 07:35	7.0	1.0	88.0	12.4	68.0	11.9	64.0	12.6	74.0	13.2	301.0	10.2	5	100.0
03/30/2006 07:40	12.0	1.7	102.0	14.5	73.0	12.9	75.0	14.1	77.0	13.6	339.0	11.4	5	100.0
03/30/2006 07:45	12.0	1.5	80.0	11.2	73.0	11.8	70.0	12.6	70.0	12.2	305.0	9.9	5	100.0
03/30/2006 07:50	14.0	2.2	93.0	13.3	70.0	13.0	69.0	14.0	74.0	13.6	320.0	11.2	5	100.0
03/30/2006 07:55	10.0	1.0	90.0	12.8	70.0	12.8	69.0	14.2	71.0	13.7	310.0	10.9	5	100.0
03/30/2006 08:00	12.0	1.5	92.0	12.9	69.0	12.2	67.0	12.7	81.0	14.4	321.0	10.7	5	100.0
03/30/2006 08:05	20.0	3.0	91.0	12.8	69.0	12.0	67.0	14.1	80.0	16.6	327.0	11.7	5	100.0
03/30/2006 08:10	14.0	2.1	86.0	12.2	61.0	12.6	58.0	12.4	66.0	12.4	285.0	10.3	5	100.0
03/30/2006 08:15	17.0	2.6	90.0	13.5	70.0	13.3	68.0	14.3	80.0	15.0	325.0	11.7	5	100.0
03/30/2006 08:20	14.0	1.9	83.0	13.4	69.0	14.8	69.0	14.6	79.0	14.7	314.0	11.9	5	100.0
03/30/2006 08:25	14.0	2.2	86.0	13.0	73.0	13.8	69.0	14.2	83.0	15.3	325.0	11.7	5	100.0
03/30/2006 08:30	11.0	1.4	86.0	12.2	60.0	11.0	68.0	13.3	81.0	14.9	306.0	10.6	5	100.0
03/30/2006 08:35	12.0	1.9	46.0	6.5	42.0	6.8	37.0	7.7	38.0	7.4	175.0	6.1	5	100.0
03/30/2006 08:40	10.0	1.4	74.0	10.6	65.0	11.4	57.0	11.8	73.0	13.1	279.0	9.7	5	100.0
03/30/2006 08:45	21.0	2.7	91.0	13.6	71.0	14.6	66.0	13.2	84.0	16.2	333.0	12.1	5	100.0
03/30/2006 08:50	13.0	1.7	90.0	13.3	65.0	14.0	66.0	12.3	78.0	14.4	312.0	11.1	5	100.0
03/30/2006 08:55	24.0	3.5	88.0	12.9	64.0	14.0	68.0	13.6	75.0	14.1	319.0	11.6	5	100.0
03/30/2006 09:00	11.0	1.1	45.0	6.0	36.0	6.1	38.0	8.1	53.0	9.5	183.0	6.2	5	100.0
03/30/2006 09:05	9.0	1.4	83.0	13.5	56.0	12.6	68.0	13.7	77.0	15.7	293.0	11.4	5	100.0
03/30/2006 09:10	15.0	2.3	86.0	12.6	60.0	13.1	66.0	13.9	71.0	13.4	298.0	11.1	5	100.0
03/30/2006 09:15	13.0	1.9	85.0	12.3	64.0	12.8	64.0	14.1	70.0	13.4	296.0	10.9	5	100.0
03/30/2006 09:20	19.0	2.3	86.0	12.7	64.0	13.3	68.0	14.3	71.0	14.0	308.0	11.3	5	100.0
03/30/2006 09:25	16.0	2.1	79.0	11.7	62.0	12.1	64.0	12.5	67.0	12.6	288.0	10.2	5	100.0
03/30/2006 09:30	12.0	1.7	80.0	10.9	60.0	10.3	68.0	12.3	68.0	13.1	288.0	9.7	5	100.0
03/30/2006 09:35	15.0	2.0	68.0	9.0	50.0	10.0	42.0	9.1	49.0	8.0	224.0	7.6	5	100.0
03/30/2006 09:40	16.0	1.7	80.0	11.5	64.0	12.3	64.0	12.5	68.0	12.2	292.0	10.0	5	100.0
03/30/2006 09:45	14.0	1.6	68.0	9.7	62.0	10.4	55.0	11.2	64.0	11.9	263.0	9.0	5	100.0
03/30/2006 09:50	19.0	2.2	58.0	8.5	41.0	7.3	49.0	9.6	55.0	10.0	222.0	7.5	5	100.0
03/30/2006 09:55	30.0	3.8	70.0	9.3	53.0	9.4	57.0	10.4	62.0	9.9	272.0	8.6	5	100.0
03/30/2006 10:00	29.0	3.9	68.0	9.7	53.0	10.1	55.0	12.5	62.0	12.2	267.0	9.7	5	100.0
03/30/2006 10:05	49.0	6.4	74.0	10.6	57.0	12.8	63.0	13.7	67.0	13.4	310.0	11.4	5	100.0
03/30/2006 10:10	47.0	6.3	64.0	9.1	55.0	10.5	60.0	13.0	61.0	12.2	287.0	10.2	5	100.0
03/30/2006 10:15	40.0	5.0	64.0	8.9	57.0	9.6	54.0	9.6	59.0	10.3	274.0	8.7	5	100.0
03/30/2006 10:20	42.0	5.5	64.0	9.0	51.0	9.7	59.0	11.9	62.0	11.1	278.0	9.4	5	100.0
03/30/2006 10:25	49.0	6.5	64.0	9.2	56.0	10.6	54.0	9.9	64.0	12.3	287.0	9.7	5	100.0
03/30/2006 10:30	32.0	4.0	49.0	6.6	54.0	9.3	55.0	10.3	69.0	12.5	259.0	8.5	5	100.0
03/30/2006 10:35	39.0	5.1	58.0	7.6	55.0	9.9	56.0	10.4	60.0	11.0	268.0	8.8	5	100.0
03/30/2006 10:40	53.0	6.8	63.0	8.8	56.0	10.7	58.0	10.8	69.0	12.2	299.0	9.9	5	100.0
03/30/2006 10:45	49.0	6.3	60.0	8.8	55.0	11.1	58.0	11.3	63.0	10.9	285.0	9.7	5	100.0
03/30/2006 10:50	50.0	6.3	66.0	9.1	59.0	11.4	62.0	13.5	70.0	13.5	307.0	10.8	5	100.0
03/30/2006 10:55	44.0	5.7	61.0	8.4	49.0	9.9	57.0	10.8	66.0	11.9	277.0	9.3	5	100.0
03/30/2006 11:00	48.0	6.1	67.0	9.5	55.0	12.3	58.0	12.2	73.0	13.6	301.0	10.7	5	100.0
03/30/2006 11:05	43.0	5.2	64.0	8.7	59.0	11.0	53.0	11.0	67.0	12.2	286.0	9.6	5	100.0
03/30/2006 11:10	39.0	4.9	50.0	6.6	44.0	9.4	51.0	9.0	62.0	10.5	246.0	8.1	5	100.0
03/30/2006 11:15	33.0	4.3	53.0	7.2	51.0	8.7	46.0	9.6	56.0	10.2	239.0	8.0	5	100.0
03/30/2006 11:20	36.0	4.4	59.0	8.0	54.0	10.3	61.0	13.0	65.0	11.8	275.0	9.5	5	100.0
03/30/2006 11:25	43.0	5.4	62.0	8.3	57.0	12.4	61.0	14.1	61.0	13.1	284.0	10.7	5	100.0
03/30/2006 11:30	48.0	6.1	64.0	8.9	59.0	12.8	65.0	12.6	73.0	13.5	309.0	10.8	5	100.0
03/30/2006 11:35	45.0	5.8	65.0	8.8	56.0	10.9	66.0	11.8	70.0	13.5	302.0	10.2	5	100.0
03/30/2006 11:40	58.0	7.3	69.0	9.1	63.0	12.6	57.0	11.6	70.0	12.2	317.0	10.6	5	100.0
03/30/2006 11:45	42.0	5.5	71.0	9.4	65.0	11.4	70.0	13.5	83.0	14.7	331.0	10.9	5	100.0
03/30/2006 11:50	48.0	6.5	68.0	9.3	58.0	11.7	58.0	10.3	64.0	12.4	296.0	10.0	5	100.0
03/30/2006 11:55	49.0	6.5	58.0	8.6	63.0	12.1	63.0	11.6	78.0	13.3	311.0	10.4	5	100.0
03/30/2006 12:00	54.0	7.0	69.0	9.8	63.0	12.7	67.0	13.4	74.0	12.9	327.0	11.2	5	100.0
03/30/2006 12:05	45.0	5.6	61.0	8.0	55.0	10.3	55.0	13.1	78.0	13.5	294.0	10.1	5	100.0
03/30/2006 12:10	46.0	6.4	60.0	9.0	70.0	14.3	63.0	13.3	80.0	15.4	319.0	11.7	5	100.0
03/30/2006 12:15	50.0	6.9	63.0	8.7	59.0	11.3	68.0	12.8	80.0	15.3	320.0	11.0	5	100.0
03/30/2006 12:20	47.0	6.1	56.0	7.7	50.0	9.4	57.0	11.2	63.0	11.6	273.0	9.2	5	100.0
03/30/2006 12:25	40.0	5.1	59.0	8.4	56.0	11.6	63.0	13.2	79.0	14.0	297.0	10.5	5	100.0
03/30/2006 12:30	39.0	4.9	65.0	8.5	54.0	9.3	62.0	11.7	68.0	11.5	288.0	9.2	5	100.0
03/30/2006 12:35	57.0	7.8	65.0	9.2	62.0	11.4	65.0	12.5	71.0	12.1	320.0	10.6	5	100.0
03/30/2006 12:40	54.0	7.0	64.0	8.5	57.0	8.6	61.0	11.6	71.0	13.3	307.0	9.8	5	100.0
03/30/2006 12:45	53.0	7.1	70.0	9.9	67.0	11.6	64.0	11.1	73.0	14.3	327.0	10.8	5	100.0
03/30/2006 12:50	56.0	7.8	66.0	9.3	60.0	12.2	73.0	14.0	76.0	12.9	331.0	11.2	5	100.0
03/30/2006 12:55	58.0	7.7	69.0	9.7	63.0	11.1	62.0	12.1	76.0	13.9	328.0	10.9	5	100.0
03/30/2006 13:00	55.0	7.1	66.0	9.3	62.0	11.1	65.0	11.7	75.0	14.2	323.0	10.7	5	100.0
03/30/2006 13:05	48.0	6.1	60.0	8.4	56.0	10.0	55.0	10.7	63.0	11.7	282.0	9.4	5	100.0
03/30/2006 13:10	47.0	6.9	53.0	7.8	47.0	10.3	47.0	8.4	60.0	11.2	254.0	8.9	5	100.0
03/30/2006 13:15	51.0	7.7	58.0	9.7	44.0	9.5	50.0	11.4	54.0	11.2	257.0	9.9	5	100.0
03/30/2006 13:20	65.0	9.8	64.0	10.3	59.0	12.8	65.0	14.0	71.0	14.6	324.0	12.3	5	100.0
03/30/2006 13:25	67.0	10.5	70.0	11.5	62.0	15.4	66.0	13.9	77.0	16.4	342.0	13.5	5	100.0
03/30/2006 13:30	67.0	10.0	74.0	11.8	63.0	14.5	62.0	12.7	80.0	16.4	346.0	13.1	5	100.0
03/30/2006 13:35	63.0	8.7	75.0	11.2	72.0	13.0	74.0	14.3	71.0	13.5	355.0	12.1	5	100.0
03/30/2006 13:40	53.0	7.1	66.0	9.2	55.0	10.6	65.0	12.1	70.0	12.2	309.0	10.2	5	100.0
03/30/2006 13:45	64.0	9.1	62.0	8.9	56.0	11.9	63.0	11.3	68.0	13.9	313.0	11.0	5	100.0
03/30/2006 13:50	56.0	7.8	64.0	9.1	59.0	9.2	62.0	11.5	60.0	11.2	301.0	9.8	5	100.0
03/30/2006 13:55	73.0	10.8	71.0	10.7	60.0	11.5	62.0	12.1	61.0	11.3	327.0	11.3	5	100.0
03/30/2006 14:00	79.0	14.9	67.0	13.8	65.0	15.9	63.0	15.6	66.0	14.2	340.0	14.9	5	100.0
03/30/2006 14:05	86.0	16.2	79.0	15.3	63.0	16.1	63.0	14.1	67.0	16.8	358.0	15.7	5	100.0
03/30/2006 14:10	81.0	21.4	72.0	18.1	65.0	20.1	62.0	19.7	70.0	20.0	350.0	19.9	5	100.0
03/30/2006 14:15	74.0	19.9	71.0	19.9	62.0	19.1	57.0	18.5	69.0	19.0	333.0	19.3	5	100.0
03/30/2006 14:20	76.0	23.0	72.0	20.6	61.0	25.0	67.0	24.2	70.0	22.6	346.0	23.1	5	100.0
03/30/2006 14:25	85.0	20.5	72.0	19.5	63.0	22.6	66.0	22.7	67.0	23.5	353.0	21.8	5	100.0
03/30/2006 14:30	80.0	18.8	75.0	18.0	60.0	20.7	67.0	17.0	71.0	17.5	353.0	18.4	5	100.0
03/30/2006 14:35	86.0	16.8	71.0	14.7	59.0	16.0	63.0	16.3	69.0	16.7	348.0	16.1	5	100.0
03/30/2006 14:40	81.0	17.4	74.0	16.7	67.0	19.1	73.0	18.8	72.0	17.4	367.0	17.9	5	100.0
03/30/2006 14:45	87.0	17.1	74.0	15.5	67.0	16.4	66.0	14.9	68.0	15.3	362.0	15.8	5	100.0
03/30/2006 14:50	84.0	15.5	78.0	15.8	65.0	17.5	69.0	16.0	77.0	18.3	373.0	16.6	5	100.0
03/30/2006 14:55	80.0	14.6	81.0	16.5	69.0	18.2	69.0	15.5	73.0	17.1	372.0	16.4	5	100.0
03/30/2006 15:00	35.0	5.3	78.0	16.0	57.0	17.2	70.0	18.0	65.0	17.3	305.0	14.8	5	100.0
03/30/2006 15:05	41.0	7.2	77.0	19.2	74.0	20.2	66.0	18.3	70.0	17.2	328.0	16.4	5	100.0
03/30/2006 15:10	39.0	7.2	61.0	20.7	59.0	22.6	60.0	21.0	60.0	20.1	279.0	18.3	5	100.0
03/30/2006 15:15	42.0	7.7	71.0	16.2	59.0	16.8	64.0	17.2	63.0	16.1	299.0	14.8	5	100.0
03/30/2006 15:20	54.0	10.3	72.0	15.5	60.0	16.3	64.0	15.0	62.0	15.6	312.0	14.5	5	100.0
03/30/2006 15:25	57.0	11.7	69.0	17.2	58.0	18.8	71.0	18.6	60.0	16.3	315.0	16.5	5	100.0
03/30/2006 15:30	62.0	12.2	81.0	19.5	62.0	17.4	68.0	17.6	64.0	16.4	337.0	16.6	5	100.0
03/30/2006 15:35	58.0	10.5	81.0	16.7	72.0	16.8	69.0	16.5	68.0	16.9	348.0	15.5	5	100.0
03/30/2006 15:40	67.0	13.5	79.0	18.7	66.0	21.6	72.0	17.2	67.0	16.9	351.0	17.6	5	100.0
03/30/2006 15:45	56.0	10.7	79.0	18.3	72.0	19.1	72.0	17.8	63.0	15.7	342.0	16.3	5	100.0
03/30/2006 15:50	61.0	12.3	72.0	23.6	65.0	26.3	70.0	22.4	63.0	17.7	331.0	20.5	5	100.0
03/30/2006 15:55	53.0	9.7	77.0	18.5	64.0	19.0	70.0	18.4	68.0	16.9	332.0	16.5	5	100.0
03/30/2006 16:00	65.0	15.3	70.0	21.8	64.0	21.4	67.0	18.2	63.0	16.9	329.0	18.7	5	100.0
03/30/2006 16:05	64.0	14.1	72.0	21.3	70.0	23.0	74.0	22.7	68.0	19.2	348.0	20.1	5	100.0
03/30/2006 16:10	68.0	17.3	75.0	22.4	60.0	25.4	63.0	20.8	62.0	18.3	328.0	20.8	5	100.0
03/30/2006 16:15	66.0	15.8	69.0	27.1	61.0	24.1	69.0	19.3	72.0	18.7	337.0	21.0	5	100.0
03/30/2006 16:20	60.0	12.6	72.0	24.5	59.0	19.3	67.0	19.5	69.0	17.5	327.0	18.7	5	100.0
03/30/2006 16:25	62.0	14.6	73.0	20.7	54.0	19.6	73.0	19.4	69.0	20.4	331.0	18.9	5	100.0
03/30/2006 16:30	65.0	14.9	71.0	25.9	57.0	23.6	62.0	20.0	69.0	20.4	324.0	21.0	5	100.0
03/30/2006 16:35	67.0	18.1	71.0	25.4	64.0	25.4	70.0	23.8	64.0	20.0	336.0	22.5	5	100.0
03/30/2006 16:40	68.0	16.7	74.0	26.7	68.0	27.6	67.0	24.0	65.0	23.3	342.0	23.7	5	100.0
03/30/2006 16:45	67.0	15.6	71.0	21.5	66.0	23.6	70.0	20.5	67.0	19.7	341.0	20.2	5	100.0
03/30/2006 16:50	69.0	15.4	73.0	17.2	67.0	19.4	66.0	16.4	69.0	17.0	344.0	17.1	5	100.0
03/30/2006 16:55	58.0	13.1	75.0	23.0	63.0	21.5	70.0	20.8	64.0	18.4	330.0	19.4	5	100.0
03/30/2006 17:00	62.0	17.9	65.0	32.8	58.0	26.3	60.0	24.4	61.0	27.4	306.0	25.8	5	100.0
03/30/2006 17:05	63.0	18.7	62.0	26.4	60.0	27.0	61.0	27.8	58.0	32.1	304.0	26.4	5	100.0
03/30/2006 17:10	65.0	16.9	73.0	27.6	64.0	28.0	60.0	24.0	69.0	26.9	331.0	24.7	5	100.0
03/30/2006 17:15	66.0	14.4	70.0	16.8	68.0	18.3	72.0	18.2	67.0	17.3	343.0	17.0	5	100.0
03/30/2006 17:20	50.0	10.5	68.0	20.5	65.0	20.0	60.0	16.3	62.0	16.9	305.0	16.8	5	100.0
03/30/2006 17:25	61.0	18.7	62.0	28.5	56.0	27.4	53.0	22.3	61.0	23.0	293.0	24.0	5	100.0
03/30/2006 17:30	42.0	14.3	44.0	21.7	48.0	18.9	49.0	17.3	45.0	15.8	228.0	17.6	5	100.0
03/30/2006 17:35	58.0	19.1	64.0	22.9	57.0	22.5	62.0	20.7	58.0	19.5	299.0	20.9	5	100.0
03/30/2006 17:40	63.0	17.4	69.0	24.2	56.0	23.2	63.0	20.5	64.0	19.5	315.0	21.0	5	100.0
03/30/2006 17:45	60.0	15.9	63.0	27.9	58.0	29.7	60.0	23.7	59.0	25.7	300.0	24.6	5	100.0
03/30/2006 17:50	55.0	20.2	60.0	29.2	50.0	25.8	58.0	23.5	59.0	25.0	282.0	24.7	5	100.0
03/30/2006 17:55	60.0	19.9	61.0	32.5	54.0	31.8	58.0	28.0	59.0	27.0	292.0	27.8	5	100.0
03/30/2006 18:00	58.0	21.2	52.0	22.6	48.0	25.5	54.0	25.1	54.0	23.6	266.0	23.6	5	100.0
03/30/2006 18:05	49.0	22.3	46.0	22.7	47.0	21.4	54.0	21.3	50.0	19.6	246.0	21.5	5	100.0
03/30/2006 18:10	60.0	27.0	57.0	22.6	53.0	22.1	55.0	20.6	53.0	18.9	278.0	22.2	5	100.0
03/30/2006 18:15	60.0	16.7	65.0	23.2	55.0	24.2	63.0	23.1	61.0	19.9	304.0	21.4	5	100.0
03/30/2006 18:20	61.0	16.1	70.0	21.2	57.0	21.0	65.0	21.8	61.0	19.6	314.0	19.9	5	100.0
03/30/2006 18:25	65.0	18.1	69.0	20.2	67.0	21.6	67.0	19.7	65.0	18.6	333.0	19.6	5	100.0
03/30/2006 18:30	37.0	10.0	41.0	13.2	37.0	12.9	38.0	13.5	41.0	14.0	194.0	12.7	5	100.0
03/30/2006 18:35	46.0	12.9	47.0	22.8	46.0	19.6	52.0	21.9	43.0	14.5	234.0	18.3	5	100.0
03/30/2006 18:40	58.0	18.4	69.0	27.8	66.0	26.0	58.0	19.7	64.0	18.9	315.0	22.2	5	100.0
03/30/2006 18:45	63.0	14.2	74.0	19.2	68.0	19.6	68.0	17.6	64.0	17.4	337.0	17.6	5	100.0
03/30/2006 18:50	63.0	14.1	74.0	21.4	65.0	20.1	65.0	18.2	63.0	17.5	330.0	18.3	5	100.0
03/30/2006 18:55	72.0	16.9	70.0	17.6	67.0	18.1	67.0	18.2	63.0	16.2	339.0	17.4	5	100.0
03/30/2006 19:00	78.0	20.9	71.0	19.1	65.0	18.3	70.0	19.8	65.0	18.2	349.0	19.3	5	100.0
03/30/2006 19:05	80.0	22.1	73.0	19.6	67.0	19.3	67.0	19.7	57.0	17.2	344.0	19.6	5	100.0
03/30/2006 19:10	82.0	20.6	75.0	18.9	62.0	18.8	64.0	16.6	66.0	18.9	349.0	18.8	5	100.0
03/30/2006 19:15	74.0	19.5	69.0	18.7	63.0	19.9	61.0	19.1	66.0	20.0	333.0	19.4	5	100.0
03/30/2006 19:20	74.0	16.1	70.0	16.2	55.0	14.7	61.0	19.2	65.0	18.6	325.0	17.0	5	100.0
03/30/2006 19:25	67.0	10.0	67.0	10.8	71.0	12.3	62.0	13.5	64.0	13.6	331.0	12.0	5	100.0
03/30/2006 19:30	53.0	7.4	62.0	8.5	54.0	8.1	61.0	9.5	55.0	9.1	285.0	8.5	5	100.0
03/30/2006 19:35	56.0	7.6	56.0	7.6	59.0	9.3	58.0	10.2	56.0	9.5	285.0	8.8	5	100.0
03/30/2006 19:40	45.0	5.9	50.0	6.7	55.0	8.8	58.0	9.4	56.0	9.3	264.0	8.0	5	100.0
03/30/2006 19:45	40.0	5.3	53.0	7.1	49.0	7.8	52.0	7.9	50.0	8.1	244.0	7.2	5	100.0
03/30/2006 19:50	51.0	7.1	62.0	8.8	61.0	9.7	61.0	8.9	51.0	8.0	286.0	8.5	5	100.0
03/30/2006 19:55	52.0	7.2	57.0	7.9	48.0	7.1	49.0	7.5	44.0	7.3	250.0	7.4	5	100.0
03/30/2006 20:00	36.0	4.5	48.0	6.3	45.0	6.3	45.0	6.9	40.0	6.5	214.0	6.1	5	100.0
03/30/2006 20:05	59.0	8.0	66.0	8.9	51.0	7.4	53.0	8.1	47.0	8.6	276.0	8.2	5	100.0
03/30/2006 20:10	64.0	8.8	69.0	9.7	61.0	9.5	56.0	8.9	55.0	9.6	305.0	9.3	5	100.0
03/30/2006 20:15	65.0	9.6	67.0	9.7	59.0	9.8	58.0	10.0	63.0	10.5	312.0	9.9	5	100.0
03/30/2006 20:20	58.0	7.9	67.0	9.0	52.0	8.7	58.0	9.7	50.0	7.9	285.0	8.6	5	100.0
03/30/2006 20:25	50.0	6.5	58.0	8.0	55.0	8.8	57.0	9.3	50.0	8.4	270.0	8.2	5	100.0
03/30/2006 20:30	45.0	6.3	56.0	8.1	57.0	8.8	49.0	8.3	53.0	8.9	260.0	8.1	5	100.0
03/30/2006 20:35	54.0	7.4	57.0	8.0	54.0	9.0	57.0	9.3	47.0	8.4	269.0	8.4	5	100.0
03/30/2006 20:40	45.0	6.0	55.0	7.6	52.0	8.1	45.0	8.1	46.0	7.9	243.0	7.5	5	100.0
03/30/2006 20:45	54.0	7.2	59.0	8.0	53.0	8.2	52.0	8.1	51.0	10.0	269.0	8.3	5	100.0
03/30/2006 20:50	41.0	5.2	53.0	7.0	42.0	6.7	48.0	7.4	52.0	8.2	236.0	6.9	5	100.0
03/30/2006 20:55	44.0	5.5	57.0	7.9	55.0	8.7	56.0	8.8	48.0	7.8	260.0	7.7	5	100.0
03/30/2006 21:00	47.0	6.5	52.0	7.3	48.0	7.8	50.0	8.4	51.0	8.9	248.0	7.8	5	100.0
03/30/2006 21:05	40.0	5.3	53.0	7.3	49.0	7.1	48.0	8.0	53.0	8.7	243.0	7.3	5	100.0
03/30/2006 21:10	41.0	5.5	46.0	6.8	44.0	7.2	48.0	8.8	51.0	9.9	230.0	7.6	5	100.0
03/30/2006 21:15	36.0	5.2	51.0	7.5	50.0	8.5	52.0	9.5	45.0	7.7	234.0	7.7	5	100.0
03/30/2006 21:20	47.0	6.2	51.0	7.6	51.0	8.1	46.0	8.3	40.0	6.9	235.0	7.4	5	100.0
03/30/2006 21:25	52.0	7.2	51.0	7.3	53.0	9.1	53.0	9.5	41.0	7.4	250.0	8.1	5	100.0
03/30/2006 21:30	55.0	7.2	48.0	6.9	52.0	9.1	61.0	9.9	53.0	8.8	269.0	8.4	5	100.0
03/30/2006 21:35	52.0	7.0	54.0	7.5	53.0	8.0	49.0	8.7	52.0	8.9	260.0	8.0	5	100.0
03/30/2006 21:40	48.0	6.2	50.0	6.9	46.0	7.7	43.0	7.6	43.0	7.2	230.0	7.1	5	100.0
03/30/2006 21:45	47.0	6.1	58.0	7.6	54.0	8.2	48.0	7.9	42.0	6.9	249.0	7.3	5	100.0
03/30/2006 21:50	43.0	5.7	56.0	7.5	47.0	7.1	47.0	8.0	45.0	7.8	238.0	7.2	5	100.0
03/30/2006 21:55	39.0	4.9	48.0	6.4	48.0	7.1	43.0	8.1	42.0	6.8	220.0	6.7	5	100.0
03/30/2006 22:00	25.0	3.1	25.0	3.3	34.0	4.5	24.0	4.5	26.0	4.6	134.0	4.0	5	100.0
03/30/2006 22:05	45.0	5.9	53.0	7.0	46.0	7.4	44.0	8.4	43.0	6.9	231.0	7.1	5	100.0
03/30/2006 22:10	31.0	3.7	40.0	5.6	41.0	6.3	46.0	8.1	39.0	6.9	197.0	6.1	5	100.0
03/30/2006 22:15	37.0	4.3	52.0	6.8	38.0	5.7	42.0	6.9	35.0	5.9	204.0	5.9	5	100.0
03/30/2006 22:20	33.0	4.3	47.0	6.2	45.0	6.8	35.0	6.6	49.0	8.0	209.0	6.4	5	100.0
03/30/2006 22:25	34.0	4.4	42.0	5.6	37.0	6.0	45.0	7.1	36.0	5.9	194.0	5.8	5	100.0
03/30/2006 22:30	33.0	4.2	37.0	5.0	43.0	6.2	43.0	7.6	33.0	4.7	189.0	5.5	5	100.0
03/30/2006 22:35	29.0	3.5	45.0	5.7	35.0	4.7	40.0	6.8	31.0	4.9	180.0	5.1	5	100.0
03/30/2006 22:40	20.0	2.5	39.0	4.9	37.0	5.3	35.0	5.7	33.0	4.9	164.0	4.7	5	100.0
03/30/2006 22:45	22.0	2.8	35.0	4.4	39.0	5.5	36.0	6.0	35.0	5.3	167.0	4.8	5	100.0
03/30/2006 22:50	23.0	2.7	37.0	4.7	41.0	5.2	32.0	5.2	34.0	5.0	167.0	4.6	5	100.0
03/30/2006 22:55	25.0	3.1	39.0	4.9	36.0	4.8	35.0	6.2	32.0	4.7	167.0	4.7	5	100.0
03/30/2006 23:00	22.0	2.9	34.0	4.5	34.0	5.1	28.0	5.2	31.0	5.5	149.0	4.6	5	100.0
03/30/2006 23:05	29.0	3.3	40.0	5.1	32.0	5.0	36.0	7.1	32.0	6.3	169.0	5.4	5	100.0
03/30/2006 23:10	21.0	2.9	33.0	4.6	24.0	3.8	31.0	5.8	31.0	4.4	140.0	4.3	5	100.0
03/30/2006 23:15	17.0	1.9	33.0	4.0	30.0	4.9	28.0	4.0	24.0	4.1	132.0	3.8	5	100.0
03/30/2006 23:20	17.0	2.0	24.0	2.8	29.0	4.0	28.0	4.5	26.0	3.5	124.0	3.4	5	100.0
03/30/2006 23:25	20.0	2.5	31.0	4.1	31.0	4.4	26.0	4.7	22.0	3.4	130.0	3.8	5	100.0
03/30/2006 23:30	17.0	2.3	28.0	3.3	23.0	3.8	25.0	4.5	19.0	3.7	112.0	3.5	5	100.0
03/30/2006 23:35	17.0	2.4	38.0	5.1	37.0	5.5	28.0	4.3	26.0	5.4	146.0	4.5	5	100.0
03/30/2006 23:40	18.0	2.2	36.0	4.6	28.0	4.2	29.0	5.8	24.0	4.8	135.0	4.3	5	100.0
03/30/2006 23:45	16.0	2.2	24.0	3.1	24.0	3.4	16.0	3.0	19.0	3.2	99.0	3.0	5	100.0
03/30/2006 23:50	11.0	1.4	31.0	3.9	24.0	3.3	23.0	3.8	18.0	3.4	107.0	3.2	5	100.0
03/30/2006 23:55	12.0	1.2	27.0	3.2	23.0	3.8	23.0	4.3	21.0	3.1	106.0	3.1	5	100.0
03/31/2006 00:00	10.0	1.0	26.0	3.3	24.0	3.8	24.0	3.7	17.0	2.8	101.0	2.9	5	100.0
03/31/2006 00:05	10.0	1.0	26.0	3.1	24.0	3.2	25.0	3.6	20.0	3.2	105.0	2.8	5	100.0
03/31/2006 00:10	16.0	2.0	28.0	3.5	26.0	3.8	24.0	4.8	18.0	2.6	112.0	3.3	5	100.0
03/31/2006 00:15	11.0	1.2	27.0	3.3	22.0	3.2	24.0	3.8	19.0	2.9	103.0	2.9	5	100.0
03/31/2006 00:20	14.0	1.7	21.0	2.5	20.0	2.5	18.0	3.5	15.0	3.3	88.0	2.7	5	100.0
03/31/2006 00:25	8.0	1.0	23.0	3.1	25.0	3.7	22.0	4.5	20.0	3.3	98.0	3.1	5	100.0
03/31/2006 00:30	8.0	0.9	21.0	2.4	21.0	3.0	17.0	3.2	18.0	3.3	85.0	2.6	5	100.0
03/31/2006 00:35	10.0	1.1	19.0	2.3	19.0	2.7	19.0	3.9	16.0	2.3	83.0	2.5	5	100.0
03/31/2006 00:40	10.0	1.0	15.0	1.7	23.0	3.7	17.0	3.2	17.0	3.4	82.0	2.6	5	100.0
03/31/2006 00:45	12.0	1.2	18.0	1.9	13.0	1.9	12.0	2.2	6.0	1.0	61.0	1.6	5	100.0
03/31/2006 00:50	10.0	1.0	18.0	2.4	16.0	2.0	9.0	1.8	9.0	1.1	62.0	1.7	5	100.0
03/31/2006 00:55	2.0	0.2	12.0	1.4	13.0	1.9	12.0	4.2	13.0	1.4	52.0	1.8	5	100.0
03/31/2006 01:00	2.0	0.2	14.0	1.8	8.0	1.1	15.0	2.3	11.0	2.1	50.0	1.5	5	100.0
03/31/2006 01:05	5.0	0.6	13.0	1.6	13.0	1.7	11.0	2.3	12.0	1.6	54.0	1.6	5	100.0
03/31/2006 01:10	2.0	0.2	13.0	1.5	11.0	1.5	9.0	1.6	5.0	0.6	40.0	1.1	5	100.0
03/31/2006 01:15	3.0	0.3	15.0	1.8	16.0	2.0	12.0	3.0	13.0	2.1	59.0	1.9	5	100.0
03/31/2006 01:20	6.0	0.6	12.0	1.2	7.0	1.0	8.0	2.0	7.0	1.6	40.0	1.3	5	100.0
03/31/2006 01:25	2.0	0.2	10.0	1.1	11.0	1.2	11.0	2.8	11.0	1.9	45.0	1.4	5	100.0
03/31/2006 01:30	7.0	0.7	11.0	1.2	11.0	1.7	8.0	1.4	6.0	1.4	43.0	1.3	5	100.0
03/31/2006 01:35	1.0	0.1	11.0	1.4	10.0	1.2	10.0	1.9	9.0	1.1	41.0	1.1	5	100.0
03/31/2006 01:40	2.0	0.2	13.0	1.4	5.0	0.8	10.0	2.7	3.0	0.3	33.0	1.1	5	100.0
03/31/2006 01:45	3.0	0.5	10.0	1.1	10.0	1.7	6.0	1.3	8.0	1.8	37.0	1.3	5	100.0
03/31/2006 01:50	10.0	1.4	10.0	1.3	11.0	1.6	13.0	2.6	11.0	1.7	55.0	1.7	5	100.0
03/31/2006 01:55	1.0	0.1	8.0	0.9	7.0	0.8	9.0	2.0	11.0	2.1	36.0	1.2	5	100.0
03/31/2006 02:00	3.0	0.3	14.0	1.8	8.0	1.3	13.0	3.5	10.0	1.6	48.0	1.7	5	100.0
03/31/2006 02:05	7.0	1.0	9.0	0.9	12.0	1.8	13.0	2.5	10.0	1.9	51.0	1.6	5	100.0
03/31/2006 02:10	9.0	0.9	12.0	1.7	12.0	2.3	9.0	1.7	7.0	1.4	49.0	1.6	5	100.0
03/31/2006 02:15	4.0	0.4	9.0	1.1	16.0	1.9	14.0	2.1	10.0	2.6	53.0	1.6	5	100.0
03/31/2006 02:20	2.0	0.2	6.0	0.8	7.0	1.2	5.0	1.2	5.0	0.9	25.0	0.9	5	100.0
03/31/2006 02:25	3.0	0.3	14.0	1.5	12.0	1.5	8.0	1.5	9.0	1.7	46.0	1.3	5	100.0
03/31/2006 02:30	3.0	0.3	8.0	0.9	7.0	1.4	10.0	1.9	9.0	1.3	37.0	1.2	5	100.0
03/31/2006 02:35	3.0	0.3	8.0	1.1	10.0	1.3	13.0	2.5	11.0	2.0	45.0	1.4	5	100.0
03/31/2006 02:40	5.0	0.5	10.0	1.3	7.0	0.9	9.0	1.6	8.0	0.8	39.0	1.0	5	100.0
03/31/2006 02:45	2.0	0.2	6.0	0.6	6.0	0.7	12.0	1.7	16.0	2.1	42.0	1.1	5	100.0
03/31/2006 02:50	0.0	0.0	4.0	0.4	5.0	1.1	9.0	2.4	10.0	1.0	28.0	1.0	5	100.0
03/31/2006 02:55	3.0	0.3	4.0	0.4	10.0	2.2	4.0	1.0	10.0	1.6	31.0	1.1	5	100.0
03/31/2006 03:00	1.0	0.1	7.0	0.8	8.0	0.9	11.0	2.2	9.0	2.1	36.0	1.2	5	100.0
03/31/2006 03:05	1.0	0.1	6.0	0.7	8.0	1.4	11.0	3.3	10.0	1.8	36.0	1.5	5	100.0
03/31/2006 03:10	1.0	0.1	8.0	0.8	10.0	1.6	8.0	1.1	11.0	1.6	38.0	1.0	5	100.0
03/31/2006 03:15	2.0	0.4	8.0	1.1	7.0	0.9	14.0	3.0	6.0	0.8	37.0	1.2	5	100.0
03/31/2006 03:20	0.0	0.0	20.0	2.0	10.0	1.0	0.0	0.0	10.0	1.0	40.0	0.8	5	100.0
03/31/2006 03:25	0.0	0.0	10.0	1.1	12.0	1.8	8.0	1.7	8.0	1.9	38.0	1.3	5	100.0
03/31/2006 03:30	3.0	0.3	7.0	0.7	5.0	0.9	5.0	1.8	5.0	0.8	25.0	0.9	5	100.0
03/31/2006 03:35	3.0	0.3	7.0	1.0	8.0	0.8	7.0	1.6	9.0	2.3	34.0	1.2	5	100.0
03/31/2006 03:40	6.0	0.6	7.0	0.8	10.0	1.6	7.0	2.7	8.0	1.5	38.0	1.4	5	100.0
03/31/2006 03:45	0.0	0.0	5.0	0.5	10.0	1.4	10.0	2.6	8.0	1.2	33.0	1.1	5	100.0
03/31/2006 03:50	0.0	0.0	7.0	0.7	9.0	1.5	14.0	4.0	7.0	1.5	37.0	1.5	5	100.0
03/31/2006 03:55	5.0	0.5	9.0	1.3	2.0	0.2	9.0	2.2	9.0	2.9	34.0	1.4	5	100.0
03/31/2006 04:00	9.0	0.9	10.0	1.3	4.0	0.4	6.0	1.0	11.0	3.2	40.0	1.4	5	100.0
03/31/2006 04:05	2.0	0.2	6.0	0.7	12.0	2.2	9.0	2.2	8.0	0.9	37.0	1.2	5	100.0
03/31/2006 04:10	0.0	0.0	9.0	1.0	10.0	2.5	11.0	2.0	9.0	2.2	39.0	1.5	5	100.0
03/31/2006 04:15	0.0	0.0	6.0	0.7	10.0	2.3	13.0	3.4	9.0	1.4	38.0	1.6	5	100.0
03/31/2006 04:20	0.0	0.0	7.0	0.7	8.0	1.8	11.0	2.7	9.0	2.2	35.0	1.5	5	100.0
03/31/2006 04:25	1.0	0.1	10.0	1.1	10.0	1.9	9.0	3.2	11.0	2.1	41.0	1.7	5	100.0
03/31/2006 04:30	1.0	0.1	7.0	0.7	10.0	2.1	8.0	2.1	11.0	3.4	37.0	1.7	5	100.0
03/31/2006 04:35	0.0	0.0	7.0	0.9	7.0	1.2	15.0	3.3	11.0	2.9	40.0	1.7	5	100.0
03/31/2006 04:40	0.0	0.0	8.0	0.9	9.0	2.3	12.0	4.7	15.0	2.8	44.0	2.2	5	100.0
03/31/2006 04:45	0.0	0.0	12.0	1.4	12.0	2.8	14.0	3.3	13.0	2.2	51.0	1.9	5	100.0
03/31/2006 04:50	9.0	0.9	12.0	1.5	16.0	2.9	13.0	3.0	11.0	2.6	61.0	2.2	5	100.0
03/31/2006 04:55	10.0	1.0	9.0	1.1	9.0	1.4	16.0	3.3	14.0	3.1	58.0	2.0	5	100.0
03/31/2006 05:00	2.0	0.2	9.0	1.0	13.0	2.1	11.0	3.3	14.0	3.1	49.0	1.9	5	100.0
03/31/2006 05:05	1.0	0.1	10.0	1.3	15.0	2.5	17.0	3.8	12.0	3.7	55.0	2.3	5	100.0
03/31/2006 05:10	0.0	0.0	12.0	1.4	17.0	3.0	16.0	2.9	18.0	3.7	63.0	2.2	5	100.0
03/31/2006 05:15	6.0	0.8	14.0	1.8	19.0	3.4	18.0	4.9	16.0	2.8	73.0	2.7	5	100.0
03/31/2006 05:20	6.0	0.8	16.0	2.0	22.0	3.6	17.0	3.9	19.0	4.6	80.0	3.0	5	100.0
03/31/2006 05:25	10.0	1.0	21.0	2.3	19.0	3.7	19.0	3.1	20.0	3.1	89.0	2.6	5	100.0
03/31/2006 05:30	1.0	0.1	22.0	3.0	22.0	3.3	26.0	5.2	17.0	3.7	88.0	3.1	5	100.0
03/31/2006 05:35	3.0	0.4	14.0	1.5	32.0	4.8	27.0	6.2	9.0	1.6	85.0	2.9	5	100.0
03/31/2006 05:40	8.0	0.8	28.0	3.5	27.0	3.9	28.0	5.4	19.0	3.2	110.0	3.4	5	100.0
03/31/2006 05:45	8.0	0.8	31.0	3.6	25.0	4.9	23.0	4.3	24.0	4.9	111.0	3.7	5	100.0
03/31/2006 05:50	3.0	0.3	41.0	5.0	32.0	5.4	27.0	6.0	31.0	5.4	134.0	4.4	5	100.0
03/31/2006 05:55	4.0	0.4	32.0	3.5	30.0	4.8	31.0	6.1	26.0	5.3	123.0	4.0	5	100.0
03/31/2006 06:00	11.0	1.1	37.0	4.6	27.0	4.2	24.0	5.8	32.0	6.0	131.0	4.3	5	100.0
03/31/2006 06:05	9.0	1.2	34.0	4.0	33.0	5.2	27.0	5.3	27.0	6.3	130.0	4.4	5	100.0
03/31/2006 06:10	2.0	0.2	42.0	5.3	36.0	5.7	28.0	6.9	30.0	5.2	138.0	4.7	5	100.0
03/31/2006 06:15	7.0	0.7	50.0	6.5	44.0	7.8	41.0	7.6	27.0	6.1	169.0	5.7	5	100.0
03/31/2006 06:20	6.0	1.0	44.0	5.6	43.0	6.6	40.0	7.4	36.0	5.3	169.0	5.2	5	100.0
03/31/2006 06:25	6.0	0.7	55.0	7.1	38.0	6.7	37.0	8.1	39.0	7.1	175.0	5.9	5	100.0
03/31/2006 06:30	8.0	1.0	52.0	6.7	39.0	6.9	47.0	8.5	40.0	7.4	186.0	6.1	5	100.0
03/31/2006 06:35	8.0	0.8	51.0	7.1	43.0	7.2	47.0	8.4	43.0	7.5	192.0	6.2	5	100.0
03/31/2006 06:40	6.0	0.7	58.0	7.6	50.0	8.2	43.0	8.0	41.0	7.5	198.0	6.4	5	100.0
03/31/2006 06:45	7.0	0.8	56.0	7.5	50.0	8.5	52.0	9.2	42.0	6.7	207.0	6.5	5	100.0
03/31/2006 06:50	19.0	2.7	62.0	8.2	60.0	9.1	51.0	9.4	51.0	8.8	243.0	7.6	5	100.0
03/31/2006 06:55	10.0	1.4	64.0	8.7	51.0	7.8	44.0	10.2	41.0	8.1	210.0	7.2	5	100.0
03/31/2006 07:00	8.0	1.1	62.0	7.7	51.0	8.4	50.0	8.3	47.0	7.8	218.0	6.7	5	100.0
03/31/2006 07:05	10.0	1.1	61.0	7.9	49.0	7.9	52.0	8.1	44.0	7.2	216.0	6.4	5	100.0
03/31/2006 07:10	14.0	2.4	70.0	9.1	52.0	8.9	55.0	10.9	59.0	10.0	250.0	8.3	5	100.0
03/31/2006 07:15	12.0	1.9	83.0	11.5	66.0	11.7	61.0	12.1	59.0	10.3	281.0	9.5	5	100.0
03/31/2006 07:20	11.0	1.2	74.0	10.0	68.0	10.4	60.0	11.0	56.0	10.3	269.0	8.6	5	100.0
03/31/2006 07:25	18.0	2.4	84.0	11.7	66.0	11.6	60.0	12.2	58.0	10.1	286.0	9.6	5	100.0
03/31/2006 07:30	10.0	1.1	90.0	12.5	61.0	11.1	62.0	13.1	67.0	11.5	290.0	9.9	5	100.0
03/31/2006 07:35	16.0	2.1	73.0	10.8	59.0	10.9	56.0	11.3	61.0	11.5	265.0	9.3	5	100.0
03/31/2006 07:40	14.0	1.7	75.0	10.2	66.0	11.3	55.0	11.5	70.0	12.4	280.0	9.4	5	100.0
03/31/2006 07:45	15.0	1.7	93.0	13.1	72.0	13.9	62.0	12.9	72.0	14.0	314.0	11.1	5	100.0
03/31/2006 07:50	16.0	2.1	83.0	12.2	66.0	13.2	63.0	11.9	71.0	12.4	299.0	10.4	5	100.0
03/31/2006 07:55	19.0	2.4	77.0	10.3	59.0	9.6	72.0	11.9	66.0	12.6	293.0	9.4	5	100.0
03/31/2006 08:00	13.0	1.5	82.0	11.6	68.0	12.2	63.0	11.7	76.0	13.1	302.0	10.0	5	100.0
03/31/2006 08:05	18.0	2.7	82.0	11.7	68.0	11.5	69.0	13.5	77.0	13.3	314.0	10.5	5	100.0
03/31/2006 08:10	11.0	1.6	81.0	11.6	66.0	11.7	67.0	12.6	67.0	12.1	292.0	9.9	5	100.0
03/31/2006 08:15	15.0	2.1	81.0	11.1	69.0	12.0	65.0	12.0	75.0	12.8	305.0	10.0	5	100.0
03/31/2006 08:20	18.0	2.7	80.0	11.1	64.0	10.9	55.0	11.8	69.0	13.0	286.0	9.9	5	100.0
03/31/2006 08:25	18.0	2.7	81.0	11.3	67.0	11.4	55.0	11.1	77.0	13.8	298.0	10.1	5	100.0
03/31/2006 08:30	11.0	1.7	87.0	12.9	68.0	13.5	66.0	13.1	75.0	13.4	307.0	10.9	5	100.0
03/31/2006 08:35	11.0	1.3	93.0	13.2	68.0	13.5	77.0	14.0	82.0	15.5	331.0	11.5	5	100.0
03/31/2006 08:40	18.0	2.7	86.0	12.6	69.0	13.4	66.0	14.1	73.0	14.2	312.0	11.4	5	100.0
03/31/2006 08:45	15.0	2.2	79.0	12.1	61.0	13.3	62.0	14.4	78.0	15.5	295.0	11.5	5	100.0
03/31/2006 08:50	13.0	1.8	85.0	12.8	66.0	12.5	70.0	14.0	77.0	14.4	311.0	11.1	5	100.0
03/31/2006 08:55	17.0	2.1	83.0	11.8	62.0	13.2	68.0	13.6	73.0	12.6	303.0	10.7	5	100.0
03/31/2006 09:00	12.0	1.5	76.0	10.1	61.0	10.8	57.0	11.0	71.0	12.8	277.0	9.2	5	100.0
03/31/2006 09:05	22.0	3.2	75.0	10.3	57.0	10.8	57.0	11.5	60.0	10.9	271.0	9.3	5	100.0
03/31/2006 09:10	15.0	2.0	82.0	11.5	59.0	10.8	57.0	11.8	66.0	12.0	279.0	9.6	5	100.0
03/31/2006 09:15	18.0	2.4	82.0	11.9	54.0	10.5	60.0	13.1	77.0	14.8	291.0	10.5	5	100.0
03/31/2006 09:20	13.0	1.7	65.0	9.1	61.0	10.5	57.0	11.7	66.0	11.4	262.0	8.9	5	100.0
03/31/2006 09:25	16.0	2.4	91.0	13.3	56.0	12.5	69.0	13.9	69.0	13.8	301.0	11.2	5	100.0
03/31/2006 09:30	18.0	2.1	80.0	11.2	56.0	11.3	63.0	13.0	67.0	11.5	284.0	9.8	5	100.0
03/31/2006 09:35	18.0	2.2	82.0	11.6	63.0	13.2	64.0	13.2	71.0	12.2	298.0	10.5	5	100.0
03/31/2006 09:40	18.0	2.3	92.0	13.7	66.0	14.1	61.0	12.7	74.0	13.4	311.0	11.2	5	100.0
03/31/2006 09:45	17.0	2.1	75.0	10.7	63.0	10.7	55.0	12.0	79.0	13.8	289.0	9.9	5	100.0
03/31/2006 09:50	19.0	2.6	81.0	11.1	69.0	12.2	55.0	13.3	73.0	13.4	297.0	10.5	5	100.0
03/31/2006 09:55	33.0	4.4	84.0	11.9	59.0	11.6	68.0	13.3	78.0	15.1	322.0	11.3	5	100.0
03/31/2006 10:00	43.0	5.3	70.0	9.5	52.0	9.3	55.0	11.7	71.0	13.8	291.0	9.9	5	100.0
03/31/2006 10:05	53.0	6.3	68.0	9.0	61.0	11.2	51.0	12.2	76.0	14.1	309.0	10.6	5	100.0
03/31/2006 10:10	43.0	5.4	68.0	9.8	58.0	11.8	62.0	12.7	61.0	11.7	292.0	10.3	5	100.0
03/31/2006 10:15	46.0	6.0	65.0	8.9	58.0	10.8	64.0	12.5	65.0	11.6	298.0	10.0	5	100.0
03/31/2006 10:20	48.0	6.0	55.0	7.7	58.0	10.2	64.0	12.8	65.0	11.3	290.0	9.6	5	100.0
03/31/2006 10:25	61.0	7.6	71.0	9.3	58.0	10.2	59.0	11.2	61.0	10.8	310.0	9.8	5	100.0
03/31/2006 10:30	52.0	6.7	71.0	9.6	62.0	12.1	57.0	13.1	74.0	14.9	316.0	11.3	5	100.0
03/31/2006 10:35	52.0	7.0	68.0	9.9	71.0	12.6	61.0	11.5	70.0	13.8	322.0	11.0	5	100.0
03/31/2006 10:40	52.0	6.8	73.0	10.1	68.0	11.8	70.0	14.9	73.0	13.6	336.0	11.4	5	100.0
03/31/2006 10:45	48.0	6.0	65.0	9.3	60.0	10.1	67.0	12.1	74.0	12.8	314.0	10.1	5	100.0
03/31/2006 10:50	52.0	6.7	63.0	8.6	64.0	12.2	66.0	14.3	73.0	14.5	318.0	11.3	5	100.0
03/31/2006 10:55	48.0	6.1	67.0	9.4	64.0	12.6	66.0	12.9	71.0	12.3	316.0	10.7	5	100.0
03/31/2006 11:00	53.0	7.0	71.0	10.0	68.0	12.7	63.0	13.3	80.0	14.3	335.0	11.5	5	100.0
03/31/2006 11:05	55.0	7.6	60.0	8.2	56.0	10.4	61.0	12.8	70.0	12.3	302.0	10.3	5	100.0
03/31/2006 11:10	59.0	7.3	71.0	9.7	58.0	11.7	64.0	13.3	70.0	12.7	322.0	10.9	5	100.0
03/31/2006 11:15	52.0	6.5	66.0	8.8	64.0	10.3	62.0	12.3	76.0	14.1	320.0	10.4	5	100.0
03/31/2006 11:20	63.0	8.1	68.0	9.6	67.0	12.0	64.0	14.1	80.0	14.2	342.0	11.6	5	100.0
03/31/2006 11:25	56.0	7.3	72.0	9.8	66.0	12.1	67.0	13.3	78.0	14.5	339.0	11.4	5	100.0
03/31/2006 11:30	67.0	9.1	78.0	11.3	68.0	14.7	71.0	14.6	75.0	13.1	359.0	12.6	5	100.0
03/31/2006 11:35	63.0	7.8	70.0	9.6	60.0	10.8	67.0	12.6	77.0	14.1	337.0	11.0	5	100.0
03/31/2006 11:40	67.0	8.6	79.0	10.9	70.0	13.5	64.0	14.3	80.0	15.5	360.0	12.6	5	100.0
03/31/2006 11:45	66.0	9.0	73.0	10.3	67.0	13.0	70.0	13.9	82.0	15.8	358.0	12.4	5	100.0
03/31/2006 11:50	61.0	8.0	69.0	9.7	71.0	11.7	64.0	13.0	84.0	14.9	349.0	11.5	5	100.0
03/31/2006 11:55	63.0	8.7	74.0	10.8	61.0	12.8	62.0	12.9	83.0	15.3	343.0	12.1	5	100.0
03/31/2006 12:00	71.0	9.9	70.0	11.2	65.0	13.9	63.0	12.7	75.0	14.9	344.0	12.5	5	100.0
03/31/2006 12:05	54.0	7.4	64.0	9.2	57.0	11.9	63.0	12.8	75.0	14.1	313.0	11.1	5	100.0
03/31/2006 12:10	66.0	9.5	75.0	11.9	57.0	11.5	66.0	13.8	68.0	14.3	332.0	12.2	5	100.0
03/31/2006 12:15	74.0	12.7	69.0	12.5	59.0	15.4	67.0	15.9	74.0	17.5	343.0	14.8	5	100.0
03/31/2006 12:20	68.0	12.6	65.0	14.4	54.0	16.4	58.0	15.5	69.0	22.7	314.0	16.3	5	100.0
03/31/2006 12:25	72.0	18.3	66.0	17.1	54.0	19.6	53.0	18.1	64.0	24.9	309.0	19.6	5	100.0
03/31/2006 12:30	67.0	15.1	66.0	15.8	56.0	17.1	58.0	17.7	65.0	17.2	312.0	16.6	5	100.0
03/31/2006 12:35	70.0	18.8	65.0	17.1	55.0	18.4	55.0	18.4	57.0	17.8	302.0	18.1	5	100.0
03/31/2006 12:40	69.0	17.9	57.0	14.9	51.0	18.1	56.0	17.8	61.0	20.4	294.0	17.8	5	100.0
03/31/2006 12:45	65.0	21.7	63.0	20.5	49.0	22.0	54.0	17.8	59.0	22.5	290.0	20.9	5	100.0
03/31/2006 12:50	71.0	21.8	60.0	17.6	49.0	20.3	53.0	18.4	63.0	22.8	296.0	20.2	5	100.0
03/31/2006 12:55	67.0	17.0	61.0	17.2	58.0	18.6	54.0	18.4	60.0	20.0	300.0	18.2	5	100.0
03/31/2006 13:00	70.0	17.7	62.0	16.2	52.0	16.4	61.0	18.1	60.0	17.6	305.0	17.2	5	100.0
03/31/2006 13:05	71.0	17.7	61.0	16.4	62.0	22.0	54.0	16.4	61.0	17.3	309.0	18.0	5	100.0
03/31/2006 13:10	68.0	17.3	69.0	19.1	50.0	17.8	56.0	17.7	64.0	19.0	307.0	18.2	5	100.0
03/31/2006 13:15	68.0	17.1	67.0	17.8	55.0	16.8	62.0	15.5	60.0	15.8	312.0	16.6	5	100.0
03/31/2006 13:20	72.0	20.1	65.0	17.4	56.0	20.6	58.0	17.2	55.0	16.9	306.0	18.4	5	100.0
03/31/2006 13:25	67.0	19.5	64.0	17.8	58.0	20.9	54.0	18.7	65.0	19.1	308.0	19.2	5	100.0
03/31/2006 13:30	66.0	16.5	56.0	15.3	46.0	16.6	60.0	16.7	53.0	14.5	281.0	15.9	5	100.0
03/31/2006 13:35	52.0	13.6	44.0	11.8	36.0	11.8	60.0	16.9	45.0	12.3	237.0	13.3	5	100.0
03/31/2006 13:40	70.0	15.7	64.0	14.5	56.0	17.8	58.0	17.0	66.0	18.8	314.0	16.8	5	100.0
03/31/2006 13:45	69.0	15.6	61.0	15.1	55.0	18.4	61.0	16.0	66.0	16.5	312.0	16.3	5	100.0
03/31/2006 13:50	70.0	20.3	67.0	18.4	51.0	19.3	68.0	18.7	60.0	17.0	316.0	18.7	5	100.0
03/31/2006 13:55	71.0	17.4	61.0	16.1	51.0	19.4	65.0	16.6	60.0	15.9	308.0	17.1	5	100.0
03/31/2006 14:00	76.0	17.3	68.0	17.0	51.0	18.4	62.0	17.8	64.0	18.0	321.0	17.7	5	100.0
03/31/2006 14:05	71.0	16.0	64.0	14.6	59.0	18.8	54.0	14.3	64.0	17.6	312.0	16.3	5	100.0
03/31/2006 14:10	65.0	14.7	66.0	15.3	56.0	18.2	54.0	16.3	65.0	16.2	306.0	16.1	5	100.0
03/31/2006 14:15	70.0	17.9	66.0	17.4	51.0	17.6	61.0	17.5	63.0	18.7	311.0	17.8	5	100.0
03/31/2006 14:20	73.0	16.7	65.0	15.6	63.0	18.1	55.0	18.0	65.0	17.6	321.0	17.2	5	100.0
03/31/2006 14:25	72.0	17.3	69.0	17.3	53.0	17.6	60.0	15.9	61.0	16.8	315.0	17.0	5	100.0
03/31/2006 14:30	75.0	19.2	68.0	19.2	58.0	19.5	65.0	19.5	62.0	16.5	328.0	18.8	5	100.0
03/31/2006 14:35	69.0	16.6	68.0	17.4	51.0	17.7	55.0	16.7	60.0	16.2	303.0	16.9	5	100.0
03/31/2006 14:40	75.0	17.2	67.0	16.5	55.0	17.0	61.0	16.0	59.0	15.3	317.0	16.4	5	100.0
03/31/2006 14:45	72.0	16.8	66.0	15.6	51.0	16.6	56.0	15.0	57.0	14.7	302.0	15.7	5	100.0
03/31/2006 14:50	49.0	13.1	45.0	12.0	43.0	13.4	42.0	11.2	44.0	11.3	223.0	12.2	5	100.0
03/31/2006 14:55	65.0	16.2	68.0	18.2	57.0	18.9	57.0	16.5	59.0	15.5	306.0	17.1	5	100.0
03/31/2006 15:00	61.0	15.2	75.0	20.3	52.0	20.3	61.0	18.9	61.0	17.8	310.0	18.5	5	100.0
03/31/2006 15:05	60.0	13.9	70.0	15.9	55.0	15.6	60.0	15.3	58.0	14.0	303.0	14.9	5	100.0
03/31/2006 15:10	59.0	13.4	65.0	17.0	52.0	14.7	56.0	14.6	57.0	14.5	289.0	14.8	5	100.0
03/31/2006 15:15	56.0	14.2	66.0	19.2	52.0	17.8	64.0	17.5	58.0	17.3	296.0	17.2	5	100.0
03/31/2006 15:20	54.0	15.0	62.0	23.6	57.0	21.3	57.0	18.5	57.0	18.8	287.0	19.4	5	100.0
03/31/2006 15:25	59.0	14.2	64.0	18.7	60.0	19.7	59.0	18.6	60.0	17.7	302.0	17.8	5	100.0
03/31/2006 15:30	59.0	15.0	67.0	19.6	55.0	18.9	59.0	18.2	59.0	15.6	299.0	17.5	5	100.0
03/31/2006 15:35	60.0	13.7	65.0	16.4	59.0	17.1	63.0	16.3	56.0	14.5	303.0	15.6	5	100.0
03/31/2006 15:40	55.0	12.5	66.0	16.6	59.0	17.4	57.0	14.8	59.0	15.8	296.0	15.4	5	100.0
03/31/2006 15:45	57.0	13.5	70.0	19.4	59.0	17.5	62.0	16.9	67.0	17.6	315.0	17.0	5	100.0
03/31/2006 15:50	60.0	15.1	70.0	22.1	58.0	21.2	63.0	19.5	62.0	20.2	313.0	19.6	5	100.0
03/31/2006 15:55	58.0	16.4	59.0	28.9	52.0	27.0	56.0	23.9	61.0	27.8	286.0	24.8	5	100.0
03/31/2006 16:00	56.0	19.5	55.0	26.4	52.0	25.7	56.0	29.8	58.0	27.3	277.0	25.7	5	100.0
03/31/2006 16:05	53.0	18.9	54.0	24.9	55.0	26.4	57.0	22.3	57.0	23.4	276.0	23.2	5	100.0
03/31/2006 16:10	62.0	17.0	67.0	18.9	57.0	19.6	59.0	16.8	64.0	17.8	309.0	18.0	5	100.0
03/31/2006 16:15	55.0	14.5	65.0	21.5	59.0	18.8	59.0	18.7	60.0	16.1	298.0	17.9	5	100.0
03/31/2006 16:20	51.0	13.3	64.0	25.9	58.0	21.9	61.0	21.8	57.0	19.1	291.0	20.4	5	100.0
03/31/2006 16:25	56.0	20.1	50.0	33.2	53.0	27.1	53.0	29.6	59.0	31.6	271.0	28.3	5	100.0
03/31/2006 16:30	59.0	16.5	62.0	29.1	52.0	29.6	59.0	26.6	59.0	26.3	291.0	25.6	5	100.0
03/31/2006 16:35	56.0	16.3	64.0	29.3	55.0	30.4	59.0	24.7	63.0	22.4	297.0	24.6	5	100.0
03/31/2006 16:40	59.0	21.2	59.0	31.5	56.0	27.9	57.0	25.2	59.0	23.8	290.0	25.9	5	100.0
03/31/2006 16:45	61.0	25.9	59.0	25.2	50.0	26.1	58.0	23.6	59.0	25.5	287.0	25.3	5	100.0
03/31/2006 16:50	61.0	15.9	66.0	22.0	53.0	21.3	61.0	19.3	62.0	19.7	303.0	19.6	5	100.0
03/31/2006 16:55	61.0	16.5	58.0	24.3	52.0	24.3	63.0	21.7	63.0	20.9	297.0	21.5	5	100.0
03/31/2006 17:00	66.0	21.8	65.0	27.7	53.0	23.7	64.0	23.5	65.0	21.2	313.0	23.6	5	100.0
03/31/2006 17:05	61.0	32.8	57.0	25.6	59.0	28.6	57.0	22.9	59.0	22.7	293.0	26.5	5	100.0
03/31/2006 17:10	55.0	27.4	54.0	28.2	53.0	30.7	65.0	29.0	57.0	26.0	284.0	28.3	5	100.0
03/31/2006 17:15	52.0	26.1	54.0	28.0	51.0	27.6	55.0	25.2	55.0	27.9	267.0	27.0	5	100.0
03/31/2006 17:20	58.0	27.8	59.0	27.7	47.0	23.5	58.0	24.0	58.0	24.8	280.0	25.6	5	100.0
03/31/2006 17:25	65.0	16.8	70.0	19.2	62.0	19.4	61.0	18.3	62.0	18.3	320.0	18.4	5	100.0
03/31/2006 17:30	62.0	15.3	70.0	19.3	65.0	19.4	64.0	18.6	64.0	19.9	325.0	18.5	5	100.0
03/31/2006 17:35	59.0	13.3	70.0	17.4	61.0	17.3	59.0	16.7	62.0	16.6	311.0	16.3	5	100.0
03/31/2006 17:40	64.0	15.7	70.0	17.5	68.0	19.4	66.0	19.2	62.0	17.5	330.0	17.9	5	100.0
03/31/2006 17:45	47.0	8.8	55.0	12.8	45.0	11.5	53.0	15.0	53.0	15.7	253.0	12.8	5	100.0
03/31/2006 17:50	66.0	19.4	70.0	20.0	67.0	20.4	61.0	18.4	62.0	17.0	326.0	19.0	5	100.0
03/31/2006 17:55	65.0	25.8	68.0	24.6	57.0	24.4	62.0	19.4	69.0	20.6	321.0	23.0	5	100.0
03/31/2006 18:00	67.0	14.6	72.0	18.0	64.0	18.2	67.0	18.4	65.0	17.4	335.0	17.3	5	100.0
03/31/2006 18:05	62.0	15.7	69.0	17.3	57.0	19.0	58.0	17.0	63.0	17.7	309.0	17.3	5	100.0
03/31/2006 18:10	57.0	13.1	75.0	18.3	65.0	19.2	72.0	18.9	66.0	18.2	335.0	17.5	5	100.0
03/31/2006 18:15	65.0	14.3	75.0	17.7	67.0	17.3	61.0	16.9	63.0	15.6	331.0	16.4	5	100.0
03/31/2006 18:20	63.0	13.6	71.0	17.9	62.0	18.8	59.0	17.7	69.0	18.2	324.0	17.2	5	100.0
03/31/2006 18:25	56.0	17.3	56.0	23.2	62.0	23.0	59.0	20.1	55.0	19.1	288.0	20.5	5	100.0
03/31/2006 18:30	55.0	12.4	72.0	20.1	63.0	18.6	62.0	16.8	60.0	17.0	312.0	17.0	5	100.0
03/31/2006 18:35	54.0	11.3	76.0	19.0	65.0	17.5	61.0	15.5	55.0	15.1	311.0	15.7	5	100.0
03/31/2006 18:40	51.0	9.1	49.0	12.4	49.0	12.1	43.0	10.6	43.0	10.2	235.0	10.9	5	100.0
03/31/2006 18:45	32.0	5.1	66.0	10.3	67.0	10.6	64.0	10.2	50.0	9.5	279.0	9.1	5	100.0
03/31/2006 18:50	36.0	4.7	63.0	9.3	60.0	9.9	57.0	9.7	59.0	10.0	275.0	8.7	5	100.0
03/31/2006 18:55	36.0	4.9	58.0	8.8	60.0	9.3	58.0	9.5	59.0	10.4	271.0	8.6	5	100.0
03/31/2006 19:00	62.0	9.4	65.0	9.9	67.0	12.3	59.0	11.3	62.0	12.3	315.0	11.0	5	100.0
03/31/2006 19:05	65.0	9.9	71.0	11.3	57.0	11.1	67.0	13.2	61.0	13.1	321.0	11.7	5	100.0
03/31/2006 19:10	70.0	10.7	72.0	11.1	68.0	11.5	70.0	13.1	58.0	11.6	338.0	11.6	5	100.0
03/31/2006 19:15	64.0	8.9	61.0	9.1	59.0	10.2	68.0	12.7	58.0	10.9	310.0	10.4	5	100.0
03/31/2006 19:20	57.0	8.9	59.0	8.6	59.0	9.9	60.0	10.7	59.0	11.4	294.0	9.9	5	100.0
03/31/2006 19:25	62.0	8.8	65.0	9.4	57.0	9.5	54.0	9.9	58.0	11.2	296.0	9.8	5	100.0
03/31/2006 19:30	60.0	8.7	68.0	9.8	62.0	10.7	61.0	10.5	60.0	11.0	311.0	10.1	5	100.0
03/31/2006 19:35	71.0	10.1	72.0	10.8	67.0	11.1	56.0	9.5	61.0	11.0	327.0	10.5	5	100.0
03/31/2006 19:40	64.0	9.6	67.0	9.3	59.0	9.7	56.0	9.0	59.0	10.5	305.0	9.6	5	100.0
03/31/2006 19:45	72.0	10.2	66.0	10.0	62.0	9.9	59.0	9.8	52.0	9.8	311.0	9.9	5	100.0
03/31/2006 19:50	69.0	10.5	76.0	11.5	65.0	10.6	53.0	9.4	56.0	9.8	319.0	10.4	5	100.0
03/31/2006 19:55	59.0	7.7	54.0	8.0	53.0	8.4	56.0	9.5	51.0	8.8	273.0	8.5	5	100.0
03/31/2006 20:00	71.0	10.0	66.0	9.7	62.0	9.9	62.0	11.2	49.0	8.7	310.0	9.9	5	100.0
03/31/2006 20:05	71.0	9.8	64.0	9.3	62.0	10.3	60.0	11.1	57.0	10.0	314.0	10.1	5	100.0
03/31/2006 20:10	74.0	10.8	68.0	10.0	56.0	9.1	62.0	10.5	60.0	10.9	320.0	10.3	5	100.0
03/31/2006 20:15	63.0	8.7	66.0	9.0	59.0	8.9	56.0	9.5	51.0	9.4	295.0	9.1	5	100.0
03/31/2006 20:20	62.0	11.0	60.0	10.7	60.0	11.0	61.0	13.1	51.0	10.0	294.0	11.2	5	100.0
03/31/2006 20:25	57.0	17.2	58.0	17.0	57.0	15.5	53.0	15.6	59.0	16.2	284.0	16.3	5	100.0
03/31/2006 20:30	59.0	24.2	58.0	21.9	51.0	23.0	48.0	22.3	53.0	22.2	269.0	22.7	5	100.0
03/31/2006 20:35	64.0	22.4	59.0	21.7	51.0	20.3	53.0	20.2	57.0	20.6	284.0	21.0	5	100.0
03/31/2006 20:40	63.0	23.3	53.0	18.8	49.0	23.2	45.0	18.0	50.0	18.3	260.0	20.3	5	100.0
03/31/2006 20:45	62.0	20.7	58.0	18.6	49.0	17.4	52.0	19.0	58.0	23.1	279.0	19.8	5	100.0
03/31/2006 20:50	57.0	14.6	57.0	15.6	54.0	16.2	54.0	16.8	57.0	16.3	279.0	15.9	5	100.0
03/31/2006 20:55	61.0	11.5	58.0	11.9	50.0	11.9	57.0	12.9	56.0	13.1	282.0	12.3	5	100.0
03/31/2006 21:00	50.0	6.9	57.0	8.2	43.0	7.2	43.0	7.5	40.0	6.4	233.0	7.2	5	100.0
03/31/2006 21:05	49.0	6.8	56.0	7.9	53.0	8.9	53.0	10.2	45.0	9.3	256.0	8.6	5	100.0
03/31/2006 21:10	46.0	6.6	49.0	7.8	45.0	7.8	53.0	9.0	52.0	9.5	245.0	8.1	5	100.0
03/31/2006 21:15	49.0	6.8	60.0	8.5	53.0	8.5	50.0	8.6	49.0	8.8	261.0	8.2	5	100.0
03/31/2006 21:20	47.0	6.5	49.0	6.8	49.0	7.5	48.0	8.4	52.0	9.5	245.0	7.7	5	100.0
03/31/2006 21:25	47.0	6.4	51.0	7.1	50.0	8.3	49.0	8.9	36.0	6.8	233.0	7.5	5	100.0
03/31/2006 21:30	46.0	6.3	57.0	7.9	51.0	8.0	46.0	7.1	52.0	8.7	252.0	7.6	5	100.0
03/31/2006 21:35	52.0	7.1	54.0	7.8	60.0	9.5	53.0	9.0	42.0	7.0	261.0	8.1	5	100.0
03/31/2006 21:40	43.0	5.8	57.0	8.1	52.0	8.3	43.0	7.8	39.0	6.5	234.0	7.3	5	100.0
03/31/2006 21:45	46.0	5.9	50.0	7.1	48.0	7.4	53.0	8.7	41.0	7.7	238.0	7.4	5	100.0
03/31/2006 21:50	44.0	6.0	55.0	7.7	44.0	6.8	46.0	9.4	45.0	7.4	234.0	7.5	5	100.0
03/31/2006 21:55	43.0	5.6	50.0	7.1	44.0	6.7	53.0	8.6	38.0	6.5	228.0	6.9	5	100.0
03/31/2006 22:00	29.0	3.7	40.0	5.5	29.0	4.8	46.0	7.6	31.0	4.7	175.0	5.3	5	100.0
03/31/2006 22:05	50.0	6.7	50.0	7.0	48.0	8.4	54.0	8.6	47.0	8.1	249.0	7.8	5	100.0
03/31/2006 22:10	54.0	7.3	55.0	7.6	59.0	8.9	50.0	9.1	48.0	8.5	266.0	8.3	5	100.0
03/31/2006 22:15	52.0	6.9	63.0	8.3	55.0	8.5	55.0	9.7	48.0	7.9	273.0	8.3	5	100.0
03/31/2006 22:20	46.0	5.9	48.0	6.4	47.0	6.9	46.0	7.7	43.0	7.4	230.0	6.9	5	100.0
03/31/2006 22:25	55.0	7.4	66.0	9.6	58.0	9.2	63.0	10.7	49.0	8.5	291.0	9.1	5	100.0
03/31/2006 22:30	58.0	8.3	65.0	9.4	58.0	9.8	53.0	10.4	53.0	10.0	287.0	9.6	5	100.0
03/31/2006 22:35	63.0	8.8	66.0	9.7	63.0	10.5	45.0	7.9	48.0	8.4	285.0	9.1	5	100.0
03/31/2006 22:40	52.0	7.7	57.0	9.0	55.0	9.2	56.0	10.2	53.0	9.2	273.0	9.1	5	100.0
03/31/2006 22:45	51.0	7.1	51.0	7.3	51.0	8.4	44.0	7.8	53.0	8.8	250.0	7.9	5	100.0
03/31/2006 22:50	40.0	5.5	43.0	6.1	48.0	7.0	46.0	7.5	44.0	8.4	221.0	6.9	5	100.0
03/31/2006 22:55	40.0	5.5	49.0	6.9	48.0	6.9	48.0	7.7	38.0	6.2	223.0	6.6	5	100.0
03/31/2006 23:00	35.0	4.3	51.0	6.8	45.0	6.7	42.0	6.3	39.0	5.9	212.0	6.0	5	100.0
03/31/2006 23:05	37.0	4.8	49.0	6.6	43.0	6.5	41.0	6.6	45.0	7.6	215.0	6.4	5	100.0
03/31/2006 23:10	36.0	4.3	42.0	5.5	43.0	6.9	37.0	6.2	37.0	6.3	195.0	5.8	5	100.0
03/31/2006 23:15	40.0	5.2	42.0	5.8	46.0	7.2	34.0	5.7	30.0	4.8	192.0	5.7	5	100.0
03/31/2006 23:20	28.0	3.3	39.0	5.2	37.0	5.3	34.0	5.8	34.0	5.4	172.0	5.0	5	100.0
03/31/2006 23:25	20.0	2.5	37.0	5.1	32.0	4.3	31.0	4.5	31.0	4.8	151.0	4.2	5	100.0
03/31/2006 23:30	24.0	3.1	38.0	5.3	33.0	5.2	35.0	5.0	32.0	5.9	162.0	4.9	5	100.0
03/31/2006 23:35	32.0	3.8	39.0	5.3	34.0	4.7	33.0	5.3	26.0	3.9	164.0	4.6	5	100.0
03/31/2006 23:40	22.0	2.7	39.0	4.8	28.0	3.9	29.0	4.9	26.0	3.9	144.0	4.0	5	100.0
03/31/2006 23:45	33.0	4.2	42.0	5.6	36.0	5.8	34.0	5.9	33.0	5.3	178.0	5.4	5	100.0
03/31/2006 23:50	26.0	3.0	33.0	4.3	39.0	5.4	32.0	4.9	29.0	4.2	159.0	4.4	5	100.0
03/31/2006 23:55	32.0	4.1	37.0	4.8	38.0	5.2	38.0	6.4	28.0	4.3	173.0	5.0	5	100.0
