5 Minutes	Lane 1 Flow (Veh/5 Minutes)	Lane 1 Speed (mph)	Lane 2 Flow (Veh/5 Minutes)	Lane 2 Speed (mph)	Lane 3 Flow (Veh/5 Minutes)	Lane 3 Speed (mph)	Lane 4 Flow (Veh/5 Minutes)	Lane 4 Speed (mph)	Lane 5 Flow (Veh/5 Minutes)	Lane 5 Speed (mph)	Flow (Veh/5 Minutes)	Speed (mph)	# Lane Points	% Observed
06/29/2006 00:00	6.0	76.5	20.0	74.0	14.0	72.0	18.0	69.2	16.0	64.5	74.0	70.6	5	100.0
06/29/2006 00:05	4.0	76.8	14.0	74.3	14.0	71.8	14.0	69.5	9.0	64.1	55.0	71.0	5	100.0
06/29/2006 00:10	4.0	76.7	13.0	74.5	12.0	70.9	9.0	68.6	9.0	63.8	47.0	70.6	5	100.0
06/29/2006 00:15	2.0	76.7	7.0	73.6	9.0	71.6	9.0	68.7	8.0	64.2	35.0	69.9	5	100.0
06/29/2006 00:20	5.0	76.1	15.0	72.9	13.0	71.2	15.0	66.2	11.0	64.3	59.0	69.5	5	100.0
06/29/2006 00:25	8.0	76.0	12.0	72.8	13.0	70.5	15.0	63.0	13.0	63.3	61.0	68.3	5	100.0
06/29/2006 00:30	5.0	76.2	13.0	73.4	13.0	71.3	14.0	64.7	10.0	62.4	55.0	68.9	5	100.0
06/29/2006 00:35	5.0	76.3	14.0	73.3	15.0	69.9	12.0	63.7	13.0	63.9	59.0	68.7	5	100.0
06/29/2006 00:40	3.0	76.1	8.0	73.6	8.0	71.6	4.0	65.8	5.0	64.3	28.0	70.5	5	100.0
06/29/2006 00:45	4.0	76.4	9.0	73.4	13.0	72.4	14.0	68.2	11.0	65.0	51.0	70.1	5	100.0
06/29/2006 00:50	5.0	76.8	14.0	73.9	11.0	70.4	15.0	68.0	12.0	61.8	57.0	69.4	5	100.0
06/29/2006 00:55	4.0	76.8	10.0	74.3	11.0	69.8	9.0	66.2	13.0	60.0	47.0	68.0	5	100.0
06/29/2006 01:00	7.0	76.5	9.0	73.9	10.0	70.5	8.0	67.1	7.0	61.9	41.0	70.1	5	100.0
06/29/2006 01:05	5.0	76.3	9.0	73.7	11.0	68.7	8.0	67.4	12.0	62.6	45.0	68.7	5	100.0
06/29/2006 01:10	1.0	76.2	9.0	74.1	8.0	70.5	9.0	67.0	4.0	62.8	31.0	69.7	5	100.0
06/29/2006 01:15	1.0	76.1	6.0	74.2	9.0	71.2	12.0	70.0	8.0	63.7	36.0	69.8	5	100.0
06/29/2006 01:20	1.0	76.1	7.0	74.0	5.0	71.5	7.0	69.3	5.0	64.7	25.0	70.4	5	100.0
06/29/2006 01:25	2.0	76.0	7.0	73.7	8.0	72.3	8.0	69.2	8.0	64.9	33.0	70.3	5	100.0
06/29/2006 01:30	1.0	76.1	4.0	74.1	7.0	72.1	9.0	69.4	8.0	64.8	29.0	69.7	5	100.0
06/29/2006 01:35	2.0	76.2	4.0	74.3	4.0	71.2	7.0	69.4	6.0	65.6	23.0	70.2	5	100.0
06/29/2006 01:40	3.0	76.4	8.0	74.2	9.0	71.3	8.0	69.0	9.0	65.5	37.0	70.4	5	100.0
06/29/2006 01:45	4.0	76.5	7.0	74.2	6.0	71.6	9.0	69.8	5.0	64.0	31.0	71.1	5	100.0
06/29/2006 01:50	2.0	76.5	5.0	74.1	10.0	70.6	7.0	68.9	5.0	64.0	29.0	70.1	5	100.0
06/29/2006 01:55	2.0	76.5	6.0	73.8	8.0	71.0	7.0	68.3	7.0	64.8	30.0	69.8	5	100.0
06/29/2006 02:00	2.0	76.3	7.0	73.8	12.0	71.4	11.0	70.9	6.0	65.1	38.0	71.0	5	100.0
06/29/2006 02:05	1.0	76.1	5.0	74.0	8.0	71.8	7.0	69.0	8.0	63.3	29.0	69.3	5	100.0
06/29/2006 02:10	0.0	76.1	8.0	73.1	5.0	71.4	8.0	69.6	6.0	63.2	27.0	69.5	5	100.0
06/29/2006 02:15	0.0	76.1	5.0	73.5	3.0	72.3	6.0	70.2	5.0	64.1	19.0	69.8	5	100.0
06/29/2006 02:20	0.0	76.1	7.0	73.6	6.0	71.8	5.0	67.0	4.0	64.2	22.0	69.9	5	100.0
06/29/2006 02:25	1.0	76.4	4.0	74.1	6.0	72.1	6.0	67.6	4.0	63.5	21.0	69.8	5	100.0
06/29/2006 02:30	1.0	76.1	5.0	74.0	5.0	72.0	8.0	65.2	4.0	64.5	23.0	68.9	5	100.0
06/29/2006 02:35	0.0	76.1	6.0	73.7	5.0	72.5	6.0	67.8	2.0	64.8	19.0	70.6	5	100.0
06/29/2006 02:40	1.0	76.4	4.0	73.9	6.0	72.7	7.0	69.1	6.0	58.7	24.0	68.5	5	100.0
06/29/2006 02:45	1.0	76.6	4.0	73.9	5.0	71.9	6.0	66.7	4.0	62.5	20.0	69.1	5	100.0
06/29/2006 02:50	0.0	76.6	1.0	73.6	3.0	71.9	5.0	67.3	4.0	63.4	13.0	67.6	5	100.0
06/29/2006 02:55	1.0	76.7	4.0	73.9	5.0	71.1	5.0	68.0	5.0	64.0	20.0	69.4	5	100.0
06/29/2006 03:00	0.0	76.7	6.0	74.2	3.0	72.4	5.0	68.6	1.0	64.6	15.0	71.3	5	100.0
06/29/2006 03:05	0.0	76.7	1.0	73.9	2.0	73.1	4.0	68.4	4.0	65.0	11.0	68.5	5	100.0
06/29/2006 03:10	0.0	76.7	2.0	74.0	2.0	72.7	6.0	67.9	2.0	65.8	12.0	69.4	5	100.0
06/29/2006 03:15	0.0	76.7	2.0	73.7	3.0	72.8	6.0	68.2	6.0	65.1	17.0	68.6	5	100.0
06/29/2006 03:20	1.0	76.6	6.0	73.9	7.0	73.0	5.0	68.9	3.0	65.4	22.0	71.4	5	100.0
06/29/2006 03:25	0.0	76.6	1.0	73.8	4.0	72.7	7.0	70.7	4.0	65.2	16.0	70.0	5	100.0
06/29/2006 03:30	0.0	76.6	1.0	73.5	5.0	73.3	4.0	70.9	5.0	65.0	15.0	69.9	5	100.0
06/29/2006 03:35	0.0	76.6	3.0	73.8	4.0	73.3	4.0	70.9	3.0	65.4	14.0	71.0	5	100.0
06/29/2006 03:40	0.0	76.6	0.0	73.8	2.0	71.9	1.0	69.4	3.0	64.7	6.0	67.9	5	100.0
06/29/2006 03:45	1.0	76.2	3.0	73.8	6.0	73.2	8.0	71.8	2.0	63.7	20.0	71.9	5	100.0
06/29/2006 03:50	0.0	76.2	3.0	74.1	3.0	72.9	4.0	70.7	4.0	63.6	14.0	69.9	5	100.0
06/29/2006 03:55	0.0	76.2	3.0	74.3	3.0	72.8	7.0	71.5	5.0	64.3	18.0	70.2	5	100.0
06/29/2006 04:00	0.0	76.2	1.0	74.0	4.0	72.6	6.0	69.7	6.0	62.7	17.0	68.2	5	100.0
06/29/2006 04:05	1.0	76.4	3.0	73.8	5.0	72.3	8.0	67.1	8.0	63.5	25.0	68.2	5	100.0
06/29/2006 04:10	1.0	76.5	6.0	74.1	4.0	71.9	6.0	67.1	5.0	62.8	22.0	69.3	5	100.0
06/29/2006 04:15	1.0	76.6	5.0	74.2	6.0	72.0	8.0	67.5	8.0	63.3	28.0	68.8	5	100.0
06/29/2006 04:20	1.0	76.6	3.0	74.1	2.0	72.0	5.0	67.4	4.0	64.4	15.0	69.2	5	100.0
06/29/2006 04:25	1.0	76.6	6.0	73.7	7.0	69.1	8.0	65.6	10.0	65.1	32.0	68.1	5	100.0
06/29/2006 04:30	1.0	76.6	4.0	74.0	7.0	71.2	7.0	63.2	8.0	63.9	27.0	67.6	5	100.0
06/29/2006 04:35	1.0	76.2	5.0	74.1	6.0	70.4	8.0	58.6	8.0	64.1	28.0	66.1	5	100.0
06/29/2006 04:40	0.0	76.2	5.0	73.6	6.0	71.1	9.0	61.7	11.0	65.3	31.0	66.7	5	100.0
06/29/2006 04:45	1.0	76.0	8.0	73.5	12.0	71.9	9.0	58.6	11.0	66.4	41.0	67.9	5	100.0
06/29/2006 04:50	1.0	76.3	7.0	73.4	8.0	70.5	8.0	64.8	6.0	65.6	30.0	68.9	5	100.0
06/29/2006 04:55	1.0	76.0	7.0	73.5	9.0	71.3	10.0	65.0	6.0	64.5	33.0	68.8	5	100.0
06/29/2006 05:00	0.0	76.0	5.0	73.9	5.0	70.4	10.0	66.3	9.0	55.6	29.0	65.0	5	100.0
06/29/2006 05:05	0.0	76.0	7.0	74.0	10.0	71.8	10.0	67.7	11.0	57.1	38.0	66.9	5	100.0
06/29/2006 05:10	1.0	76.7	11.0	73.6	11.0	69.1	12.0	65.3	10.0	62.2	45.0	67.8	5	100.0
06/29/2006 05:15	0.0	76.7	11.0	73.9	15.0	73.1	13.0	66.6	11.0	55.2	50.0	67.6	5	100.0
06/29/2006 05:20	0.0	76.7	13.0	73.4	14.0	71.3	11.0	63.3	10.0	55.3	48.0	66.7	5	100.0
06/29/2006 05:25	1.0	76.1	14.0	72.7	15.0	70.2	17.0	68.2	14.0	59.5	61.0	67.9	5	100.0
06/29/2006 05:30	2.0	76.4	17.0	73.6	17.0	67.9	19.0	68.3	11.0	62.0	66.0	68.8	5	100.0
06/29/2006 05:35	1.0	76.9	17.0	72.8	15.0	68.5	15.0	75.5	19.0	65.1	67.0	70.3	5	100.0
06/29/2006 05:40	5.0	76.5	23.0	72.8	22.0	73.3	21.0	72.6	19.0	62.9	90.0	71.0	5	100.0
06/29/2006 05:45	3.0	76.5	25.0	72.6	21.0	75.4	23.0	72.5	20.0	65.8	92.0	71.9	5	100.0
06/29/2006 05:50	3.0	76.6	22.0	72.9	22.0	72.9	19.0	73.2	21.0	68.9	87.0	72.1	5	100.0
06/29/2006 05:55	1.0	76.4	20.0	72.6	23.0	77.6	25.0	72.4	25.0	74.5	94.0	74.3	5	100.0
06/29/2006 06:00	3.0	76.4	23.0	74.5	23.0	72.3	20.0	69.5	19.0	63.8	88.0	70.5	5	100.0
06/29/2006 06:05	3.0	76.4	28.0	76.6	26.0	65.2	23.0	58.6	23.0	55.5	103.0	65.0	5	100.0
06/29/2006 06:10	4.0	76.6	30.0	76.5	27.0	69.0	27.0	55.8	23.0	49.6	111.0	64.1	5	100.0
06/29/2006 06:15	4.0	76.8	34.0	76.1	29.0	70.4	29.0	53.6	21.0	44.9	117.0	63.5	5	100.0
06/29/2006 06:20	5.0	76.9	36.0	75.6	31.0	68.4	27.0	60.0	24.0	48.6	123.0	65.1	5	100.0
06/29/2006 06:25	5.0	77.0	41.0	76.7	36.0	70.6	30.0	57.2	30.0	50.4	142.0	65.5	5	100.0
06/29/2006 06:30	7.0	77.0	38.0	77.0	36.0	71.2	29.0	54.3	29.0	50.4	139.0	65.2	5	100.0
06/29/2006 06:35	4.0	76.3	37.0	74.2	29.0	65.9	31.0	53.5	29.0	51.5	130.0	62.4	5	100.0
06/29/2006 06:40	8.0	75.9	48.0	75.1	40.0	66.7	33.0	54.3	33.0	53.3	162.0	64.4	5	100.0
06/29/2006 06:45	5.0	76.0	41.0	73.5	31.0	66.5	31.0	55.9	32.0	52.0	140.0	63.2	5	100.0
06/29/2006 06:50	8.0	75.6	39.0	72.5	35.0	66.0	36.0	56.7	34.0	50.0	152.0	62.4	5	100.0
06/29/2006 06:55	9.0	76.0	44.0	72.9	38.0	63.7	34.0	55.9	43.0	50.9	168.0	61.9	5	100.0
06/29/2006 07:00	5.0	76.0	39.0	69.7	38.0	64.8	33.0	54.9	41.0	50.4	156.0	60.5	5	100.0
06/29/2006 07:05	3.0	75.9	51.0	68.7	39.0	65.0	35.0	51.5	38.0	49.2	166.0	59.9	5	100.0
06/29/2006 07:10	8.0	75.8	56.0	66.6	38.0	59.0	42.0	53.6	39.0	47.8	183.0	58.4	5	100.0
06/29/2006 07:15	6.0	76.1	49.0	65.2	36.0	59.9	38.0	54.4	40.0	48.0	169.0	58.0	5	100.0
06/29/2006 07:20	6.0	76.0	56.0	66.2	47.0	62.2	41.0	54.7	42.0	48.7	192.0	59.2	5	100.0
06/29/2006 07:25	5.0	76.0	33.0	65.5	26.0	65.1	26.0	59.7	24.0	50.0	114.0	61.3	5	100.0
06/29/2006 07:30	8.0	75.8	56.0	66.1	45.0	63.9	39.0	56.2	47.0	50.2	195.0	60.2	5	100.0
06/29/2006 07:35	9.0	76.8	49.0	65.9	37.0	64.3	39.0	59.0	42.0	50.9	176.0	61.0	5	100.0
06/29/2006 07:40	7.0	76.0	55.0	65.1	45.0	62.8	45.0	57.2	56.0	50.9	208.0	59.4	5	100.0
06/29/2006 07:45	9.0	76.0	57.0	65.1	45.0	64.8	39.0	57.3	49.0	49.7	199.0	60.2	5	100.0
06/29/2006 07:50	8.0	76.0	59.0	64.7	47.0	64.3	46.0	55.6	55.0	52.7	215.0	60.0	5	100.0
06/29/2006 07:55	5.0	76.2	52.0	65.2	41.0	63.4	44.0	58.3	52.0	50.3	194.0	59.5	5	100.0
06/29/2006 08:00	7.0	76.1	48.0	65.7	45.0	65.4	41.0	60.7	44.0	51.5	185.0	61.5	5	100.0
06/29/2006 08:05	7.0	76.0	56.0	65.4	48.0	65.6	43.0	58.1	52.0	50.8	206.0	60.6	5	100.0
06/29/2006 08:10	9.0	74.7	59.0	64.3	49.0	64.5	41.0	57.4	49.0	48.1	207.0	59.6	5	100.0
06/29/2006 08:15	12.0	75.1	59.0	62.8	47.0	59.7	47.0	54.9	47.0	46.6	212.0	57.5	5	100.0
06/29/2006 08:20	9.0	75.2	61.0	60.7	47.0	54.2	49.0	51.9	57.0	46.3	223.0	54.3	5	100.0
06/29/2006 08:25	10.0	74.6	56.0	59.7	48.0	56.6	44.0	51.8	52.0	47.1	210.0	54.9	5	100.0
06/29/2006 08:30	8.0	75.0	51.0	61.9	45.0	56.8	47.0	53.0	52.0	49.4	203.0	56.0	5	100.0
06/29/2006 08:35	11.0	75.1	53.0	61.7	37.0	53.6	45.0	52.4	50.0	48.4	196.0	55.4	5	100.0
06/29/2006 08:40	6.0	76.0	51.0	61.9	42.0	53.9	44.0	56.9	50.0	50.7	193.0	56.6	5	100.0
06/29/2006 08:45	14.0	73.7	62.0	60.9	45.0	53.8	49.0	53.7	57.0	44.7	227.0	54.7	5	100.0
06/29/2006 08:50	11.0	75.2	51.0	62.8	42.0	56.5	41.0	52.4	55.0	45.8	200.0	55.4	5	100.0
06/29/2006 08:55	11.0	75.1	55.0	63.3	39.0	55.4	42.0	52.4	53.0	48.9	200.0	56.3	5	100.0
06/29/2006 09:00	12.0	75.6	50.0	62.9	39.0	55.2	39.0	53.0	45.0	46.8	185.0	56.1	5	100.0
06/29/2006 09:05	8.0	76.3	53.0	62.9	42.0	54.6	48.0	51.9	48.0	45.9	199.0	54.9	5	100.0
06/29/2006 09:10	15.0	76.5	58.0	59.0	46.0	57.7	40.0	49.5	54.0	45.4	213.0	54.7	5	100.0
06/29/2006 09:15	9.0	76.2	55.0	60.4	37.0	55.8	43.0	48.7	52.0	44.3	196.0	53.4	5	100.0
06/29/2006 09:20	9.0	75.2	54.0	61.3	46.0	56.2	46.0	48.8	50.0	46.0	205.0	54.2	5	100.0
06/29/2006 09:25	8.0	75.4	42.0	61.4	29.0	52.9	32.0	51.5	34.0	48.3	145.0	55.2	5	100.0
06/29/2006 09:30	11.0	76.2	44.0	62.7	33.0	53.6	33.0	55.0	43.0	49.2	164.0	56.7	5	100.0
06/29/2006 09:35	11.0	75.2	52.0	63.9	40.0	54.2	44.0	53.5	53.0	45.3	200.0	55.4	5	100.0
06/29/2006 09:40	12.0	76.4	49.0	63.6	41.0	56.7	39.0	52.9	49.0	47.0	190.0	56.4	5	100.0
06/29/2006 09:45	14.0	77.2	55.0	63.7	41.0	56.9	39.0	50.3	49.0	45.4	198.0	56.1	5	100.0
06/29/2006 09:50	9.0	77.5	49.0	65.5	42.0	60.1	43.0	52.5	50.0	44.3	193.0	56.5	5	100.0
06/29/2006 09:55	21.0	77.1	49.0	66.6	41.0	61.3	35.0	52.5	46.0	43.2	192.0	58.4	5	100.0
06/29/2006 10:00	26.0	77.5	43.0	65.6	36.0	58.6	44.0	53.1	44.0	44.7	193.0	58.3	5	100.0
06/29/2006 10:05	28.0	78.4	41.0	63.9	38.0	56.3	37.0	51.1	46.0	47.3	190.0	58.0	5	100.0
06/29/2006 10:10	21.0	77.6	17.0	64.6	21.0	58.6	18.0	53.5	21.0	47.6	98.0	60.4	5	100.0
06/29/2006 10:15	40.0	72.0	43.0	60.9	28.0	53.6	24.0	50.8	27.0	48.7	162.0	58.8	5	100.0
06/29/2006 10:20	45.0	61.2	45.0	51.4	30.0	40.6	35.0	38.5	16.0	37.6	171.0	48.2	5	100.0
06/29/2006 10:25	52.0	52.2	39.0	41.8	38.0	33.3	35.0	32.4	35.0	30.3	199.0	39.2	5	100.0
06/29/2006 10:30	50.0	44.1	44.0	36.3	38.0	29.4	34.0	29.8	43.0	28.9	209.0	34.3	5	100.0
06/29/2006 10:35	32.0	54.0	45.0	46.5	37.0	36.5	35.0	33.1	42.0	30.2	191.0	39.8	5	100.0
06/29/2006 10:40	25.0	65.4	39.0	55.4	35.0	46.8	40.0	41.0	45.0	39.5	184.0	48.1	5	100.0
06/29/2006 10:45	28.0	72.3	39.0	62.3	37.0	55.8	39.0	50.3	41.0	42.7	184.0	55.6	5	100.0
06/29/2006 10:50	24.0	74.5	38.0	66.2	35.0	57.3	39.0	52.4	44.0	45.0	180.0	57.4	5	100.0
06/29/2006 10:55	31.0	75.1	39.0	66.0	35.0	57.2	39.0	54.6	41.0	46.6	185.0	59.2	5	100.0
06/29/2006 11:00	27.0	76.5	39.0	64.7	35.0	55.8	43.0	53.7	44.0	47.5	188.0	58.2	5	100.0
06/29/2006 11:05	41.0	72.2	50.0	62.8	41.0	53.7	47.0	51.1	51.0	46.8	230.0	56.9	5	100.0
06/29/2006 11:10	35.0	71.9	46.0	64.5	36.0	50.7	37.0	50.7	45.0	47.9	199.0	57.0	5	100.0
06/29/2006 11:15	34.0	73.4	49.0	63.2	41.0	51.2	38.0	46.8	50.0	44.3	212.0	55.1	5	100.0
06/29/2006 11:20	33.0	72.8	39.0	62.6	33.0	52.8	45.0	50.5	45.0	45.4	195.0	55.9	5	100.0
06/29/2006 11:25	45.0	72.4	54.0	62.4	43.0	51.8	51.0	50.2	58.0	44.2	251.0	55.7	5	100.0
06/29/2006 11:30	32.0	73.9	43.0	64.2	40.0	50.6	44.0	51.7	49.0	46.1	208.0	56.2	5	100.0
06/29/2006 11:35	34.0	74.2	49.0	64.0	38.0	51.4	42.0	50.6	43.0	43.5	206.0	56.3	5	100.0
06/29/2006 11:40	36.0	74.4	44.0	62.9	45.0	52.1	44.0	51.3	51.0	44.9	220.0	56.1	5	100.0
06/29/2006 11:45	37.0	73.9	49.0	63.1	38.0	49.2	45.0	50.5	51.0	43.9	220.0	55.5	5	100.0
06/29/2006 11:50	30.0	73.0	43.0	63.1	36.0	49.3	43.0	50.6	47.0	45.7	199.0	55.3	5	100.0
06/29/2006 11:55	42.0	74.0	49.0	65.1	36.0	49.3	45.0	53.0	50.0	46.5	222.0	57.6	5	100.0
06/29/2006 12:00	38.0	73.8	47.0	64.1	42.0	49.5	46.0	52.6	51.0	47.4	224.0	56.8	5	100.0
06/29/2006 12:05	32.0	73.0	47.0	64.9	39.0	54.0	40.0	52.2	49.0	47.0	207.0	57.4	5	100.0
06/29/2006 12:10	34.0	72.7	43.0	62.5	47.0	54.2	41.0	53.8	56.0	46.3	221.0	56.6	5	100.0
06/29/2006 12:15	32.0	74.6	49.0	66.0	47.0	55.8	46.0	55.6	51.0	45.2	225.0	58.3	5	100.0
06/29/2006 12:20	39.0	73.6	49.0	64.7	39.0	53.8	41.0	55.0	47.0	46.7	215.0	58.6	5	100.0
06/29/2006 12:25	31.0	74.0	41.0	66.9	39.0	54.8	41.0	53.5	48.0	46.1	200.0	57.9	5	100.0
06/29/2006 12:30	35.0	76.1	48.0	67.8	44.0	57.9	46.0	55.3	51.0	46.7	224.0	59.8	5	100.0
06/29/2006 12:35	34.0	75.8	43.0	65.9	40.0	58.6	45.0	54.1	45.0	44.8	207.0	59.0	5	100.0
06/29/2006 12:40	36.0	74.7	43.0	63.3	41.0	58.9	41.0	54.3	50.0	47.3	211.0	58.8	5	100.0
06/29/2006 12:45	40.0	74.1	46.0	63.1	41.0	56.0	46.0	56.5	55.0	45.9	228.0	58.3	5	100.0
06/29/2006 12:50	44.0	73.5	45.0	63.3	45.0	56.7	45.0	58.9	47.0	47.4	226.0	59.8	5	100.0
06/29/2006 12:55	32.0	73.2	44.0	62.8	37.0	55.9	46.0	59.9	49.0	46.5	208.0	58.7	5	100.0
06/29/2006 13:00	48.0	63.9	47.0	64.2	46.0	58.0	41.0	57.0	51.0	46.9	233.0	57.9	5	100.0
06/29/2006 13:05	38.0	60.4	49.0	63.4	39.0	52.1	48.0	54.9	48.0	44.5	222.0	55.0	5	100.0
06/29/2006 13:10	44.0	58.0	51.0	62.1	44.0	51.9	46.0	55.5	49.0	43.6	234.0	54.2	5	100.0
06/29/2006 13:15	45.0	58.1	53.0	62.9	48.0	54.4	49.0	53.2	53.0	45.7	248.0	54.8	5	100.0
06/29/2006 13:20	37.0	57.1	48.0	64.0	36.0	55.2	38.0	52.9	45.0	45.9	204.0	55.1	5	100.0
06/29/2006 13:25	47.0	55.5	49.0	61.4	41.0	53.8	47.0	52.3	49.0	42.8	233.0	53.1	5	100.0
06/29/2006 13:30	41.0	54.2	41.0	60.4	39.0	49.8	38.0	53.7	49.0	43.5	208.0	52.0	5	100.0
06/29/2006 13:35	40.0	53.9	49.0	60.2	44.0	50.6	49.0	55.3	47.0	45.3	229.0	53.1	5	100.0
06/29/2006 13:40	45.0	54.2	49.0	60.9	45.0	51.2	46.0	54.3	46.0	42.7	231.0	52.8	5	100.0
06/29/2006 13:45	56.0	53.4	55.0	60.1	46.0	51.0	49.0	52.1	49.0	42.6	255.0	52.1	5	100.0
06/29/2006 13:50	49.0	53.8	51.0	61.0	44.0	54.5	46.0	51.8	48.0	45.7	238.0	53.5	5	100.0
06/29/2006 13:55	51.0	52.6	51.0	58.5	47.0	52.2	49.0	52.0	48.0	45.6	246.0	52.3	5	100.0
06/29/2006 14:00	49.0	54.2	44.0	59.4	43.0	51.6	45.0	54.3	49.0	46.5	230.0	53.1	5	100.0
06/29/2006 14:05	23.0	59.2	31.0	62.4	25.0	58.7	24.0	53.7	21.0	47.6	124.0	56.9	5	100.0
06/29/2006 14:10	44.0	57.4	49.0	61.3	41.0	55.4	44.0	56.3	45.0	47.5	223.0	55.7	5	100.0
06/29/2006 14:15	53.0	54.3	57.0	60.7	47.0	57.7	43.0	53.8	44.0	42.7	244.0	54.3	5	100.0
06/29/2006 14:20	59.0	53.2	51.0	60.7	47.0	58.4	45.0	55.4	51.0	45.0	253.0	54.4	5	100.0
06/29/2006 14:25	50.0	53.2	52.0	61.3	45.0	57.3	47.0	56.0	49.0	46.5	243.0	54.9	5	100.0
06/29/2006 14:30	67.0	52.2	62.0	61.4	51.0	56.1	53.0	57.5	51.0	47.5	284.0	55.1	5	100.0
06/29/2006 14:35	63.0	51.7	53.0	58.9	48.0	55.7	51.0	56.6	50.0	46.6	265.0	53.8	5	100.0
06/29/2006 14:40	29.0	52.5	28.0	60.5	23.0	54.8	21.0	59.1	27.0	48.5	128.0	54.9	5	100.0
06/29/2006 14:45	59.0	48.7	54.0	55.4	47.0	50.7	51.0	54.3	49.0	45.4	260.0	50.9	5	100.0
06/29/2006 14:50	55.0	41.2	49.0	46.8	43.0	44.9	38.0	46.5	45.0	39.7	230.0	43.7	5	100.0
06/29/2006 14:55	53.0	37.2	49.0	42.2	43.0	41.8	43.0	41.0	45.0	36.5	233.0	39.7	5	100.0
06/29/2006 15:00	45.0	37.6	54.0	42.2	45.0	41.7	43.0	43.5	43.0	37.6	230.0	40.6	5	100.0
06/29/2006 15:05	43.0	39.4	55.0	44.3	43.0	41.6	43.0	44.7	41.0	39.3	225.0	42.0	5	100.0
06/29/2006 15:10	37.0	41.6	57.0	45.2	43.0	41.7	47.0	47.3	43.0	39.0	227.0	43.2	5	100.0
06/29/2006 15:15	45.0	40.1	57.0	43.4	47.0	42.2	45.0	45.9	45.0	39.9	239.0	42.4	5	100.0
06/29/2006 15:20	43.0	38.2	52.0	40.9	45.0	42.2	45.0	44.6	49.0	37.4	234.0	40.6	5	100.0
06/29/2006 15:25	40.0	40.2	53.0	40.7	46.0	40.5	44.0	44.5	47.0	35.6	230.0	40.3	5	100.0
06/29/2006 15:30	37.0	42.0	54.0	43.7	49.0	44.0	45.0	47.8	40.0	35.8	225.0	42.9	5	100.0
06/29/2006 15:35	39.0	42.1	57.0	44.7	47.0	47.8	44.0	48.6	45.0	37.7	232.0	44.3	5	100.0
06/29/2006 15:40	39.0	39.7	55.0	43.1	44.0	44.5	49.0	45.9	41.0	37.5	228.0	42.4	5	100.0
06/29/2006 15:45	41.0	41.4	55.0	44.0	52.0	47.9	46.0	46.5	44.0	39.6	238.0	44.1	5	100.0
06/29/2006 15:50	27.0	43.0	32.0	43.1	27.0	44.9	28.0	46.1	27.0	37.6	141.0	43.0	5	100.0
06/29/2006 15:55	36.0	40.3	42.0	32.9	40.0	35.7	43.0	39.9	42.0	34.3	203.0	36.5	5	100.0
06/29/2006 16:00	42.0	38.0	51.0	33.9	41.0	34.0	44.0	39.0	41.0	33.5	219.0	35.7	5	100.0
06/29/2006 16:05	37.0	39.8	49.0	32.1	45.0	31.6	51.0	39.6	43.0	32.4	225.0	35.0	5	100.0
06/29/2006 16:10	41.0	32.8	41.0	25.3	42.0	29.0	45.0	38.0	43.0	31.5	212.0	31.4	5	100.0
06/29/2006 16:15	39.0	34.4	49.0	33.0	45.0	35.2	41.0	40.2	48.0	33.6	222.0	35.2	5	100.0
06/29/2006 16:20	44.0	36.9	53.0	35.8	43.0	35.0	49.0	42.8	49.0	35.7	238.0	37.3	5	100.0
06/29/2006 16:25	46.0	33.8	52.0	31.6	41.0	29.3	49.0	38.8	46.0	32.0	234.0	33.2	5	100.0
06/29/2006 16:30	41.0	33.9	46.0	30.9	43.0	32.3	43.0	38.0	41.0	33.8	214.0	33.7	5	100.0
06/29/2006 16:35	32.0	29.8	29.0	27.7	28.0	30.3	29.0	37.6	30.0	32.8	148.0	31.6	5	100.0
06/29/2006 16:40	42.0	30.2	43.0	25.0	37.0	26.6	43.0	35.2	45.0	31.3	210.0	29.8	5	100.0
06/29/2006 16:45	44.0	29.2	49.0	27.2	43.0	28.5	46.0	33.3	47.0	31.0	229.0	29.8	5	100.0
06/29/2006 16:50	43.0	24.2	42.0	23.5	37.0	27.8	43.0	34.5	43.0	32.4	208.0	28.5	5	100.0
06/29/2006 16:55	46.0	26.3	45.0	27.6	38.0	30.6	45.0	37.0	43.0	34.2	217.0	31.1	5	100.0
06/29/2006 17:00	45.0	27.8	43.0	25.4	37.0	27.8	43.0	35.6	45.0	33.3	213.0	30.1	5	100.0
06/29/2006 17:05	44.0	30.5	49.0	26.4	43.0	30.0	45.0	35.3	45.0	33.7	226.0	31.1	5	100.0
06/29/2006 17:10	52.0	32.9	61.0	33.1	41.0	33.4	49.0	39.2	49.0	36.4	252.0	34.9	5	100.0
06/29/2006 17:15	41.0	29.7	42.0	28.2	39.0	29.7	45.0	35.8	42.0	33.3	209.0	31.4	5	100.0
06/29/2006 17:20	43.0	28.0	38.0	23.6	36.0	25.4	43.0	31.9	40.0	28.7	200.0	27.7	5	100.0
06/29/2006 17:25	28.0	25.4	23.0	20.5	25.0	24.9	24.0	26.2	29.0	26.9	129.0	24.9	5	100.0
06/29/2006 17:30	45.0	24.7	42.0	20.4	39.0	24.0	41.0	27.0	45.0	26.4	212.0	24.5	5	100.0
06/29/2006 17:35	25.0	23.7	24.0	23.2	23.0	24.1	23.0	28.2	24.0	26.4	119.0	25.1	5	100.0
06/29/2006 17:40	45.0	25.7	49.0	25.5	42.0	27.7	48.0	32.0	44.0	28.9	228.0	28.0	5	100.0
06/29/2006 17:45	41.0	25.5	41.0	26.5	35.0	25.5	39.0	32.7	39.0	29.0	195.0	27.9	5	100.0
06/29/2006 17:50	40.0	25.4	39.0	22.3	35.0	25.6	38.0	29.2	42.0	25.5	194.0	25.6	5	100.0
06/29/2006 17:55	45.0	25.7	45.0	25.2	39.0	26.6	43.0	31.7	47.0	26.8	219.0	27.2	5	100.0
06/29/2006 18:00	44.0	30.3	51.0	29.6	44.0	31.5	43.0	36.2	41.0	29.1	223.0	31.3	5	100.0
06/29/2006 18:05	40.0	30.3	48.0	28.0	41.0	30.3	45.0	36.8	47.0	30.9	221.0	31.3	5	100.0
06/29/2006 18:10	23.0	34.0	28.0	31.0	25.0	32.3	29.0	39.6	27.0	32.4	132.0	33.9	5	100.0
06/29/2006 18:15	45.0	31.1	48.0	30.8	47.0	33.9	44.0	36.6	43.0	28.6	227.0	32.2	5	100.0
06/29/2006 18:20	47.0	30.4	45.0	27.7	45.0	30.9	43.0	32.3	46.0	27.2	226.0	29.7	5	100.0
06/29/2006 18:25	45.0	30.1	45.0	25.6	41.0	28.3	45.0	32.0	47.0	27.7	223.0	28.7	5	100.0
06/29/2006 18:30	43.0	31.8	48.0	31.9	43.0	34.7	44.0	38.6	44.0	31.6	222.0	33.7	5	100.0
06/29/2006 18:35	46.0	32.8	57.0	35.9	46.0	37.4	51.0	42.2	51.0	34.2	251.0	36.5	5	100.0
06/29/2006 18:40	42.0	34.3	54.0	37.7	44.0	38.6	47.0	42.0	47.0	36.4	234.0	37.9	5	100.0
06/29/2006 18:45	45.0	35.6	55.0	40.1	49.0	41.0	51.0	44.2	45.0	36.0	245.0	39.6	5	100.0
06/29/2006 18:50	40.0	39.0	54.0	43.9	44.0	46.3	43.0	49.2	49.0	37.3	230.0	43.1	5	100.0
06/29/2006 18:55	47.0	38.1	52.0	43.7	54.0	47.0	47.0	46.3	49.0	38.9	249.0	42.9	5	100.0
06/29/2006 19:00	52.0	37.2	51.0	43.6	45.0	47.0	45.0	46.2	50.0	38.4	243.0	42.3	5	100.0
06/29/2006 19:05	52.0	38.0	50.0	45.6	43.0	47.4	43.0	47.0	45.0	38.8	233.0	43.2	5	100.0
06/29/2006 19:10	49.0	33.1	47.0	41.3	44.0	44.9	44.0	42.0	46.0	35.0	230.0	39.1	5	100.0
06/29/2006 19:15	47.0	36.8	48.0	43.4	42.0	46.0	39.0	41.3	44.0	35.8	220.0	40.6	5	100.0
06/29/2006 19:20	23.0	45.2	20.0	54.4	17.0	52.7	21.0	49.2	19.0	44.1	100.0	48.9	5	100.0
06/29/2006 19:25	38.0	51.0	40.0	60.3	38.0	61.9	41.0	57.8	37.0	49.2	194.0	56.1	5	100.0
06/29/2006 19:30	41.0	52.9	47.0	62.0	43.0	63.4	46.0	62.5	44.0	50.7	221.0	58.4	5	100.0
06/29/2006 19:35	38.0	52.5	44.0	65.9	41.0	68.4	41.0	65.0	41.0	53.1	205.0	61.2	5	100.0
06/29/2006 19:40	35.0	53.6	43.0	67.5	40.0	65.9	43.0	64.1	45.0	52.8	206.0	60.9	5	100.0
06/29/2006 19:45	42.0	54.9	43.0	67.2	42.0	66.5	45.0	67.0	47.0	52.5	219.0	61.5	5	100.0
06/29/2006 19:50	45.0	54.4	48.0	67.5	43.0	69.4	39.0	64.4	45.0	52.7	220.0	61.6	5	100.0
06/29/2006 19:55	43.0	55.0	48.0	65.3	38.0	67.3	42.0	64.6	40.0	52.9	211.0	61.1	5	100.0
06/29/2006 20:00	38.0	65.4	42.0	70.0	40.0	69.8	43.0	67.0	39.0	60.8	202.0	66.7	5	100.0
06/29/2006 20:05	39.0	71.1	45.0	72.4	39.0	72.2	40.0	66.1	36.0	66.1	199.0	69.7	5	100.0
06/29/2006 20:10	43.0	71.6	37.0	71.7	42.0	73.3	37.0	66.5	39.0	68.2	198.0	70.4	5	100.0
06/29/2006 20:15	37.0	73.2	43.0	71.1	41.0	71.1	47.0	67.2	39.0	65.4	207.0	69.5	5	100.0
06/29/2006 20:20	35.0	71.1	39.0	71.5	37.0	70.6	41.0	65.8	39.0	63.6	191.0	68.4	5	100.0
06/29/2006 20:25	37.0	71.5	43.0	72.2	35.0	64.7	38.0	62.4	32.0	65.2	185.0	67.4	5	100.0
06/29/2006 20:30	35.0	71.7	43.0	73.9	36.0	66.8	37.0	67.5	33.0	65.3	184.0	69.3	5	100.0
06/29/2006 20:35	39.0	72.8	43.0	71.9	37.0	68.4	40.0	67.7	38.0	64.4	197.0	69.1	5	100.0
06/29/2006 20:40	45.0	72.5	42.0	72.0	41.0	68.7	37.0	65.0	35.0	64.5	200.0	68.8	5	100.0
06/29/2006 20:45	30.0	73.9	37.0	75.4	33.0	70.1	29.0	62.4	25.0	63.3	154.0	69.6	5	100.0
06/29/2006 20:50	35.0	72.0	39.0	73.7	35.0	71.5	38.0	63.8	34.0	65.4	181.0	69.3	5	100.0
06/29/2006 20:55	36.0	72.7	36.0	72.7	34.0	69.7	31.0	64.9	35.0	67.9	172.0	69.7	5	100.0
06/29/2006 21:00	31.0	73.7	39.0	72.9	33.0	68.5	37.0	66.4	31.0	68.1	171.0	69.9	5	100.0
06/29/2006 21:05	33.0	74.7	39.0	72.6	31.0	64.4	37.0	69.2	37.0	66.9	177.0	69.7	5	100.0
06/29/2006 21:10	28.0	74.8	36.0	72.7	39.0	67.1	38.0	71.4	39.0	64.4	180.0	69.7	5	100.0
06/29/2006 21:15	31.0	74.8	37.0	72.0	37.0	68.3	37.0	68.3	35.0	63.3	177.0	69.2	5	100.0
06/29/2006 21:20	30.0	74.2	40.0	74.0	31.0	66.7	30.0	68.5	33.0	64.8	164.0	69.8	5	100.0
06/29/2006 21:25	29.0	73.9	33.0	72.1	37.0	64.1	37.0	70.3	33.0	63.9	169.0	68.7	5	100.0
06/29/2006 21:30	27.0	74.5	35.0	72.2	33.0	67.1	35.0	68.8	33.0	63.9	163.0	69.1	5	100.0
06/29/2006 21:35	35.0	73.5	43.0	71.8	39.0	70.1	37.0	68.1	36.0	61.9	190.0	69.2	5	100.0
06/29/2006 21:40	31.0	75.9	37.0	71.1	37.0	71.9	33.0	64.4	35.0	62.1	173.0	69.0	5	100.0
06/29/2006 21:45	26.0	76.2	35.0	73.7	36.0	72.7	32.0	63.4	33.0	63.3	162.0	69.7	5	100.0
06/29/2006 21:50	35.0	72.0	38.0	73.4	33.0	68.8	33.0	63.1	33.0	61.7	172.0	68.0	5	100.0
06/29/2006 21:55	23.0	73.1	35.0	74.8	33.0	72.3	33.0	67.4	30.0	61.0	154.0	69.7	5	100.0
06/29/2006 22:00	19.0	75.2	29.0	74.0	26.0	69.4	31.0	68.3	23.0	60.3	128.0	69.4	5	100.0
06/29/2006 22:05	16.0	75.5	21.0	73.2	25.0	71.6	25.0	72.2	22.0	61.8	109.0	70.6	5	100.0
06/29/2006 22:10	25.0	77.9	32.0	73.2	32.0	70.0	33.0	69.5	34.0	61.5	156.0	70.0	5	100.0
06/29/2006 22:15	28.0	75.7	37.0	71.8	36.0	65.8	34.0	67.6	32.0	62.5	167.0	68.5	5	100.0
06/29/2006 22:20	23.0	75.9	32.0	73.3	32.0	72.8	34.0	68.3	33.0	63.2	154.0	70.3	5	100.0
06/29/2006 22:25	21.0	75.5	28.0	72.1	31.0	73.9	31.0	67.9	27.0	63.3	138.0	70.4	5	100.0
06/29/2006 22:30	19.0	74.9	33.0	72.1	29.0	69.8	27.0	67.7	29.0	66.0	137.0	69.8	5	100.0
06/29/2006 22:35	23.0	74.8	28.0	74.5	28.0	74.5	23.0	68.2	27.0	67.6	129.0	72.0	5	100.0
06/29/2006 22:40	21.0	76.0	24.0	74.5	25.0	74.8	25.0	71.6	24.0	65.3	119.0	72.4	5	100.0
06/29/2006 22:45	15.0	76.7	18.0	74.9	19.0	75.9	23.0	67.5	17.0	61.8	92.0	71.1	5	100.0
06/29/2006 22:50	20.0	76.5	27.0	75.2	26.0	73.3	27.0	66.1	19.0	61.9	119.0	70.8	5	100.0
06/29/2006 22:55	21.0	75.2	28.0	74.8	19.0	66.0	23.0	67.9	21.0	62.9	112.0	69.7	5	100.0
06/29/2006 23:00	18.0	74.5	27.0	73.0	27.0	67.8	22.0	62.1	23.0	62.2	117.0	67.9	5	100.0
06/29/2006 23:05	12.0	75.6	16.0	72.5	21.0	70.3	18.0	61.5	19.0	61.6	86.0	67.7	5	100.0
06/29/2006 23:10	15.0	75.2	20.0	72.3	19.0	68.0	18.0	62.8	14.0	63.3	86.0	68.4	5	100.0
06/29/2006 23:15	18.0	72.9	25.0	73.1	25.0	69.1	25.0	65.2	17.0	62.3	110.0	68.7	5	100.0
06/29/2006 23:20	17.0	74.4	25.0	71.7	23.0	71.1	24.0	68.7	16.0	63.6	105.0	70.1	5	100.0
06/29/2006 23:25	14.0	75.1	22.0	71.8	18.0	67.2	21.0	70.6	21.0	63.2	96.0	69.3	5	100.0
06/29/2006 23:30	14.0	75.5	22.0	73.0	23.0	70.2	25.0	71.6	26.0	62.6	110.0	70.0	5	100.0
06/29/2006 23:35	14.0	76.8	25.0	72.8	22.0	70.4	19.0	71.9	22.0	59.5	102.0	69.8	5	100.0
06/29/2006 23:40	12.0	76.2	27.0	70.9	23.0	70.7	25.0	73.4	19.0	61.3	106.0	70.3	5	100.0
06/29/2006 23:45	14.0	76.7	22.0	73.5	21.0	68.3	21.0	72.4	17.0	64.1	95.0	70.9	5	100.0
06/29/2006 23:50	11.0	76.8	21.0	73.4	26.0	72.7	22.0	68.0	19.0	63.6	99.0	70.5	5	100.0
06/29/2006 23:55	11.0	76.8	19.0	74.4	21.0	71.7	24.0	72.9	17.0	62.9	92.0	71.6	5	100.0
06/30/2006 00:00	3.0	76.5	7.0	74.0	11.0	72.0	10.0	69.2	10.0	64.5	41.0	70.2	5	100.0
06/30/2006 00:05	7.0	76.6	19.0	74.5	17.0	73.3	19.0	71.6	14.0	63.7	76.0	71.7	5	100.0
06/30/2006 00:10	5.0	76.5	13.0	73.0	18.0	70.6	15.0	66.7	12.0	64.5	63.0	69.5	5	100.0
06/30/2006 00:15	13.0	76.8	18.0	72.3	19.0	73.0	17.0	65.2	14.0	58.5	81.0	69.3	5	100.0
06/30/2006 00:20	5.0	76.6	15.0	74.0	19.0	73.5	14.0	63.0	12.0	61.6	65.0	69.4	5	100.0
06/30/2006 00:25	8.0	76.8	17.0	72.0	16.0	71.2	17.0	67.1	11.0	60.7	69.0	69.4	5	100.0
06/30/2006 00:30	7.0	77.0	9.0	72.3	13.0	72.3	12.0	67.5	11.0	63.5	52.0	70.0	5	100.0
06/30/2006 00:35	7.0	76.6	17.0	70.6	15.0	73.1	15.0	67.5	7.0	63.4	61.0	70.3	5	100.0
06/30/2006 00:40	6.0	76.9	15.0	72.3	13.0	71.9	13.0	66.7	11.0	64.2	58.0	69.9	5	100.0
06/30/2006 00:45	5.0	76.5	12.0	72.9	16.0	71.4	13.0	63.5	9.0	63.2	55.0	69.0	5	100.0
06/30/2006 00:50	5.0	76.9	13.0	73.3	16.0	71.6	15.0	65.9	16.0	61.9	65.0	68.6	5	100.0
06/30/2006 00:55	6.0	76.9	11.0	73.8	16.0	72.5	11.0	61.4	15.0	63.2	59.0	68.8	5	100.0
06/30/2006 01:00	3.0	76.7	12.0	74.1	12.0	72.4	11.0	66.8	9.0	62.8	47.0	70.0	5	100.0
06/30/2006 01:05	4.0	76.7	12.0	73.5	11.0	69.9	11.0	69.3	12.0	64.3	50.0	69.8	5	100.0
06/30/2006 01:10	4.0	76.7	12.0	73.7	11.0	70.4	10.0	68.6	10.0	64.3	47.0	70.1	5	100.0
06/30/2006 01:15	3.0	76.6	10.0	73.8	8.0	70.8	7.0	69.4	6.0	63.5	34.0	70.6	5	100.0
06/30/2006 01:20	3.0	76.5	9.0	74.0	7.0	71.1	7.0	69.2	6.0	64.3	32.0	70.7	5	100.0
06/30/2006 01:25	1.0	76.4	6.0	73.9	9.0	69.5	10.0	68.9	10.0	65.2	36.0	69.1	5	100.0
06/30/2006 01:30	4.0	76.6	8.0	73.7	10.0	70.3	11.0	70.3	10.0	65.4	43.0	70.4	5	100.0
06/30/2006 01:35	3.0	76.8	9.0	73.8	12.0	70.1	13.0	72.4	11.0	65.7	48.0	70.8	5	100.0
06/30/2006 01:40	3.0	76.9	10.0	73.0	11.0	70.2	12.0	71.8	11.0	64.0	47.0	70.2	5	100.0
06/30/2006 01:45	3.0	76.9	7.0	73.3	5.0	70.9	11.0	67.2	6.0	63.6	32.0	69.3	5	100.0
06/30/2006 01:50	4.0	76.8	9.0	73.1	9.0	70.8	11.0	68.9	12.0	64.4	45.0	69.6	5	100.0
06/30/2006 01:55	1.0	76.5	6.0	72.6	8.0	70.6	9.0	68.2	10.0	65.2	34.0	68.9	5	100.0
06/30/2006 02:00	2.0	76.7	8.0	72.8	8.0	70.8	8.0	67.2	8.0	61.0	34.0	68.5	5	100.0
06/30/2006 02:05	3.0	76.7	6.0	72.9	10.0	70.5	9.0	64.3	6.0	62.1	34.0	68.3	5	100.0
06/30/2006 02:10	5.0	76.7	9.0	73.5	7.0	70.0	9.0	65.1	9.0	62.2	39.0	68.7	5	100.0
06/30/2006 02:15	3.0	76.7	8.0	73.7	7.0	70.0	8.0	64.8	8.0	62.7	34.0	68.5	5	100.0
06/30/2006 02:20	1.0	76.4	6.0	73.7	6.0	69.3	5.0	65.8	4.0	63.2	22.0	68.9	5	100.0
06/30/2006 02:25	3.0	76.6	8.0	73.6	7.0	70.3	6.0	65.6	7.0	62.0	31.0	69.0	5	100.0
06/30/2006 02:30	1.0	76.9	5.0	73.6	6.0	70.5	7.0	67.4	6.0	62.9	25.0	68.7	5	100.0
06/30/2006 02:35	1.0	76.5	4.0	73.7	7.0	71.3	7.0	66.7	5.0	63.8	24.0	69.0	5	100.0
06/30/2006 02:40	1.0	76.8	8.0	73.6	5.0	71.0	7.0	66.5	5.0	63.5	26.0	69.4	5	100.0
06/30/2006 02:45	1.0	77.0	4.0	73.9	5.0	70.9	6.0	64.8	5.0	64.3	21.0	68.4	5	100.0
06/30/2006 02:50	0.0	77.0	7.0	73.6	4.0	70.8	7.0	66.5	7.0	62.0	25.0	67.9	5	100.0
06/30/2006 02:55	2.0	76.8	3.0	74.0	5.0	71.0	6.0	67.1	8.0	62.8	24.0	68.2	5	100.0
06/30/2006 03:00	0.0	76.8	6.0	73.9	6.0	71.7	4.0	65.8	8.0	63.2	24.0	68.4	5	100.0
06/30/2006 03:05	0.0	76.8	4.0	73.8	4.0	71.7	7.0	66.6	5.0	60.1	20.0	67.4	5	100.0
06/30/2006 03:10	0.0	76.8	3.0	74.1	5.0	71.3	6.0	64.9	6.0	62.9	20.0	67.3	5	100.0
06/30/2006 03:15	1.0	76.9	3.0	74.0	4.0	71.1	4.0	66.6	5.0	64.1	17.0	68.8	5	100.0
06/30/2006 03:20	1.0	77.0	3.0	74.2	5.0	69.2	5.0	66.0	4.0	64.1	18.0	68.4	5	100.0
06/30/2006 03:25	1.0	76.5	4.0	74.0	4.0	69.8	9.0	66.7	5.0	64.2	23.0	68.4	5	100.0
06/30/2006 03:30	0.0	76.5	2.0	74.0	4.0	70.6	6.0	67.4	5.0	63.5	17.0	67.8	5	100.0
06/30/2006 03:35	0.0	76.5	2.0	73.8	4.0	71.5	5.0	65.8	5.0	63.6	16.0	67.5	5	100.0
06/30/2006 03:40	2.0	76.2	3.0	73.6	7.0	69.9	7.0	66.2	6.0	62.6	25.0	68.1	5	100.0
06/30/2006 03:45	0.0	76.2	3.0	73.7	5.0	70.1	6.0	67.8	6.0	62.1	20.0	67.5	5	100.0
06/30/2006 03:50	1.0	76.1	5.0	74.0	8.0	70.1	7.0	66.9	4.0	62.9	25.0	69.1	5	100.0
06/30/2006 03:55	2.0	76.2	3.0	73.9	6.0	71.0	6.0	64.6	3.0	62.7	20.0	68.8	5	100.0
06/30/2006 04:00	0.0	76.2	3.0	74.2	3.0	71.3	7.0	65.3	8.0	63.2	21.0	66.6	5	100.0
06/30/2006 04:05	1.0	76.6	5.0	74.2	4.0	71.7	6.0	68.1	4.0	63.1	20.0	69.8	5	100.0
06/30/2006 04:10	0.0	76.6	3.0	74.1	4.0	71.9	7.0	62.8	6.0	62.3	20.0	66.2	5	100.0
06/30/2006 04:15	0.0	76.6	5.0	74.1	4.0	71.5	6.0	66.4	5.0	63.8	20.0	68.7	5	100.0
06/30/2006 04:20	0.0	76.6	3.0	73.8	4.0	71.3	7.0	68.1	5.0	65.1	19.0	68.9	5	100.0
06/30/2006 04:25	1.0	76.8	5.0	73.7	8.0	70.8	9.0	66.5	9.0	64.4	32.0	68.4	5	100.0
06/30/2006 04:30	0.0	76.8	6.0	73.8	4.0	71.4	10.0	64.6	7.0	63.2	27.0	67.3	5	100.0
06/30/2006 04:35	1.0	76.4	6.0	73.8	7.0	71.0	8.0	66.5	11.0	64.7	33.0	68.5	5	100.0
06/30/2006 04:40	0.0	76.4	4.0	73.9	8.0	70.5	8.0	62.2	8.0	60.4	28.0	65.7	5	100.0
06/30/2006 04:45	1.0	76.7	9.0	74.3	9.0	68.5	10.0	61.9	10.0	61.2	39.0	66.5	5	100.0
06/30/2006 04:50	2.0	76.5	11.0	74.1	8.0	69.9	9.0	61.7	12.0	61.0	42.0	67.0	5	100.0
06/30/2006 04:55	1.0	76.8	10.0	72.8	11.0	66.3	7.0	62.9	8.0	61.1	37.0	66.6	5	100.0
06/30/2006 05:00	1.0	76.4	9.0	73.2	13.0	68.9	11.0	65.9	10.0	62.1	44.0	67.7	5	100.0
06/30/2006 05:05	1.0	76.7	11.0	73.8	9.0	67.4	14.0	68.9	8.0	59.4	43.0	68.3	5	100.0
06/30/2006 05:10	1.0	76.9	11.0	72.6	15.0	71.6	12.0	70.3	10.0	59.0	49.0	69.0	5	100.0
06/30/2006 05:15	2.0	76.6	12.0	73.2	13.0	71.2	17.0	74.6	12.0	56.8	56.0	69.8	5	100.0
06/30/2006 05:20	2.0	76.5	19.0	73.5	14.0	69.1	14.0	69.7	14.0	57.7	63.0	68.3	5	100.0
06/30/2006 05:25	1.0	76.3	13.0	74.9	11.0	66.4	11.0	71.1	12.0	61.9	48.0	68.9	5	100.0
06/30/2006 05:30	3.0	76.4	17.0	73.6	16.0	70.3	16.0	68.7	12.0	61.9	64.0	69.5	5	100.0
06/30/2006 05:35	0.0	76.4	14.0	74.0	15.0	71.0	17.0	74.9	11.0	64.8	57.0	71.7	5	100.0
06/30/2006 05:40	5.0	76.3	19.0	73.4	20.0	72.4	20.0	77.2	17.0	69.7	81.0	73.5	5	100.0
06/30/2006 05:45	5.0	76.1	28.0	73.7	23.0	67.8	22.0	73.4	24.0	71.5	102.0	71.9	5	100.0
06/30/2006 05:50	4.0	76.2	25.0	74.0	25.0	73.5	24.0	79.2	22.0	72.1	100.0	74.8	5	100.0
06/30/2006 05:55	4.0	76.1	23.0	73.1	23.0	76.0	26.0	79.2	20.0	70.9	96.0	75.1	5	100.0
06/30/2006 06:00	4.0	76.7	25.0	74.4	24.0	74.6	20.0	70.5	22.0	66.3	95.0	71.9	5	100.0
06/30/2006 06:05	2.0	76.8	27.0	74.3	28.0	76.7	23.0	65.4	21.0	62.2	101.0	70.5	5	100.0
06/30/2006 06:10	1.0	76.3	29.0	72.5	27.0	75.3	21.0	62.5	21.0	64.0	99.0	69.4	5	100.0
06/30/2006 06:15	7.0	76.7	38.0	72.5	28.0	69.4	23.0	64.3	25.0	59.8	121.0	67.8	5	100.0
06/30/2006 06:20	5.0	76.7	37.0	70.7	32.0	68.5	27.0	61.1	23.0	58.4	124.0	66.0	5	100.0
06/30/2006 06:25	3.0	75.9	39.0	69.9	32.0	69.2	27.0	64.7	26.0	60.4	127.0	66.8	5	100.0
06/30/2006 06:30	3.0	76.4	38.0	70.7	30.0	73.8	27.0	64.6	24.0	59.5	122.0	68.0	5	100.0
06/30/2006 06:35	6.0	75.5	34.0	68.4	25.0	69.3	29.0	59.6	27.0	63.5	121.0	65.7	5	100.0
06/30/2006 06:40	5.0	75.4	44.0	66.0	36.0	68.7	33.0	62.8	26.0	61.0	144.0	65.4	5	100.0
06/30/2006 06:45	7.0	75.1	41.0	65.3	36.0	68.1	31.0	64.6	31.0	57.9	146.0	64.7	5	100.0
06/30/2006 06:50	10.0	73.8	39.0	65.5	38.0	68.9	27.0	63.1	33.0	60.3	147.0	65.3	5	100.0
06/30/2006 06:55	8.0	74.9	39.0	69.5	36.0	72.0	31.0	64.2	31.0	61.7	145.0	67.6	5	100.0
06/30/2006 07:00	5.0	75.6	37.0	73.8	35.0	68.2	32.0	62.4	31.0	63.2	140.0	67.5	5	100.0
06/30/2006 07:05	1.0	76.1	17.0	75.0	15.0	70.1	14.0	57.3	15.0	64.4	62.0	67.3	5	100.0
06/30/2006 07:10	3.0	75.9	40.0	74.1	34.0	70.4	34.0	61.1	31.0	63.6	142.0	67.8	5	100.0
06/30/2006 07:15	8.0	76.0	51.0	73.5	39.0	64.2	41.0	58.0	41.0	61.3	180.0	65.3	5	100.0
06/30/2006 07:20	9.0	76.7	54.0	73.7	37.0	61.8	35.0	57.4	39.0	65.4	174.0	66.2	5	100.0
06/30/2006 07:25	13.0	77.0	55.0	72.2	45.0	61.1	45.0	61.1	45.0	63.3	203.0	65.6	5	100.0
06/30/2006 07:30	9.0	76.5	51.0	72.9	43.0	59.8	45.0	60.9	46.0	61.1	194.0	64.6	5	100.0
06/30/2006 07:35	12.0	76.4	55.0	72.4	46.0	60.5	41.0	59.5	47.0	62.3	201.0	64.9	5	100.0
06/30/2006 07:40	12.0	76.7	54.0	72.6	41.0	59.5	40.0	57.6	44.0	68.5	191.0	66.0	5	100.0
06/30/2006 07:45	7.0	76.4	36.0	71.5	28.0	60.4	22.0	58.3	29.0	66.4	122.0	65.6	5	100.0
06/30/2006 07:50	8.0	76.7	64.0	69.1	53.0	60.5	53.0	57.7	56.0	63.4	234.0	63.5	5	100.0
06/30/2006 07:55	11.0	76.6	51.0	70.0	44.0	62.1	41.0	54.5	49.0	62.8	196.0	63.6	5	100.0
06/30/2006 08:00	7.0	76.4	50.0	73.3	45.0	62.3	41.0	57.2	52.0	61.5	195.0	64.3	5	100.0
06/30/2006 08:05	8.0	76.5	60.0	73.2	44.0	60.1	44.0	59.3	50.0	57.0	206.0	63.6	5	100.0
06/30/2006 08:10	12.0	75.1	43.0	73.3	39.0	64.3	43.0	58.3	41.0	55.6	178.0	63.7	5	100.0
06/30/2006 08:15	8.0	76.0	38.0	71.8	29.0	58.5	31.0	54.8	33.0	51.4	139.0	60.6	5	100.0
06/30/2006 08:20	9.0	76.3	59.0	70.5	48.0	55.9	35.0	52.0	55.0	53.5	206.0	59.7	5	100.0
06/30/2006 08:25	10.0	76.5	50.0	72.1	41.0	53.9	45.0	56.4	48.0	53.8	194.0	60.3	5	100.0
06/30/2006 08:30	9.0	75.7	57.0	72.4	45.0	53.8	42.0	55.5	51.0	55.4	204.0	60.7	5	100.0
06/30/2006 08:35	10.0	75.9	43.0	73.3	40.0	54.9	45.0	57.0	49.0	56.3	187.0	61.1	5	100.0
06/30/2006 08:40	9.0	76.2	56.0	74.1	42.0	55.6	41.0	56.9	48.0	54.2	196.0	61.8	5	100.0
06/30/2006 08:45	13.0	76.1	55.0	69.1	45.0	53.9	46.0	53.4	52.0	48.5	211.0	57.8	5	100.0
06/30/2006 08:50	6.0	75.4	35.0	70.6	27.0	52.4	27.0	58.3	30.0	51.0	125.0	59.5	5	100.0
06/30/2006 08:55	6.0	75.8	49.0	71.8	41.0	55.3	41.0	58.5	49.0	54.3	186.0	60.8	5	100.0
06/30/2006 09:00	8.0	75.9	53.0	67.3	42.0	55.1	39.0	55.6	51.0	54.1	193.0	59.1	5	100.0
06/30/2006 09:05	8.0	75.4	52.0	64.4	43.0	53.2	40.0	57.4	45.0	55.4	188.0	58.7	5	100.0
06/30/2006 09:10	10.0	76.2	48.0	64.7	30.0	48.9	43.0	59.5	47.0	56.2	178.0	59.2	5	100.0
06/30/2006 09:15	10.0	76.3	52.0	62.9	49.0	54.8	45.0	56.3	45.0	55.8	201.0	58.5	5	100.0
06/30/2006 09:20	12.0	76.0	53.0	63.6	38.0	54.4	41.0	59.0	47.0	57.2	191.0	60.0	5	100.0
06/30/2006 09:25	17.0	76.2	63.0	63.9	43.0	53.8	41.0	54.4	47.0	53.6	211.0	58.7	5	100.0
06/30/2006 09:30	16.0	77.1	49.0	64.0	44.0	57.9	35.0	51.2	41.0	54.1	185.0	59.1	5	100.0
06/30/2006 09:35	11.0	76.2	45.0	64.8	41.0	57.1	35.0	52.0	38.0	52.6	170.0	58.3	5	100.0
06/30/2006 09:40	13.0	76.1	44.0	64.3	34.0	55.6	34.0	56.7	39.0	51.9	164.0	58.9	5	100.0
06/30/2006 09:45	17.0	74.2	45.0	61.3	31.0	51.0	27.0	54.8	35.0	52.7	155.0	57.6	5	100.0
06/30/2006 09:50	19.0	70.5	41.0	55.4	29.0	47.7	27.0	50.2	31.0	50.5	147.0	53.8	5	100.0
06/30/2006 09:55	40.0	68.1	56.0	56.9	45.0	48.4	44.0	51.3	54.0	49.6	239.0	54.5	5	100.0
06/30/2006 10:00	55.0	66.1	64.0	55.0	45.0	46.1	50.0	50.3	59.0	47.3	273.0	53.2	5	100.0
06/30/2006 10:05	38.0	70.7	42.0	61.7	29.0	47.8	35.0	53.8	38.0	51.8	182.0	57.8	5	100.0
06/30/2006 10:10	49.0	61.6	49.0	52.4	33.0	36.9	35.0	42.3	24.0	37.8	190.0	48.4	5	100.0
06/30/2006 10:15	51.0	55.9	48.0	46.5	35.0	32.1	33.0	35.1	43.0	33.4	210.0	41.9	5	100.0
06/30/2006 10:20	51.0	56.5	47.0	47.8	41.0	37.7	39.0	40.6	47.0	39.0	225.0	44.8	5	100.0
06/30/2006 10:25	51.0	46.9	45.0	40.4	38.0	31.1	37.0	32.1	42.0	29.8	213.0	36.8	5	100.0
06/30/2006 10:30	49.0	39.5	45.0	34.9	37.0	27.5	37.0	28.5	41.0	25.9	209.0	31.8	5	100.0
06/30/2006 10:35	41.0	53.0	57.0	45.9	43.0	37.2	44.0	37.1	51.0	35.6	236.0	41.7	5	100.0
06/30/2006 10:40	38.0	64.6	51.0	56.9	45.0	45.5	45.0	45.0	53.0	45.6	232.0	51.1	5	100.0
06/30/2006 10:45	35.0	69.4	45.0	60.9	41.0	50.9	45.0	51.3	47.0	50.4	213.0	56.0	5	100.0
06/30/2006 10:50	41.0	72.4	51.0	63.1	41.0	51.0	42.0	53.8	47.0	54.3	222.0	59.0	5	100.0
06/30/2006 10:55	37.0	72.9	53.0	64.0	42.0	50.7	45.0	53.9	46.0	54.2	223.0	58.9	5	100.0
06/30/2006 11:00	48.0	62.6	51.0	62.5	47.0	55.6	43.0	54.7	49.0	50.4	238.0	57.3	5	100.0
06/30/2006 11:05	37.0	57.5	43.0	62.6	43.0	58.1	47.0	55.9	46.0	51.4	216.0	57.0	5	100.0
06/30/2006 11:10	48.0	54.4	51.0	61.5	44.0	56.1	43.0	53.7	52.0	49.3	238.0	55.0	5	100.0
06/30/2006 11:15	39.0	54.0	48.0	62.4	47.0	58.3	48.0	56.0	49.0	52.8	231.0	56.8	5	100.0
06/30/2006 11:20	34.0	52.9	49.0	63.8	34.0	56.7	41.0	58.3	52.0	56.1	210.0	57.9	5	100.0
06/30/2006 11:25	41.0	53.6	53.0	64.7	38.0	54.9	47.0	58.6	49.0	56.0	228.0	57.9	5	100.0
06/30/2006 11:30	42.0	51.8	52.0	65.1	43.0	52.6	47.0	56.7	52.0	56.4	236.0	56.9	5	100.0
06/30/2006 11:35	39.0	51.4	47.0	65.1	42.0	56.9	45.0	57.8	51.0	57.3	224.0	57.9	5	100.0
06/30/2006 11:40	25.0	53.5	29.0	66.6	25.0	57.8	30.0	60.0	29.0	55.1	138.0	58.8	5	100.0
06/30/2006 11:45	44.0	53.5	49.0	65.9	42.0	54.3	45.0	58.6	51.0	55.9	231.0	57.8	5	100.0
06/30/2006 11:50	42.0	51.4	51.0	63.9	47.0	55.0	47.0	55.1	52.0	54.4	239.0	56.2	5	100.0
06/30/2006 11:55	50.0	50.7	54.0	63.7	42.0	53.7	43.0	56.8	55.0	53.2	244.0	55.7	5	100.0
06/30/2006 12:00	39.0	51.2	55.0	62.8	44.0	53.7	48.0	56.2	54.0	53.7	240.0	55.9	5	100.0
06/30/2006 12:05	52.0	50.4	56.0	62.4	43.0	51.1	51.0	58.9	52.0	55.3	254.0	55.9	5	100.0
06/30/2006 12:10	49.0	50.4	47.0	62.2	46.0	51.1	46.0	52.8	53.0	52.1	241.0	53.7	5	100.0
06/30/2006 12:15	51.0	50.4	53.0	60.9	44.0	52.0	47.0	50.6	54.0	47.0	249.0	52.2	5	100.0
06/30/2006 12:20	52.0	50.4	53.0	60.8	48.0	53.8	49.0	52.7	53.0	51.9	255.0	54.0	5	100.0
06/30/2006 12:25	29.0	47.8	32.0	58.1	25.0	48.9	28.0	52.0	29.0	47.3	143.0	51.0	5	100.0
06/30/2006 12:30	52.0	43.2	47.0	52.8	43.0	48.2	39.0	48.7	48.0	45.4	229.0	47.5	5	100.0
06/30/2006 12:35	50.0	41.5	47.0	50.9	41.0	46.7	40.0	50.5	41.0	45.8	219.0	46.9	5	100.0
06/30/2006 12:40	49.0	40.0	49.0	51.0	40.0	45.4	40.0	49.9	39.0	46.2	217.0	46.4	5	100.0
06/30/2006 12:45	53.0	38.3	47.0	48.0	47.0	42.5	42.0	46.9	48.0	44.6	237.0	43.9	5	100.0
06/30/2006 12:50	52.0	38.4	47.0	48.1	38.0	40.3	41.0	45.0	43.0	42.8	221.0	42.9	5	100.0
06/30/2006 12:55	50.0	37.9	50.0	46.9	42.0	41.5	49.0	45.9	46.0	43.7	237.0	43.2	5	100.0
06/30/2006 13:00	54.0	38.3	54.0	47.9	43.0	40.1	42.0	48.1	45.0	45.2	238.0	43.8	5	100.0
06/30/2006 13:05	51.0	38.9	49.0	48.9	43.0	41.1	42.0	49.4	48.0	45.0	233.0	44.6	5	100.0
06/30/2006 13:10	53.0	37.8	49.0	47.1	42.0	39.8	44.0	48.1	47.0	43.7	235.0	43.2	5	100.0
06/30/2006 13:15	55.0	36.0	50.0	45.4	43.0	38.5	45.0	45.2	45.0	42.1	238.0	41.3	5	100.0
06/30/2006 13:20	57.0	36.6	49.0	44.4	44.0	39.9	47.0	46.4	47.0	41.3	244.0	41.6	5	100.0
06/30/2006 13:25	51.0	36.1	48.0	44.8	39.0	39.4	42.0	47.3	43.0	41.8	223.0	41.8	5	100.0
06/30/2006 13:30	52.0	34.1	53.0	43.1	35.0	36.9	43.0	44.3	47.0	42.6	230.0	40.2	5	100.0
06/30/2006 13:35	51.0	36.9	51.0	47.9	41.0	40.8	45.0	47.9	45.0	44.9	233.0	43.7	5	100.0
06/30/2006 13:40	58.0	36.8	51.0	46.5	40.0	40.8	45.0	49.7	45.0	45.2	239.0	43.5	5	100.0
06/30/2006 13:45	52.0	34.8	51.0	43.5	41.0	38.0	48.0	50.4	47.0	43.5	239.0	42.0	5	100.0
06/30/2006 13:50	48.0	34.8	46.0	44.9	45.0	43.4	39.0	45.9	43.0	43.8	221.0	42.4	5	0.0
06/30/2006 13:55	56.0	36.1	55.0	44.9	41.0	40.3	44.0	45.3	52.0	43.6	248.0	42.0	5	0.0
06/30/2006 14:00	54.0	34.2	53.0	44.5	41.0	39.0	47.0	46.6	44.0	43.1	239.0	41.4	5	0.0
06/30/2006 14:05	57.0	34.6	51.0	43.4	41.0	38.0	47.0	48.0	41.0	41.5	237.0	40.9	5	100.0
06/30/2006 14:10	55.0	31.8	53.0	41.1	41.0	36.6	46.0	44.0	43.0	38.5	238.0	38.3	5	100.0
06/30/2006 14:15	53.0	31.2	53.0	40.3	41.0	38.3	41.0	44.0	43.0	39.2	231.0	38.3	5	100.0
06/30/2006 14:20	49.0	31.0	49.0	39.7	40.0	36.1	41.0	42.6	42.0	40.3	221.0	37.8	5	100.0
06/30/2006 14:25	55.0	33.3	47.0	41.7	39.0	36.2	45.0	46.3	43.0	42.2	229.0	39.7	5	100.0
06/30/2006 14:30	55.0	30.4	49.0	38.9	40.0	34.5	44.0	43.3	43.0	40.6	231.0	37.3	5	100.0
06/30/2006 14:35	51.0	31.3	49.0	39.7	45.0	34.8	45.0	43.7	43.0	40.2	233.0	37.8	5	100.0
06/30/2006 14:40	54.0	28.6	50.0	37.8	44.0	34.4	43.0	42.6	47.0	38.7	238.0	36.1	5	100.0
06/30/2006 14:45	46.0	25.9	47.0	36.0	40.0	32.8	45.0	40.9	43.0	38.0	221.0	34.7	5	100.0
06/30/2006 14:50	50.0	29.6	50.0	39.4	43.0	35.0	45.0	43.1	46.0	41.1	234.0	37.5	5	100.0
06/30/2006 14:55	50.0	34.2	54.0	44.1	44.0	42.2	46.0	47.4	43.0	45.6	237.0	42.6	5	100.0
06/30/2006 15:00	43.0	34.7	53.0	44.2	44.0	43.9	45.0	46.5	44.0	46.5	229.0	43.3	5	100.0
06/30/2006 15:05	29.0	31.3	34.0	39.8	24.0	38.4	28.0	44.2	25.0	42.7	140.0	39.2	5	100.0
06/30/2006 15:10	43.0	32.0	51.0	39.2	43.0	39.1	46.0	46.3	44.0	44.6	227.0	40.3	5	100.0
06/30/2006 15:15	45.0	34.5	54.0	40.8	45.0	42.7	45.0	48.2	47.0	45.3	236.0	42.3	5	100.0
06/30/2006 15:20	39.0	30.9	51.0	34.5	42.0	37.7	45.0	43.6	46.0	42.5	223.0	38.0	5	100.0
06/30/2006 15:25	45.0	32.0	47.0	37.8	42.0	38.0	45.0	45.7	42.0	41.4	221.0	38.9	5	100.0
06/30/2006 15:30	41.0	35.0	53.0	43.4	46.0	41.8	43.0	50.8	39.0	44.1	222.0	43.1	5	100.0
06/30/2006 15:35	41.0	35.7	52.0	44.7	44.0	42.6	47.0	51.5	42.0	44.1	226.0	44.0	5	100.0
06/30/2006 15:40	45.0	35.6	50.0	44.9	44.0	42.8	47.0	50.6	43.0	45.3	229.0	43.9	5	100.0
06/30/2006 15:45	43.0	33.7	52.0	39.1	49.0	38.2	49.0	46.5	43.0	43.5	236.0	40.3	5	100.0
06/30/2006 15:50	43.0	33.0	48.0	38.8	41.0	36.5	44.0	46.5	43.0	43.9	219.0	39.8	5	100.0
06/30/2006 15:55	44.0	29.5	47.0	34.4	43.0	35.1	44.0	42.5	40.0	41.0	218.0	36.4	5	100.0
06/30/2006 16:00	25.0	26.1	24.0	27.9	29.0	33.6	24.0	38.3	23.0	38.6	125.0	32.8	5	100.0
06/30/2006 16:05	48.0	27.3	47.0	29.2	44.0	33.7	45.0	39.9	46.0	40.5	230.0	34.0	5	100.0
06/30/2006 16:10	42.0	31.0	49.0	37.3	49.0	41.1	47.0	45.6	45.0	43.0	232.0	39.7	5	100.0
06/30/2006 16:15	45.0	32.3	48.0	37.5	45.0	39.0	43.0	45.7	43.0	44.1	224.0	39.6	5	100.0
06/30/2006 16:20	45.0	33.8	55.0	38.1	50.0	41.2	48.0	45.5	45.0	42.5	243.0	40.2	5	100.0
06/30/2006 16:25	43.0	30.7	51.0	32.7	42.0	34.4	47.0	39.8	43.0	39.3	226.0	35.4	5	100.0
06/30/2006 16:30	46.0	30.9	47.0	34.4	42.0	33.5	45.0	39.7	47.0	38.8	227.0	35.5	5	100.0
06/30/2006 16:35	44.0	32.2	51.0	38.2	46.0	38.6	48.0	44.3	42.0	41.6	231.0	39.0	5	100.0
06/30/2006 16:40	43.0	28.6	49.0	33.6	42.0	34.4	41.0	38.5	49.0	38.2	224.0	34.7	5	100.0
06/30/2006 16:45	43.0	26.1	45.0	29.8	41.0	32.6	45.0	37.1	45.0	37.5	219.0	32.7	5	100.0
06/30/2006 16:50	40.0	24.2	39.0	27.7	41.0	32.9	43.0	36.9	45.0	38.1	208.0	32.2	5	100.0
06/30/2006 16:55	45.0	21.4	45.0	25.7	38.0	29.7	44.0	34.7	45.0	34.8	217.0	29.2	5	100.0
06/30/2006 17:00	35.0	18.1	37.0	22.1	33.0	25.7	39.0	30.5	42.0	31.5	186.0	25.9	5	100.0
06/30/2006 17:05	45.0	19.7	47.0	24.6	41.0	25.2	41.0	31.0	43.0	31.3	217.0	26.2	5	100.0
06/30/2006 17:10	46.0	21.7	45.0	27.1	45.0	29.3	40.0	31.9	43.0	33.9	219.0	28.6	5	100.0
06/30/2006 17:15	45.0	25.0	53.0	28.9	44.0	30.9	45.0	34.5	46.0	33.6	233.0	30.5	5	100.0
06/30/2006 17:20	45.0	26.1	44.0	27.5	45.0	28.4	42.0	32.9	47.0	33.4	223.0	29.7	5	100.0
06/30/2006 17:25	47.0	26.7	47.0	29.4	46.0	30.8	43.0	34.4	44.0	33.3	227.0	30.8	5	100.0
06/30/2006 17:30	45.0	29.0	49.0	32.5	44.0	33.5	47.0	39.1	45.0	37.8	230.0	34.4	5	100.0
06/30/2006 17:35	49.0	28.9	48.0	33.2	41.0	33.3	41.0	40.0	44.0	36.0	223.0	34.1	5	100.0
06/30/2006 17:40	45.0	28.8	49.0	34.1	43.0	34.9	44.0	40.2	44.0	36.5	225.0	34.9	5	100.0
06/30/2006 17:45	43.0	29.2	47.0	30.9	43.0	33.4	44.0	39.5	42.0	34.9	219.0	33.6	5	100.0
06/30/2006 17:50	41.0	27.5	49.0	29.5	38.0	30.8	43.0	34.9	46.0	30.6	217.0	30.7	5	100.0
06/30/2006 17:55	42.0	24.7	45.0	26.6	41.0	27.8	41.0	33.0	46.0	33.9	215.0	29.2	5	100.0
06/30/2006 18:00	39.0	21.0	37.0	24.6	39.0	27.9	43.0	32.6	41.0	33.5	199.0	28.1	5	100.0
06/30/2006 18:05	42.0	20.1	43.0	25.7	40.0	29.7	43.0	34.9	46.0	34.5	214.0	29.1	5	100.0
06/30/2006 18:10	39.0	17.9	39.0	24.1	36.0	26.7	42.0	31.4	38.0	28.5	194.0	25.8	5	100.0
06/30/2006 18:15	43.0	24.7	47.0	29.7	41.0	31.9	45.0	34.6	45.0	31.7	221.0	30.5	5	100.0
06/30/2006 18:20	41.0	27.2	49.0	31.0	42.0	35.0	47.0	39.2	41.0	35.2	220.0	33.6	5	100.0
06/30/2006 18:25	42.0	31.5	53.0	37.7	47.0	40.6	47.0	43.1	46.0	39.2	235.0	38.5	5	100.0
06/30/2006 18:30	43.0	34.9	52.0	41.1	48.0	44.7	43.0	44.9	43.0	40.8	229.0	41.3	5	100.0
06/30/2006 18:35	37.0	33.5	51.0	39.6	45.0	43.8	40.0	43.6	46.0	40.3	219.0	40.3	5	100.0
06/30/2006 18:40	39.0	35.2	49.0	36.0	47.0	40.4	43.0	40.1	48.0	35.9	226.0	37.5	5	100.0
06/30/2006 18:45	41.0	36.0	48.0	39.5	43.0	42.6	41.0	42.9	44.0	37.5	217.0	39.7	5	100.0
06/30/2006 18:50	42.0	37.3	53.0	42.5	45.0	44.9	43.0	46.0	45.0	41.5	228.0	42.5	5	100.0
06/30/2006 18:55	45.0	38.2	47.0	44.5	47.0	48.9	50.0	49.1	50.0	45.1	239.0	45.3	5	100.0
06/30/2006 19:00	51.0	38.4	53.0	47.1	45.0	49.5	45.0	49.9	47.0	47.2	241.0	46.2	5	100.0
06/30/2006 19:05	52.0	40.1	48.0	49.8	45.0	53.0	47.0	50.9	51.0	49.0	243.0	48.4	5	100.0
06/30/2006 19:10	51.0	38.3	48.0	49.4	46.0	53.0	46.0	51.7	50.0	49.8	241.0	48.3	5	100.0
06/30/2006 19:15	49.0	39.1	47.0	49.9	47.0	53.4	42.0	52.5	44.0	48.6	229.0	48.5	5	100.0
06/30/2006 19:20	46.0	41.6	50.0	53.8	47.0	56.0	44.0	54.0	48.0	50.8	235.0	51.3	5	100.0
06/30/2006 19:25	45.0	44.8	50.0	57.0	45.0	62.1	48.0	57.9	50.0	53.5	238.0	55.1	5	100.0
06/30/2006 19:30	53.0	47.0	51.0	59.5	49.0	64.7	47.0	61.2	50.0	56.4	250.0	57.6	5	100.0
06/30/2006 19:35	54.0	44.5	46.0	57.2	41.0	59.2	43.0	61.4	49.0	56.0	233.0	55.1	5	100.0
06/30/2006 19:40	47.0	42.5	51.0	54.8	46.0	58.3	45.0	58.1	49.0	53.1	238.0	53.3	5	100.0
06/30/2006 19:45	43.0	41.2	48.0	53.2	45.0	57.0	41.0	55.1	49.0	51.5	226.0	51.6	5	100.0
06/30/2006 19:50	47.0	40.8	43.0	53.0	41.0	56.0	39.0	53.5	49.0	51.3	219.0	50.7	5	100.0
06/30/2006 19:55	48.0	40.4	44.0	52.3	44.0	59.6	45.0	54.3	43.0	51.3	224.0	51.4	5	100.0
06/30/2006 20:00	45.0	48.9	47.0	54.7	42.0	56.6	42.0	55.8	47.0	52.5	223.0	53.6	5	100.0
06/30/2006 20:05	45.0	53.0	44.0	55.4	39.0	54.2	38.0	53.8	46.0	52.5	212.0	53.8	5	100.0
06/30/2006 20:10	45.0	53.7	41.0	56.0	42.0	54.6	43.0	54.0	45.0	52.9	216.0	54.2	5	100.0
06/30/2006 20:15	47.0	54.6	42.0	54.6	41.0	53.9	39.0	50.4	46.0	48.0	215.0	52.3	5	100.0
06/30/2006 20:20	50.0	53.2	43.0	52.4	44.0	53.0	40.0	51.2	42.0	48.3	219.0	51.7	5	100.0
06/30/2006 20:25	51.0	49.5	45.0	47.7	44.0	49.1	41.0	48.4	41.0	46.1	222.0	48.2	5	100.0
06/30/2006 20:30	48.0	46.6	45.0	46.2	38.0	46.9	38.0	45.3	41.0	45.5	210.0	46.1	5	100.0
06/30/2006 20:35	47.0	47.9	45.0	48.1	37.0	47.0	37.0	48.0	38.0	46.8	204.0	47.6	5	100.0
06/30/2006 20:40	48.0	50.4	43.0	49.3	43.0	48.8	41.0	50.6	39.0	48.8	214.0	49.6	5	100.0
06/30/2006 20:45	48.0	51.9	43.0	48.6	40.0	46.6	38.0	49.3	39.0	47.8	208.0	49.0	5	100.0
06/30/2006 20:50	34.0	53.4	33.0	51.9	26.0	48.3	24.0	49.5	27.0	49.3	144.0	50.7	5	100.0
06/30/2006 20:55	49.0	51.1	47.0	50.0	41.0	46.8	41.0	48.8	45.0	48.4	223.0	49.1	5	100.0
06/30/2006 21:00	50.0	50.4	49.0	49.4	44.0	47.5	41.0	45.9	43.0	47.2	227.0	48.2	5	100.0
06/30/2006 21:05	39.0	61.8	44.0	57.8	42.0	58.9	47.0	57.2	41.0	54.2	213.0	57.9	5	100.0
06/30/2006 21:10	37.0	67.0	45.0	63.8	43.0	65.1	39.0	58.5	40.0	58.1	204.0	62.5	5	100.0
06/30/2006 21:15	45.0	70.0	45.0	65.8	49.0	68.2	46.0	62.1	41.0	58.2	226.0	65.0	5	100.0
06/30/2006 21:20	37.0	71.1	40.0	67.5	39.0	65.5	40.0	62.6	41.0	58.2	197.0	64.8	5	100.0
06/30/2006 21:25	35.0	72.0	40.0	69.2	39.0	68.6	40.0	65.0	37.0	58.4	191.0	66.6	5	100.0
06/30/2006 21:30	36.0	74.0	42.0	70.5	38.0	71.7	37.0	66.5	29.0	58.4	182.0	68.7	5	100.0
06/30/2006 21:35	38.0	75.0	38.0	71.0	41.0	71.6	45.0	69.4	34.0	58.1	196.0	69.3	5	100.0
06/30/2006 21:40	43.0	73.1	47.0	69.8	45.0	68.8	45.0	70.2	36.0	58.4	216.0	68.4	5	100.0
06/30/2006 21:45	38.0	70.2	40.0	68.4	37.0	68.8	37.0	67.0	35.0	59.7	187.0	66.9	5	100.0
06/30/2006 21:50	29.0	71.3	40.0	70.1	30.0	65.8	35.0	67.9	30.0	59.0	164.0	67.0	5	100.0
06/30/2006 21:55	29.0	74.3	35.0	70.8	35.0	68.6	35.0	69.5	31.0	60.6	165.0	68.8	5	100.0
06/30/2006 22:00	38.0	72.8	37.0	69.5	38.0	68.3	35.0	66.4	31.0	62.6	179.0	68.1	5	100.0
06/30/2006 22:05	37.0	74.0	39.0	70.6	35.0	69.0	38.0	70.2	32.0	64.1	181.0	69.8	5	100.0
06/30/2006 22:10	33.0	74.5	38.0	70.3	36.0	69.8	35.0	68.9	32.0	64.4	174.0	69.6	5	100.0
06/30/2006 22:15	31.0	75.4	39.0	70.6	39.0	72.3	39.0	69.7	33.0	64.0	181.0	70.4	5	100.0
06/30/2006 22:20	39.0	73.0	41.0	70.4	37.0	67.8	41.0	70.0	37.0	64.0	195.0	69.1	5	100.0
06/30/2006 22:25	37.0	74.5	40.0	71.1	39.0	70.8	37.0	67.0	31.0	62.6	184.0	69.5	5	100.0
06/30/2006 22:30	34.0	74.8	40.0	70.6	39.0	68.4	38.0	66.8	31.0	64.4	182.0	69.1	5	100.0
06/30/2006 22:35	43.0	75.8	41.0	68.8	43.0	70.5	40.0	69.1	35.0	63.9	202.0	69.9	5	100.0
06/30/2006 22:40	28.0	76.1	36.0	71.2	34.0	69.1	37.0	71.1	31.0	61.1	166.0	69.7	5	100.0
06/30/2006 22:45	24.0	75.7	33.0	72.4	31.0	72.4	27.0	69.0	24.0	65.0	139.0	71.0	5	100.0
06/30/2006 22:50	24.0	75.5	25.0	72.8	27.0	70.9	24.0	74.0	17.0	64.7	117.0	72.0	5	100.0
06/30/2006 22:55	29.0	79.3	29.0	73.9	30.0	70.8	34.0	76.6	31.0	65.5	153.0	73.2	5	100.0
06/30/2006 23:00	26.0	76.3	35.0	72.4	32.0	69.2	30.0	75.5	27.0	64.7	150.0	71.6	5	100.0
06/30/2006 23:05	22.0	77.1	31.0	70.4	35.0	71.0	31.0	72.0	27.0	59.2	146.0	69.8	5	100.0
06/30/2006 23:10	23.0	74.5	29.0	71.6	29.0	71.5	27.0	69.4	23.0	61.0	131.0	69.8	5	100.0
06/30/2006 23:15	23.0	73.9	33.0	70.6	33.0	69.6	29.0	69.5	30.0	61.5	148.0	68.8	5	100.0
06/30/2006 23:20	29.0	73.6	33.0	71.1	33.0	70.0	31.0	68.6	27.0	61.6	153.0	69.2	5	100.0
06/30/2006 23:25	17.0	74.7	25.0	73.3	31.0	71.6	31.0	64.9	21.0	62.8	125.0	69.2	5	100.0
06/30/2006 23:30	19.0	75.1	28.0	73.7	28.0	70.6	30.0	68.4	27.0	62.6	132.0	69.8	5	100.0
06/30/2006 23:35	20.0	75.2	30.0	72.7	31.0	68.9	29.0	73.7	25.0	64.1	135.0	70.8	5	100.0
06/30/2006 23:40	18.0	75.4	25.0	74.6	23.0	70.5	25.0	71.8	29.0	66.0	120.0	71.3	5	100.0
06/30/2006 23:45	13.0	75.9	26.0	74.4	31.0	69.3	23.0	67.3	24.0	65.6	117.0	70.0	5	100.0
06/30/2006 23:50	18.0	77.0	25.0	73.7	25.0	70.9	31.0	68.9	25.0	65.1	124.0	70.7	5	100.0
06/30/2006 23:55	13.0	77.5	26.0	74.0	25.0	72.2	29.0	71.3	21.0	65.1	114.0	71.7	5	100.0
