5 Minutes	Lane 1 Flow (Veh/5 Minutes)	Lane 1 Occ (%)	Lane 2 Flow (Veh/5 Minutes)	Lane 2 Occ (%)	Lane 3 Flow (Veh/5 Minutes)	Lane 3 Occ (%)	Lane 4 Flow (Veh/5 Minutes)	Lane 4 Occ (%)	Lane 5 Flow (Veh/5 Minutes)	Lane 5 Occ (%)	Flow (Veh/5 Minutes)	Occupancy (%)	# Lane Points	% Observed
07/29/2006 00:00	16.0	2.0	24.0	3.1	26.0	3.9	20.0	3.5	22.0	3.2	108.0	3.1	5	100.0
07/29/2006 00:05	16.0	1.9	19.0	2.6	25.0	3.6	27.0	4.5	21.0	3.1	108.0	3.1	5	100.0
07/29/2006 00:10	15.0	1.7	23.0	3.0	27.0	3.6	21.0	3.9	25.0	3.8	111.0	3.2	5	100.0
07/29/2006 00:15	17.0	2.0	27.0	3.7	24.0	3.4	25.0	4.5	24.0	3.7	117.0	3.5	5	100.0
07/29/2006 00:20	13.0	2.1	22.0	3.4	21.0	3.5	21.0	4.1	19.0	3.7	96.0	3.4	5	100.0
07/29/2006 00:25	13.0	1.6	25.0	3.2	30.0	4.3	22.0	3.6	23.0	4.0	113.0	3.3	5	100.0
07/29/2006 00:30	12.0	1.5	19.0	2.4	21.0	2.9	15.0	3.2	18.0	2.8	85.0	2.6	5	100.0
07/29/2006 00:35	11.0	1.3	20.0	2.5	24.0	3.3	19.0	3.6	20.0	3.0	94.0	2.8	5	100.0
07/29/2006 00:40	11.0	1.6	19.0	2.2	19.0	2.4	22.0	3.7	21.0	3.6	92.0	2.7	5	100.0
07/29/2006 00:45	14.0	1.7	23.0	3.0	20.0	3.4	20.0	3.3	17.0	2.3	94.0	2.7	5	100.0
07/29/2006 00:50	5.0	0.5	16.0	2.0	16.0	2.3	15.0	2.1	11.0	1.5	63.0	1.7	5	100.0
07/29/2006 00:55	4.0	0.4	9.0	1.1	9.0	1.2	11.0	1.6	8.0	1.3	41.0	1.1	5	100.0
07/29/2006 01:00	8.0	0.9	14.0	1.6	11.0	1.5	13.0	2.1	10.0	1.4	56.0	1.5	5	100.0
07/29/2006 01:05	3.0	0.4	14.0	1.8	16.0	2.8	15.0	2.5	16.0	2.4	64.0	2.0	5	100.0
07/29/2006 01:10	6.0	0.7	12.0	1.3	17.0	2.2	15.0	2.4	12.0	1.7	62.0	1.7	5	100.0
07/29/2006 01:15	7.0	0.8	22.0	2.7	19.0	2.6	15.0	2.6	19.0	3.1	82.0	2.4	5	100.0
07/29/2006 01:20	6.0	0.7	16.0	2.1	15.0	2.2	19.0	3.5	14.0	2.3	70.0	2.2	5	100.0
07/29/2006 01:25	6.0	0.6	17.0	2.2	16.0	2.0	16.0	2.3	13.0	1.7	68.0	1.8	5	100.0
07/29/2006 01:30	5.0	0.5	6.0	0.8	8.0	1.2	10.0	1.5	6.0	0.9	35.0	1.0	5	100.0
07/29/2006 01:35	4.0	0.4	16.0	2.1	16.0	2.0	18.0	2.5	16.0	2.6	70.0	1.9	5	100.0
07/29/2006 01:40	6.0	0.7	12.0	1.5	15.0	1.7	15.0	2.6	12.0	1.8	60.0	1.7	5	100.0
07/29/2006 01:45	5.0	0.6	13.0	1.7	14.0	1.9	13.0	2.5	12.0	1.5	57.0	1.6	5	100.0
07/29/2006 01:50	3.0	0.3	12.0	1.5	14.0	2.1	17.0	2.4	16.0	2.3	62.0	1.7	5	100.0
07/29/2006 01:55	3.0	0.3	13.0	1.5	17.0	1.9	16.0	2.5	9.0	1.4	58.0	1.5	5	100.0
07/29/2006 02:00	4.0	0.4	13.0	1.4	14.0	1.8	15.0	1.9	11.0	1.6	57.0	1.4	5	100.0
07/29/2006 02:05	6.0	0.6	19.0	2.3	15.0	2.0	13.0	1.9	17.0	2.7	70.0	1.9	5	100.0
07/29/2006 02:10	6.0	0.6	14.0	1.5	14.0	2.0	14.0	2.5	13.0	2.1	61.0	1.8	5	100.0
07/29/2006 02:15	8.0	0.9	14.0	1.7	14.0	2.1	15.0	2.5	13.0	2.1	64.0	1.9	5	100.0
07/29/2006 02:20	4.0	0.4	15.0	1.9	18.0	2.4	16.0	2.7	14.0	2.1	67.0	1.9	5	100.0
07/29/2006 02:25	4.0	0.5	15.0	1.9	14.0	2.1	14.0	2.4	10.0	1.4	57.0	1.7	5	100.0
07/29/2006 02:30	5.0	0.5	11.0	1.3	14.0	2.0	13.0	2.0	12.0	1.9	55.0	1.6	5	100.0
07/29/2006 02:35	1.0	0.1	12.0	1.3	15.0	1.9	15.0	2.1	10.0	1.7	53.0	1.4	5	100.0
07/29/2006 02:40	4.0	0.5	14.0	1.6	11.0	1.3	12.0	1.6	14.0	1.7	55.0	1.4	5	100.0
07/29/2006 02:45	4.0	0.4	9.0	1.1	9.0	1.6	9.0	1.4	9.0	1.2	40.0	1.1	5	100.0
07/29/2006 02:50	4.0	0.5	14.0	1.8	13.0	1.7	15.0	2.1	12.0	2.0	58.0	1.6	5	100.0
07/29/2006 02:55	2.0	0.3	5.0	0.6	7.0	0.9	8.0	1.9	5.0	0.8	27.0	0.9	5	100.0
07/29/2006 03:00	2.0	0.2	11.0	1.2	13.0	1.6	11.0	1.3	14.0	2.1	51.0	1.3	5	100.0
07/29/2006 03:05	0.0	0.0	5.0	0.6	8.0	1.0	10.0	1.5	5.0	1.2	28.0	0.9	5	100.0
07/29/2006 03:10	2.0	0.2	8.0	0.9	9.0	1.2	10.0	1.6	11.0	1.5	40.0	1.1	5	100.0
07/29/2006 03:15	3.0	0.3	9.0	0.9	6.0	1.1	11.0	1.9	9.0	1.3	38.0	1.1	5	100.0
07/29/2006 03:20	1.0	0.1	8.0	0.9	5.0	0.9	7.0	1.6	5.0	0.6	26.0	0.8	5	100.0
07/29/2006 03:25	2.0	0.2	6.0	0.7	8.0	1.0	11.0	1.6	6.0	1.4	33.0	1.0	5	100.0
07/29/2006 03:30	1.0	0.1	3.0	0.3	4.0	0.5	9.0	1.5	6.0	0.9	23.0	0.7	5	100.0
07/29/2006 03:35	2.0	0.2	6.0	0.7	5.0	0.8	8.0	1.3	6.0	1.0	27.0	0.8	5	100.0
07/29/2006 03:40	0.0	0.0	2.0	0.3	6.0	0.8	6.0	1.2	4.0	0.8	18.0	0.6	5	100.0
07/29/2006 03:45	1.0	0.1	5.0	0.6	7.0	0.8	8.0	2.1	5.0	0.9	26.0	0.9	5	100.0
07/29/2006 03:50	1.0	0.1	4.0	0.4	5.0	0.7	9.0	1.4	6.0	1.1	25.0	0.7	5	100.0
07/29/2006 03:55	0.0	0.0	3.0	0.3	7.0	0.8	6.0	1.4	3.0	0.7	19.0	0.6	5	100.0
07/29/2006 04:00	2.0	0.2	3.0	0.3	7.0	0.9	4.0	0.8	7.0	1.0	23.0	0.6	5	100.0
07/29/2006 04:05	0.0	0.0	5.0	0.6	6.0	1.1	8.0	1.4	5.0	0.9	24.0	0.8	5	100.0
07/29/2006 04:10	0.0	0.0	3.0	0.4	7.0	1.0	7.0	1.1	6.0	0.9	23.0	0.7	5	100.0
07/29/2006 04:15	1.0	0.1	3.0	0.4	4.0	0.5	5.0	1.0	7.0	1.3	20.0	0.7	5	100.0
07/29/2006 04:20	1.0	0.1	5.0	0.8	5.0	0.9	5.0	1.1	4.0	0.5	20.0	0.7	5	100.0
07/29/2006 04:25	1.0	0.1	4.0	0.5	8.0	1.1	6.0	1.5	5.0	0.9	24.0	0.8	5	100.0
07/29/2006 04:30	1.0	0.1	6.0	0.6	6.0	1.2	7.0	1.5	5.0	0.7	25.0	0.8	5	100.0
07/29/2006 04:35	1.0	0.1	7.0	0.7	7.0	1.0	6.0	1.8	7.0	1.9	28.0	1.1	5	100.0
07/29/2006 04:40	1.0	0.1	5.0	0.5	8.0	1.5	5.0	1.5	7.0	1.6	26.0	1.0	5	100.0
07/29/2006 04:45	1.0	0.1	5.0	0.7	8.0	1.2	7.0	1.5	6.0	1.3	27.0	1.0	5	100.0
07/29/2006 04:50	2.0	0.3	3.0	0.3	5.0	0.8	7.0	1.0	5.0	1.1	22.0	0.7	5	100.0
07/29/2006 04:55	1.0	0.1	5.0	0.6	3.0	0.7	9.0	1.7	9.0	1.7	27.0	1.0	5	100.0
07/29/2006 05:00	0.0	0.0	5.0	0.5	8.0	1.0	6.0	1.1	7.0	1.3	26.0	0.8	5	100.0
07/29/2006 05:05	1.0	0.1	5.0	0.5	7.0	0.9	7.0	1.0	8.0	1.1	28.0	0.7	5	100.0
07/29/2006 05:10	3.0	0.3	7.0	0.8	9.0	1.0	9.0	2.5	9.0	1.9	37.0	1.3	5	100.0
07/29/2006 05:15	1.0	0.2	7.0	0.9	9.0	1.0	9.0	1.4	8.0	1.7	34.0	1.1	5	100.0
07/29/2006 05:20	3.0	0.3	9.0	1.1	9.0	1.1	9.0	1.7	8.0	1.3	38.0	1.1	5	100.0
07/29/2006 05:25	1.0	0.1	7.0	0.9	7.0	0.9	9.0	1.9	8.0	1.7	32.0	1.1	5	100.0
07/29/2006 05:30	0.0	0.0	8.0	0.9	8.0	1.1	11.0	2.2	7.0	1.5	34.0	1.1	5	100.0
07/29/2006 05:35	3.0	0.3	10.0	1.2	11.0	1.5	10.0	2.1	9.0	1.7	43.0	1.4	5	100.0
07/29/2006 05:40	1.0	0.1	10.0	1.1	10.0	1.3	8.0	2.0	10.0	1.9	39.0	1.3	5	100.0
07/29/2006 05:45	0.0	0.0	2.0	0.2	4.0	0.5	5.0	0.9	3.0	0.7	14.0	0.5	5	100.0
07/29/2006 05:50	3.0	0.4	15.0	1.9	13.0	2.0	10.0	2.9	10.0	1.9	51.0	1.8	5	100.0
07/29/2006 05:55	4.0	0.4	13.0	1.7	13.0	1.8	13.0	2.9	10.0	1.5	53.0	1.7	5	100.0
07/29/2006 06:00	3.0	0.3	12.0	1.5	10.0	1.6	10.0	2.0	7.0	0.9	42.0	1.3	5	100.0
07/29/2006 06:05	3.0	0.3	11.0	1.5	10.0	1.5	9.0	1.3	9.0	1.4	42.0	1.2	5	100.0
07/29/2006 06:10	4.0	0.4	11.0	1.2	11.0	1.7	11.0	1.7	7.0	1.4	44.0	1.3	5	100.0
07/29/2006 06:15	4.0	0.4	9.0	1.1	8.0	1.1	9.0	1.4	5.0	1.1	35.0	1.0	5	100.0
07/29/2006 06:20	9.0	1.1	15.0	2.0	13.0	2.0	14.0	2.3	11.0	1.9	62.0	1.8	5	100.0
07/29/2006 06:25	5.0	0.7	14.0	1.9	12.0	2.2	9.0	2.1	12.0	1.7	52.0	1.7	5	100.0
07/29/2006 06:30	4.0	0.5	15.0	1.9	17.0	2.5	15.0	2.5	12.0	1.7	63.0	1.8	5	100.0
07/29/2006 06:35	5.0	0.5	17.0	2.3	19.0	2.7	16.0	2.8	15.0	2.5	72.0	2.2	5	100.0
07/29/2006 06:40	9.0	1.1	14.0	1.7	17.0	2.3	13.0	2.1	13.0	2.0	66.0	1.8	5	100.0
07/29/2006 06:45	9.0	0.9	18.0	2.3	17.0	2.3	17.0	2.6	13.0	2.3	74.0	2.1	5	100.0
07/29/2006 06:50	8.0	0.9	24.0	3.1	22.0	3.1	16.0	2.7	16.0	2.4	86.0	2.5	5	100.0
07/29/2006 06:55	7.0	0.8	23.0	2.7	19.0	2.7	20.0	3.1	15.0	2.5	84.0	2.4	5	100.0
07/29/2006 07:00	12.0	1.3	19.0	2.4	16.0	2.5	17.0	3.2	15.0	2.3	79.0	2.3	5	100.0
07/29/2006 07:05	7.0	0.7	19.0	2.3	17.0	2.3	21.0	2.8	14.0	2.3	78.0	2.1	5	100.0
07/29/2006 07:10	11.0	1.3	27.0	3.4	22.0	3.3	20.0	3.8	15.0	2.1	95.0	2.8	5	100.0
07/29/2006 07:15	14.0	1.9	26.0	3.4	24.0	3.5	22.0	3.6	23.0	3.2	109.0	3.1	5	100.0
07/29/2006 07:20	18.0	2.2	28.0	3.7	25.0	3.9	23.0	4.6	22.0	3.0	116.0	3.5	5	100.0
07/29/2006 07:25	15.0	1.8	26.0	3.3	29.0	4.0	22.0	3.6	18.0	2.8	110.0	3.1	5	100.0
07/29/2006 07:30	18.0	2.2	28.0	3.6	27.0	3.8	25.0	3.5	19.0	3.3	117.0	3.3	5	100.0
07/29/2006 07:35	19.0	2.2	31.0	4.2	21.0	3.2	24.0	3.3	19.0	2.9	114.0	3.2	5	100.0
07/29/2006 07:40	15.0	1.9	23.0	3.2	18.0	3.0	18.0	3.3	22.0	4.1	96.0	3.1	5	100.0
07/29/2006 07:45	27.0	3.4	33.0	4.6	27.0	4.5	29.0	4.9	30.0	5.4	146.0	4.6	5	100.0
07/29/2006 07:50	25.0	3.3	36.0	4.9	33.0	4.9	35.0	6.1	35.0	5.9	164.0	5.0	5	100.0
07/29/2006 07:55	24.0	3.1	31.0	4.1	30.0	4.4	34.0	5.1	26.0	4.1	145.0	4.2	5	100.0
07/29/2006 08:00	16.0	1.9	30.0	4.2	30.0	4.2	24.0	3.7	30.0	5.0	130.0	3.8	5	100.0
07/29/2006 08:05	21.0	2.7	32.0	4.2	30.0	4.6	30.0	4.7	29.0	4.3	142.0	4.1	5	100.0
07/29/2006 08:10	17.0	2.0	34.0	4.5	32.0	4.9	31.0	5.0	25.0	4.5	139.0	4.2	5	100.0
07/29/2006 08:15	19.0	2.5	29.0	3.9	36.0	4.8	27.0	4.4	33.0	5.2	144.0	4.2	5	100.0
07/29/2006 08:20	24.0	3.2	33.0	4.4	34.0	5.1	34.0	6.1	34.0	5.4	159.0	4.9	5	100.0
07/29/2006 08:25	26.0	4.0	39.0	5.6	34.0	5.0	34.0	5.6	33.0	5.3	166.0	5.1	5	100.0
07/29/2006 08:30	29.0	3.9	43.0	6.0	34.0	5.7	29.0	5.5	37.0	5.8	172.0	5.4	5	100.0
07/29/2006 08:35	26.0	3.5	40.0	5.2	37.0	5.7	35.0	5.9	32.0	5.5	170.0	5.2	5	100.0
07/29/2006 08:40	31.0	4.1	39.0	5.4	35.0	5.6	33.0	5.8	31.0	5.4	169.0	5.2	5	100.0
07/29/2006 08:45	26.0	3.6	37.0	5.1	38.0	5.2	38.0	6.3	38.0	5.9	177.0	5.2	5	100.0
07/29/2006 08:50	28.0	4.0	39.0	5.1	37.0	5.2	38.0	6.2	38.0	6.8	180.0	5.5	5	100.0
07/29/2006 08:55	29.0	3.6	40.0	5.1	36.0	5.4	37.0	6.9	41.0	6.8	183.0	5.6	5	100.0
07/29/2006 09:00	31.0	4.1	38.0	5.3	36.0	5.9	39.0	6.2	37.0	6.3	181.0	5.6	5	100.0
07/29/2006 09:05	31.0	4.1	40.0	5.5	37.0	5.5	37.0	6.3	34.0	5.9	179.0	5.5	5	100.0
07/29/2006 09:10	36.0	4.6	41.0	5.7	39.0	5.9	33.0	5.1	38.0	6.9	187.0	5.6	5	100.0
07/29/2006 09:15	33.0	4.5	45.0	6.3	38.0	6.0	44.0	7.8	38.0	6.4	198.0	6.2	5	100.0
07/29/2006 09:20	35.0	4.7	43.0	6.1	43.0	6.7	39.0	6.5	36.0	5.7	196.0	6.0	5	100.0
07/29/2006 09:25	35.0	4.7	41.0	5.5	41.0	5.9	41.0	6.3	39.0	6.5	197.0	5.8	5	100.0
07/29/2006 09:30	35.0	4.4	41.0	5.6	43.0	6.0	39.0	6.4	36.0	6.2	194.0	5.7	5	100.0
07/29/2006 09:35	44.0	5.9	48.0	6.6	40.0	6.3	39.0	6.3	43.0	7.1	214.0	6.4	5	100.0
07/29/2006 09:40	44.0	6.1	43.0	6.6	44.0	7.1	44.0	7.5	44.0	7.5	219.0	7.0	5	100.0
07/29/2006 09:45	38.0	5.4	51.0	7.1	45.0	6.7	49.0	8.0	47.0	8.3	230.0	7.1	5	100.0
07/29/2006 09:50	41.0	5.5	49.0	6.8	45.0	6.8	44.0	7.9	47.0	8.5	226.0	7.1	5	100.0
07/29/2006 09:55	38.0	5.2	46.0	6.6	42.0	6.6	41.0	6.9	46.0	7.6	213.0	6.6	5	100.0
07/29/2006 10:00	39.0	5.3	51.0	7.3	49.0	7.7	48.0	8.3	46.0	8.3	233.0	7.4	5	100.0
07/29/2006 10:05	44.0	5.9	51.0	7.1	46.0	6.9	46.0	8.4	53.0	9.4	240.0	7.5	5	100.0
07/29/2006 10:10	39.0	5.1	39.0	5.4	46.0	6.8	37.0	6.2	44.0	7.3	205.0	6.2	5	100.0
07/29/2006 10:15	49.0	6.8	50.0	7.3	47.0	7.4	46.0	7.9	47.0	8.7	239.0	7.6	5	100.0
07/29/2006 10:20	51.0	7.2	52.0	7.7	49.0	7.8	47.0	7.9	56.0	9.4	255.0	8.0	5	100.0
07/29/2006 10:25	60.0	8.4	58.0	8.6	56.0	9.3	55.0	9.2	55.0	10.3	284.0	9.2	5	100.0
07/29/2006 10:30	39.0	5.2	46.0	6.6	47.0	7.0	49.0	7.9	52.0	9.0	233.0	7.1	5	100.0
07/29/2006 10:35	45.0	6.5	51.0	7.5	45.0	7.1	45.0	7.7	48.0	8.3	234.0	7.4	5	100.0
07/29/2006 10:40	46.0	6.4	49.0	6.9	47.0	7.5	49.0	8.3	58.0	9.7	249.0	7.8	5	100.0
07/29/2006 10:45	47.0	6.6	48.0	7.1	48.0	7.6	43.0	7.7	52.0	10.4	238.0	7.9	5	100.0
07/29/2006 10:50	47.0	6.5	53.0	7.6	46.0	7.5	44.0	7.8	54.0	10.1	244.0	7.9	5	100.0
07/29/2006 10:55	59.0	8.7	56.0	8.8	48.0	8.6	44.0	7.7	51.0	9.8	258.0	8.7	5	100.0
07/29/2006 11:00	57.0	9.0	50.0	8.3	49.0	9.2	47.0	9.5	47.0	11.3	250.0	9.5	5	100.0
07/29/2006 11:05	56.0	8.8	53.0	8.8	54.0	9.7	43.0	8.9	53.0	10.2	259.0	9.3	5	100.0
07/29/2006 11:10	53.0	8.1	49.0	7.7	48.0	8.2	43.0	9.4	51.0	10.7	244.0	8.8	5	100.0
07/29/2006 11:15	48.0	8.2	45.0	7.9	44.0	8.6	33.0	7.2	43.0	10.6	213.0	8.5	5	100.0
07/29/2006 11:20	47.0	6.3	57.0	8.1	51.0	8.1	45.0	7.7	51.0	9.1	251.0	7.9	5	100.0
07/29/2006 11:25	45.0	6.3	49.0	6.9	48.0	7.7	49.0	8.2	53.0	9.2	244.0	7.6	5	100.0
07/29/2006 11:30	52.0	11.2	53.0	10.6	44.0	10.3	39.0	9.4	49.0	14.1	237.0	11.1	5	100.0
07/29/2006 11:35	47.0	8.4	40.0	7.8	43.0	8.9	38.0	8.2	43.0	9.8	211.0	8.6	5	100.0
07/29/2006 11:40	49.0	8.7	47.0	8.7	45.0	9.7	41.0	8.6	50.0	11.1	232.0	9.4	5	100.0
07/29/2006 11:45	51.0	9.4	50.0	9.1	48.0	9.2	43.0	9.3	50.0	10.6	242.0	9.5	5	100.0
07/29/2006 11:50	48.0	8.5	49.0	9.1	43.0	9.0	41.0	9.0	46.0	10.5	227.0	9.2	5	100.0
07/29/2006 11:55	51.0	9.2	49.0	9.4	44.0	9.5	43.0	9.2	47.0	10.6	234.0	9.6	5	100.0
07/29/2006 12:00	51.0	10.3	47.0	9.6	49.0	10.5	40.0	9.7	49.0	11.3	236.0	10.3	5	100.0
07/29/2006 12:05	50.0	9.3	47.0	8.6	40.0	8.0	41.0	8.5	47.0	10.8	225.0	9.0	5	100.0
07/29/2006 12:10	49.0	9.2	49.0	9.0	42.0	8.5	40.0	8.3	48.0	10.3	228.0	9.1	5	100.0
07/29/2006 12:15	51.0	9.7	45.0	8.9	45.0	9.3	42.0	9.7	45.0	10.5	228.0	9.6	5	100.0
07/29/2006 12:20	51.0	9.7	41.0	8.3	42.0	9.5	43.0	9.3	44.0	10.8	221.0	9.5	5	100.0
07/29/2006 12:25	50.0	9.6	49.0	9.4	44.0	9.3	41.0	9.1	49.0	11.4	233.0	9.8	5	100.0
07/29/2006 12:30	54.0	10.6	52.0	10.8	48.0	11.0	46.0	10.2	50.0	12.6	250.0	11.0	5	100.0
07/29/2006 12:35	46.0	13.1	43.0	12.3	38.0	12.9	39.0	13.3	44.0	14.8	210.0	13.3	5	100.0
07/29/2006 12:40	46.0	10.4	44.0	10.5	41.0	11.1	39.0	10.2	43.0	16.0	213.0	11.6	5	100.0
07/29/2006 12:45	52.0	11.3	47.0	10.3	43.0	12.3	41.0	9.3	46.0	11.7	229.0	11.0	5	100.0
07/29/2006 12:50	51.0	11.6	48.0	10.9	45.0	11.6	46.0	12.0	46.0	12.9	236.0	11.8	5	100.0
07/29/2006 12:55	46.0	8.4	44.0	8.3	45.0	8.8	40.0	8.5	43.0	9.7	218.0	8.7	5	100.0
07/29/2006 13:00	29.0	5.5	29.0	5.8	23.0	5.6	19.0	4.4	24.0	5.2	124.0	5.3	5	100.0
07/29/2006 13:05	45.0	10.5	46.0	11.2	45.0	10.8	38.0	9.2	45.0	11.6	219.0	10.6	5	100.0
07/29/2006 13:10	47.0	9.9	44.0	9.7	46.0	10.8	41.0	10.7	44.0	11.2	222.0	10.5	5	100.0
07/29/2006 13:15	54.0	11.3	50.0	10.8	44.0	11.6	43.0	10.8	49.0	14.3	240.0	11.7	5	100.0
07/29/2006 13:20	47.0	17.3	47.0	15.9	43.0	14.1	40.0	12.1	43.0	17.2	220.0	15.3	5	100.0
07/29/2006 13:25	44.0	10.4	45.0	11.7	44.0	11.6	36.0	10.2	42.0	12.1	211.0	11.2	5	100.0
07/29/2006 13:30	50.0	10.7	47.0	10.0	45.0	10.7	37.0	9.7	46.0	12.9	225.0	10.8	5	100.0
07/29/2006 13:35	47.0	8.7	49.0	9.1	45.0	9.3	44.0	9.1	47.0	10.3	232.0	9.3	5	100.0
07/29/2006 13:40	49.0	10.1	47.0	9.7	42.0	10.2	43.0	9.4	50.0	12.2	231.0	10.3	5	100.0
07/29/2006 13:45	49.0	11.8	45.0	11.3	45.0	11.7	41.0	10.1	41.0	11.3	221.0	11.3	5	100.0
07/29/2006 13:50	49.0	11.2	45.0	10.4	43.0	11.3	40.0	10.3	43.0	11.0	220.0	10.9	5	100.0
07/29/2006 13:55	51.0	11.1	50.0	10.8	42.0	9.9	42.0	9.7	49.0	11.3	234.0	10.6	5	100.0
07/29/2006 14:00	49.0	10.6	45.0	9.8	46.0	10.7	39.0	9.8	45.0	11.5	224.0	10.5	5	100.0
07/29/2006 14:05	48.0	14.5	46.0	12.4	42.0	10.9	43.0	11.6	45.0	11.5	224.0	12.2	5	100.0
07/29/2006 14:10	49.0	15.2	47.0	13.4	41.0	12.9	44.0	12.2	48.0	13.7	229.0	13.5	5	100.0
07/29/2006 14:15	49.0	10.8	46.0	10.1	36.0	9.7	41.0	9.6	43.0	10.7	215.0	10.2	5	100.0
07/29/2006 14:20	53.0	11.9	46.0	10.3	51.0	12.1	44.0	11.1	51.0	12.5	245.0	11.6	5	100.0
07/29/2006 14:25	55.0	12.0	48.0	11.2	42.0	10.7	41.0	9.9	49.0	13.1	235.0	11.4	5	100.0
07/29/2006 14:30	49.0	16.0	45.0	17.2	43.0	15.9	40.0	14.7	44.0	16.1	221.0	16.0	5	100.0
07/29/2006 14:35	46.0	12.9	44.0	12.2	39.0	12.4	39.0	12.1	40.0	14.7	208.0	12.9	5	100.0
07/29/2006 14:40	46.0	10.7	47.0	10.9	41.0	10.1	36.0	9.7	44.0	11.6	214.0	10.6	5	100.0
07/29/2006 14:45	51.0	12.5	47.0	11.7	43.0	12.3	45.0	12.9	43.0	15.4	229.0	13.0	5	100.0
07/29/2006 14:50	49.0	11.1	45.0	11.0	51.0	12.5	39.0	11.0	42.0	13.1	226.0	11.7	5	100.0
07/29/2006 14:55	53.0	10.5	47.0	10.1	45.0	10.4	43.0	10.2	47.0	12.8	235.0	10.8	5	100.0
07/29/2006 15:00	47.0	9.3	48.0	9.8	45.0	10.3	38.0	9.0	43.0	10.1	221.0	9.7	5	100.0
07/29/2006 15:05	49.0	10.1	43.0	9.3	46.0	10.7	39.0	8.9	46.0	10.5	223.0	9.9	5	100.0
07/29/2006 15:10	47.0	11.0	44.0	10.5	42.0	11.4	39.0	10.2	44.0	11.9	216.0	11.0	5	100.0
07/29/2006 15:15	49.0	10.8	47.0	11.0	41.0	11.5	41.0	11.1	44.0	11.7	222.0	11.2	5	100.0
07/29/2006 15:20	44.0	14.6	41.0	14.9	41.0	14.4	41.0	15.4	43.0	14.7	210.0	14.8	5	100.0
07/29/2006 15:25	48.0	12.4	45.0	12.2	41.0	12.1	43.0	12.7	41.0	11.5	218.0	12.2	5	100.0
07/29/2006 15:30	51.0	11.1	46.0	11.1	44.0	11.3	43.0	11.1	44.0	11.4	228.0	11.2	5	100.0
07/29/2006 15:35	53.0	10.1	45.0	9.1	46.0	9.9	43.0	9.4	46.0	10.5	233.0	9.8	5	100.0
07/29/2006 15:40	55.0	11.3	51.0	10.6	47.0	10.7	44.0	9.7	45.0	10.1	242.0	10.5	5	100.0
07/29/2006 15:45	52.0	10.9	51.0	10.7	47.0	10.8	46.0	10.8	48.0	11.5	244.0	10.9	5	100.0
07/29/2006 15:50	49.0	9.7	48.0	9.7	43.0	9.5	49.0	10.4	42.0	9.6	231.0	9.8	5	100.0
07/29/2006 15:55	46.0	15.5	44.0	15.7	42.0	14.8	42.0	15.1	43.0	13.9	217.0	15.0	5	100.0
07/29/2006 16:00	45.0	11.7	48.0	12.2	43.0	11.7	43.0	11.1	44.0	11.8	223.0	11.7	5	100.0
07/29/2006 16:05	51.0	12.2	45.0	11.4	42.0	10.9	46.0	11.5	43.0	10.8	227.0	11.4	5	100.0
07/29/2006 16:10	56.0	12.3	50.0	11.4	46.0	11.9	42.0	10.9	44.0	11.4	238.0	11.6	5	100.0
07/29/2006 16:15	51.0	10.7	45.0	10.1	45.0	10.7	41.0	10.1	47.0	11.4	229.0	10.6	5	100.0
07/29/2006 16:20	53.0	10.5	47.0	9.5	41.0	9.0	45.0	9.7	45.0	9.9	231.0	9.7	5	100.0
07/29/2006 16:25	49.0	10.3	48.0	10.6	46.0	10.6	44.0	10.4	43.0	10.8	230.0	10.5	5	100.0
07/29/2006 16:30	53.0	13.9	49.0	13.5	45.0	13.8	44.0	13.7	42.0	13.1	233.0	13.6	5	100.0
07/29/2006 16:35	48.0	16.9	45.0	15.3	43.0	14.1	43.0	13.7	42.0	12.5	221.0	14.5	5	100.0
07/29/2006 16:40	50.0	13.9	43.0	11.9	43.0	12.6	43.0	12.7	42.0	11.3	221.0	12.5	5	100.0
07/29/2006 16:45	49.0	12.3	47.0	11.9	42.0	11.6	45.0	12.3	45.0	11.7	228.0	12.0	5	100.0
07/29/2006 16:50	50.0	10.9	50.0	11.1	46.0	11.8	44.0	11.4	44.0	10.6	234.0	11.1	5	100.0
07/29/2006 16:55	54.0	10.9	47.0	10.1	49.0	11.7	40.0	10.2	45.0	10.2	235.0	10.6	5	100.0
07/29/2006 17:00	50.0	9.3	50.0	9.5	43.0	9.1	43.0	9.1	42.0	9.2	228.0	9.3	5	100.0
07/29/2006 17:05	52.0	14.6	47.0	12.3	47.0	11.8	45.0	12.4	45.0	12.1	236.0	12.6	5	100.0
07/29/2006 17:10	45.0	11.6	42.0	11.0	39.0	11.5	42.0	11.0	41.0	11.3	209.0	11.3	5	100.0
07/29/2006 17:15	52.0	11.5	46.0	10.6	42.0	11.1	43.0	10.8	45.0	11.7	228.0	11.2	5	100.0
07/29/2006 17:20	51.0	14.1	45.0	12.9	44.0	12.8	46.0	12.3	44.0	11.7	230.0	12.8	5	100.0
07/29/2006 17:25	49.0	15.0	45.0	14.3	43.0	13.4	41.0	11.9	39.0	10.7	217.0	13.1	5	100.0
07/29/2006 17:30	48.0	11.3	45.0	11.5	43.0	11.5	42.0	11.7	41.0	11.5	219.0	11.5	5	100.0
07/29/2006 17:35	50.0	12.2	47.0	12.1	43.0	12.0	37.0	10.0	45.0	11.3	222.0	11.5	5	100.0
07/29/2006 17:40	49.0	12.2	44.0	11.1	43.0	11.9	39.0	10.3	43.0	11.2	218.0	11.4	5	100.0
07/29/2006 17:45	51.0	12.9	43.0	11.5	39.0	10.8	42.0	11.2	41.0	11.0	216.0	11.5	5	100.0
07/29/2006 17:50	45.0	12.3	43.0	14.3	41.0	13.1	41.0	12.2	39.0	11.5	209.0	12.7	5	100.0
07/29/2006 17:55	51.0	10.3	50.0	10.4	44.0	9.8	38.0	8.6	44.0	10.0	227.0	9.8	5	100.0
07/29/2006 18:00	50.0	9.0	43.0	7.8	38.0	7.3	44.0	8.8	46.0	9.8	221.0	8.6	5	100.0
07/29/2006 18:05	49.0	7.9	47.0	8.0	46.0	8.6	43.0	9.5	50.0	10.9	235.0	9.0	5	100.0
07/29/2006 18:10	41.0	5.7	49.0	7.1	43.0	6.6	45.0	7.6	46.0	7.8	224.0	6.9	5	100.0
07/29/2006 18:15	37.0	4.8	45.0	6.1	40.0	6.0	42.0	6.8	42.0	6.7	206.0	6.1	5	100.0
07/29/2006 18:20	44.0	5.9	47.0	6.5	46.0	6.9	46.0	7.1	52.0	8.6	235.0	7.0	5	100.0
07/29/2006 18:25	44.0	6.1	42.0	6.2	46.0	6.6	42.0	6.4	43.0	7.7	217.0	6.6	5	100.0
07/29/2006 18:30	35.0	4.4	41.0	5.4	45.0	6.9	40.0	6.5	39.0	6.4	200.0	5.9	5	100.0
07/29/2006 18:35	46.0	6.3	51.0	7.1	47.0	7.1	44.0	7.1	45.0	7.4	233.0	7.0	5	100.0
07/29/2006 18:40	33.0	4.3	37.0	5.1	40.0	5.9	46.0	6.9	40.0	6.5	196.0	5.7	5	100.0
07/29/2006 18:45	40.0	5.5	46.0	6.4	43.0	6.4	39.0	6.3	42.0	6.5	210.0	6.2	5	100.0
07/29/2006 18:50	34.0	4.4	35.0	4.9	34.0	4.9	36.0	5.4	35.0	6.1	174.0	5.1	5	100.0
07/29/2006 18:55	35.0	4.5	38.0	5.2	42.0	6.4	36.0	5.5	40.0	6.7	191.0	5.7	5	100.0
07/29/2006 19:00	36.0	4.3	44.0	5.9	41.0	5.9	43.0	7.1	42.0	6.8	206.0	6.0	5	100.0
07/29/2006 19:05	31.0	3.8	39.0	4.9	39.0	5.5	37.0	5.3	38.0	5.8	184.0	5.1	5	100.0
07/29/2006 19:10	35.0	4.4	44.0	5.7	39.0	5.5	41.0	6.0	39.0	5.6	198.0	5.5	5	100.0
07/29/2006 19:15	31.0	4.1	38.0	5.3	32.0	4.5	39.0	5.8	35.0	5.2	175.0	5.0	5	100.0
07/29/2006 19:20	31.0	3.9	35.0	4.9	37.0	5.2	36.0	5.4	39.0	5.9	178.0	5.0	5	100.0
07/29/2006 19:25	31.0	3.8	43.0	5.5	36.0	5.5	34.0	5.1	38.0	5.9	182.0	5.2	5	100.0
07/29/2006 19:30	31.0	4.1	35.0	4.7	35.0	4.8	35.0	5.3	29.0	5.3	165.0	4.8	5	100.0
07/29/2006 19:35	27.0	3.5	30.0	4.0	35.0	4.9	28.0	4.2	35.0	5.1	155.0	4.3	5	100.0
07/29/2006 19:40	31.0	4.1	39.0	5.2	33.0	4.6	37.0	5.4	33.0	5.0	173.0	4.9	5	100.0
07/29/2006 19:45	32.0	4.1	39.0	5.3	35.0	5.4	35.0	5.4	37.0	5.9	178.0	5.2	5	100.0
07/29/2006 19:50	34.0	4.4	41.0	5.4	39.0	5.6	39.0	5.9	36.0	6.1	189.0	5.5	5	100.0
07/29/2006 19:55	31.0	3.8	36.0	4.7	35.0	4.8	34.0	4.9	34.0	5.4	170.0	4.7	5	100.0
07/29/2006 20:00	32.0	4.1	39.0	5.2	34.0	4.9	32.0	4.8	30.0	4.6	167.0	4.7	5	100.0
07/29/2006 20:05	33.0	4.6	37.0	5.2	33.0	5.4	32.0	5.1	30.0	4.6	165.0	5.0	5	100.0
07/29/2006 20:10	26.0	3.6	32.0	4.4	32.0	4.4	30.0	4.6	33.0	4.9	153.0	4.4	5	100.0
07/29/2006 20:15	34.0	4.5	36.0	5.1	38.0	5.2	31.0	4.6	34.0	5.3	173.0	4.9	5	100.0
07/29/2006 20:20	36.0	4.6	36.0	4.8	37.0	5.2	32.0	5.1	29.0	4.7	170.0	4.9	5	100.0
07/29/2006 20:25	28.0	3.6	36.0	4.7	33.0	4.9	26.0	3.7	29.0	4.3	152.0	4.3	5	100.0
07/29/2006 20:30	21.0	2.7	21.0	2.9	22.0	3.1	24.0	3.6	19.0	3.1	107.0	3.1	5	100.0
07/29/2006 20:35	27.0	3.6	32.0	4.4	31.0	4.4	32.0	4.6	31.0	4.9	153.0	4.4	5	100.0
07/29/2006 20:40	33.0	4.4	39.0	5.7	38.0	5.9	34.0	5.9	32.0	5.2	176.0	5.4	5	100.0
07/29/2006 20:45	27.0	3.6	35.0	4.7	32.0	4.8	35.0	5.4	33.0	5.1	162.0	4.7	5	100.0
07/29/2006 20:50	28.0	3.6	36.0	4.9	37.0	5.6	38.0	6.4	37.0	6.1	176.0	5.3	5	100.0
07/29/2006 20:55	28.0	3.8	34.0	4.7	34.0	5.3	36.0	5.6	29.0	4.9	161.0	4.9	5	100.0
07/29/2006 21:00	27.0	3.7	31.0	4.1	39.0	5.2	34.0	5.2	31.0	5.4	162.0	4.7	5	100.0
07/29/2006 21:05	27.0	3.7	35.0	4.8	39.0	5.6	43.0	6.7	38.0	6.4	182.0	5.4	5	100.0
07/29/2006 21:10	27.0	3.4	36.0	4.7	40.0	6.1	35.0	5.9	31.0	5.1	169.0	5.0	5	100.0
07/29/2006 21:15	28.0	3.9	37.0	5.1	34.0	5.4	36.0	5.5	37.0	6.6	172.0	5.3	5	100.0
07/29/2006 21:20	26.0	3.4	37.0	4.9	37.0	5.6	36.0	6.1	38.0	6.8	174.0	5.4	5	100.0
07/29/2006 21:25	27.0	5.5	31.0	6.7	31.0	8.0	35.0	6.9	30.0	6.0	154.0	6.6	5	100.0
07/29/2006 21:30	26.0	3.5	30.0	4.1	31.0	4.2	41.0	5.8	26.0	4.6	154.0	4.4	5	100.0
07/29/2006 21:35	34.0	4.6	41.0	5.8	39.0	5.9	39.0	5.7	38.0	6.1	191.0	5.6	5	100.0
07/29/2006 21:40	36.0	4.9	41.0	5.9	38.0	5.8	38.0	5.9	35.0	5.8	188.0	5.7	5	100.0
07/29/2006 21:45	30.0	3.8	30.0	4.2	37.0	5.9	30.0	5.3	35.0	5.8	162.0	5.0	5	100.0
07/29/2006 21:50	19.0	2.6	31.0	4.3	26.0	3.6	27.0	4.1	32.0	5.1	135.0	3.9	5	100.0
07/29/2006 21:55	16.0	1.8	24.0	3.2	30.0	4.1	27.0	4.2	26.0	3.9	123.0	3.4	5	100.0
07/29/2006 22:00	28.0	3.8	38.0	5.1	35.0	4.9	38.0	6.1	33.0	5.7	172.0	5.1	5	100.0
07/29/2006 22:05	25.0	3.0	42.0	5.4	39.0	5.5	38.0	5.5	38.0	5.9	182.0	5.1	5	100.0
07/29/2006 22:10	23.0	2.9	32.0	4.2	32.0	4.5	34.0	5.1	32.0	4.8	153.0	4.3	5	100.0
07/29/2006 22:15	31.0	4.3	34.0	4.9	41.0	6.1	39.0	6.3	31.0	5.1	176.0	5.4	5	100.0
07/29/2006 22:20	31.0	4.2	31.0	4.1	28.0	4.3	33.0	5.2	24.0	3.5	147.0	4.3	5	100.0
07/29/2006 22:25	27.0	3.7	35.0	5.0	38.0	5.7	33.0	4.9	35.0	6.0	168.0	5.1	5	100.0
07/29/2006 22:30	29.0	3.9	42.0	5.7	33.0	5.0	36.0	5.6	28.0	4.5	168.0	5.0	5	100.0
07/29/2006 22:35	21.0	2.9	33.0	4.1	31.0	4.5	29.0	4.4	24.0	3.7	138.0	3.9	5	100.0
07/29/2006 22:40	29.0	3.8	32.0	4.3	37.0	5.1	31.0	4.9	35.0	5.6	164.0	4.7	5	100.0
07/29/2006 22:45	27.0	3.5	33.0	4.4	32.0	4.6	30.0	4.9	28.0	4.4	150.0	4.4	5	100.0
07/29/2006 22:50	15.0	2.0	18.0	2.4	18.0	2.5	18.0	2.6	15.0	2.3	84.0	2.4	5	100.0
07/29/2006 22:55	27.0	3.5	28.0	3.9	29.0	4.1	33.0	4.8	31.0	4.8	148.0	4.2	5	100.0
07/29/2006 23:00	28.0	3.5	33.0	4.4	34.0	4.8	33.0	4.9	33.0	5.2	161.0	4.6	5	100.0
07/29/2006 23:05	22.0	3.0	31.0	4.1	26.0	3.9	29.0	4.4	32.0	5.0	140.0	4.1	5	100.0
07/29/2006 23:10	23.0	2.8	30.0	4.0	30.0	4.1	32.0	4.9	28.0	4.4	143.0	4.1	5	100.0
07/29/2006 23:15	23.0	2.9	30.0	3.7	31.0	4.5	32.0	5.1	26.0	4.1	142.0	4.1	5	100.0
07/29/2006 23:20	26.0	3.3	35.0	4.6	35.0	4.9	32.0	4.6	33.0	4.7	161.0	4.4	5	100.0
07/29/2006 23:25	19.0	2.3	25.0	3.1	23.0	3.0	25.0	3.5	21.0	3.3	113.0	3.0	5	100.0
07/29/2006 23:30	17.0	2.1	25.0	3.3	29.0	3.9	27.0	4.1	25.0	3.7	123.0	3.4	5	100.0
07/29/2006 23:35	22.0	2.7	25.0	3.2	29.0	3.9	31.0	4.5	25.0	3.8	132.0	3.6	5	100.0
07/29/2006 23:40	23.0	2.9	34.0	4.4	35.0	5.1	32.0	4.9	27.0	4.1	151.0	4.3	5	100.0
07/29/2006 23:45	18.0	2.3	26.0	3.4	28.0	3.8	24.0	3.4	24.0	3.9	120.0	3.4	5	100.0
07/29/2006 23:50	19.0	2.4	25.0	3.4	29.0	4.0	25.0	3.7	21.0	3.3	119.0	3.4	5	100.0
07/29/2006 23:55	15.0	1.9	22.0	2.9	27.0	3.6	23.0	3.4	22.0	3.5	109.0	3.1	5	100.0
07/30/2006 00:00	19.0	2.1	26.0	3.4	29.0	4.0	27.0	3.8	24.0	3.5	125.0	3.4	5	100.0
07/30/2006 00:05	17.0	2.0	27.0	3.4	27.0	3.7	23.0	3.1	22.0	3.6	116.0	3.2	5	100.0
07/30/2006 00:10	11.0	1.4	21.0	2.9	20.0	2.6	21.0	3.0	19.0	2.9	92.0	2.6	5	100.0
07/30/2006 00:15	10.0	1.3	18.0	2.4	19.0	2.9	19.0	2.8	17.0	2.3	83.0	2.4	5	100.0
07/30/2006 00:20	15.0	1.9	24.0	3.4	21.0	3.1	26.0	4.0	26.0	4.3	112.0	3.3	5	100.0
07/30/2006 00:25	9.0	1.0	12.0	1.5	18.0	2.1	18.0	2.3	15.0	2.5	72.0	1.9	5	100.0
07/30/2006 00:30	11.0	1.3	20.0	2.6	20.0	2.8	19.0	3.1	13.0	2.0	83.0	2.4	5	100.0
07/30/2006 00:35	11.0	1.1	18.0	2.2	18.0	2.3	15.0	2.1	15.0	2.6	77.0	2.1	5	100.0
07/30/2006 00:40	11.0	1.4	19.0	2.4	19.0	2.7	19.0	2.9	19.0	2.8	87.0	2.4	5	100.0
07/30/2006 00:45	9.0	1.2	10.0	1.2	18.0	2.4	15.0	2.2	13.0	1.8	65.0	1.7	5	100.0
07/30/2006 00:50	11.0	1.3	16.0	1.9	18.0	2.1	14.0	2.4	13.0	2.0	72.0	1.9	5	100.0
07/30/2006 00:55	9.0	1.2	17.0	2.3	18.0	2.5	18.0	2.8	13.0	1.8	75.0	2.1	5	100.0
07/30/2006 01:00	4.0	0.4	10.0	1.2	13.0	1.7	14.0	2.1	13.0	2.3	54.0	1.6	5	100.0
07/30/2006 01:05	5.0	0.5	15.0	1.5	16.0	2.0	11.0	1.7	11.0	1.7	58.0	1.5	5	100.0
07/30/2006 01:10	9.0	0.9	14.0	1.6	14.0	1.7	14.0	1.9	14.0	2.2	65.0	1.7	5	100.0
07/30/2006 01:15	4.0	0.5	11.0	1.4	16.0	2.0	13.0	1.9	16.0	2.2	60.0	1.6	5	100.0
07/30/2006 01:20	4.0	0.4	9.0	1.0	16.0	1.9	17.0	2.3	11.0	1.4	57.0	1.4	5	100.0
07/30/2006 01:25	6.0	0.7	14.0	1.6	13.0	1.7	12.0	2.1	12.0	2.0	57.0	1.6	5	100.0
07/30/2006 01:30	9.0	1.0	16.0	2.1	12.0	1.8	13.0	1.8	12.0	1.9	62.0	1.7	5	100.0
07/30/2006 01:35	5.0	0.5	11.0	1.5	15.0	1.9	17.0	2.3	10.0	1.4	58.0	1.5	5	100.0
07/30/2006 01:40	3.0	0.4	9.0	1.1	11.0	1.2	13.0	1.5	9.0	1.2	45.0	1.1	5	100.0
07/30/2006 01:45	5.0	0.5	12.0	1.5	11.0	1.5	12.0	1.5	10.0	1.4	50.0	1.3	5	100.0
07/30/2006 01:50	6.0	0.8	14.0	1.6	11.0	1.3	11.0	1.4	9.0	1.3	51.0	1.3	5	100.0
07/30/2006 01:55	5.0	0.5	13.0	1.5	13.0	2.0	11.0	1.6	11.0	1.9	53.0	1.5	5	100.0
07/30/2006 02:00	5.0	0.5	15.0	1.7	15.0	2.1	15.0	2.5	11.0	1.9	61.0	1.8	5	100.0
07/30/2006 02:05	4.0	0.4	16.0	1.9	17.0	2.1	16.0	2.1	12.0	1.9	65.0	1.7	5	100.0
07/30/2006 02:10	4.0	0.4	10.0	1.1	10.0	1.3	16.0	2.3	14.0	2.0	54.0	1.4	5	100.0
07/30/2006 02:15	4.0	0.4	8.0	0.9	11.0	1.4	10.0	1.4	10.0	1.3	43.0	1.1	5	100.0
07/30/2006 02:20	4.0	0.5	13.0	1.5	11.0	1.5	15.0	1.9	11.0	1.4	54.0	1.4	5	100.0
07/30/2006 02:25	1.0	0.2	5.0	0.6	6.0	0.7	7.0	1.1	7.0	1.1	26.0	0.8	5	100.0
07/30/2006 02:30	4.0	0.3	9.0	1.0	11.0	1.4	10.0	1.2	9.0	1.2	43.0	1.0	5	100.0
07/30/2006 02:35	3.0	0.3	9.0	1.2	10.0	1.1	13.0	1.7	10.0	1.9	45.0	1.2	5	100.0
07/30/2006 02:40	4.0	0.5	11.0	1.3	10.0	1.4	13.0	1.7	8.0	1.3	46.0	1.3	5	100.0
07/30/2006 02:45	6.0	0.6	12.0	1.5	13.0	1.7	9.0	1.5	7.0	1.0	47.0	1.3	5	100.0
07/30/2006 02:50	5.0	0.5	13.0	1.6	13.0	1.6	9.0	1.3	8.0	1.2	48.0	1.2	5	100.0
07/30/2006 02:55	6.0	0.6	9.0	1.1	8.0	1.2	10.0	1.1	8.0	1.3	41.0	1.1	5	100.0
07/30/2006 03:00	1.0	0.1	5.0	0.7	8.0	1.2	7.0	0.7	8.0	1.0	29.0	0.7	5	100.0
07/30/2006 03:05	2.0	0.2	7.0	0.8	8.0	1.1	10.0	1.4	6.0	0.9	33.0	0.9	5	100.0
07/30/2006 03:10	5.0	0.5	12.0	1.5	8.0	1.1	9.0	1.2	7.0	1.1	41.0	1.1	5	100.0
07/30/2006 03:15	2.0	0.2	5.0	0.5	8.0	1.0	9.0	1.4	5.0	0.9	29.0	0.8	5	100.0
07/30/2006 03:20	3.0	0.3	4.0	0.5	5.0	0.8	7.0	0.8	10.0	1.3	29.0	0.7	5	100.0
07/30/2006 03:25	3.0	0.3	8.0	0.8	5.0	0.6	7.0	1.3	6.0	1.0	29.0	0.8	5	100.0
07/30/2006 03:30	1.0	0.1	8.0	1.0	6.0	0.8	6.0	0.6	5.0	0.7	26.0	0.6	5	100.0
07/30/2006 03:35	1.0	0.1	5.0	0.5	7.0	0.7	9.0	1.3	7.0	1.1	29.0	0.8	5	100.0
07/30/2006 03:40	2.0	0.2	6.0	0.6	7.0	0.9	10.0	1.2	6.0	0.9	31.0	0.7	5	100.0
07/30/2006 03:45	3.0	0.3	7.0	0.7	7.0	1.0	7.0	1.1	8.0	1.3	32.0	0.9	5	100.0
07/30/2006 03:50	2.0	0.2	7.0	0.9	7.0	0.9	11.0	1.4	9.0	1.3	36.0	0.9	5	100.0
07/30/2006 03:55	3.0	0.3	7.0	0.9	9.0	1.1	10.0	1.3	11.0	1.5	40.0	1.0	5	100.0
07/30/2006 04:00	2.0	0.2	7.0	0.8	6.0	0.8	8.0	1.0	6.0	0.8	29.0	0.7	5	100.0
07/30/2006 04:05	2.0	0.3	8.0	1.1	7.0	0.9	8.0	1.4	4.0	0.6	29.0	0.9	5	100.0
07/30/2006 04:10	2.0	0.2	8.0	0.9	8.0	0.9	6.0	0.9	5.0	0.6	29.0	0.7	5	100.0
07/30/2006 04:15	2.0	0.2	5.0	0.7	5.0	0.5	5.0	0.6	5.0	0.7	22.0	0.5	5	100.0
07/30/2006 04:20	1.0	0.1	9.0	1.1	11.0	1.3	10.0	1.7	5.0	0.6	36.0	1.0	5	100.0
07/30/2006 04:25	3.0	0.3	5.0	0.6	6.0	0.7	8.0	1.3	4.0	0.7	26.0	0.7	5	100.0
07/30/2006 04:30	0.0	0.0	2.0	0.2	6.0	0.7	5.0	0.6	4.0	0.5	17.0	0.4	5	100.0
07/30/2006 04:35	1.0	0.1	2.0	0.2	5.0	0.7	8.0	1.0	3.0	0.4	19.0	0.5	5	100.0
07/30/2006 04:40	0.0	0.0	5.0	0.5	4.0	0.5	4.0	0.8	4.0	0.6	17.0	0.5	5	100.0
07/30/2006 04:45	3.0	0.3	9.0	1.1	4.0	0.5	1.0	0.1	1.0	0.3	18.0	0.5	5	100.0
07/30/2006 04:50	1.0	0.1	5.0	0.8	5.0	0.9	2.0	0.3	5.0	0.6	18.0	0.5	5	100.0
07/30/2006 04:55	4.0	0.5	7.0	0.8	7.0	0.8	2.0	0.2	4.0	0.4	24.0	0.5	5	100.0
07/30/2006 05:00	3.0	0.3	5.0	0.6	2.0	0.6	2.0	0.2	2.0	0.3	14.0	0.4	5	100.0
07/30/2006 05:05	5.0	0.5	9.0	1.0	4.0	0.4	2.0	0.2	1.0	0.3	21.0	0.5	5	100.0
07/30/2006 05:10	1.0	0.1	6.0	0.8	5.0	0.6	2.0	0.5	3.0	0.4	17.0	0.5	5	100.0
07/30/2006 05:15	3.0	0.3	8.0	0.9	5.0	0.9	1.0	0.1	4.0	0.8	21.0	0.6	5	100.0
07/30/2006 05:20	1.0	0.1	8.0	1.1	6.0	0.7	2.0	0.2	1.0	0.1	18.0	0.5	5	100.0
07/30/2006 05:25	3.0	0.3	11.0	1.3	3.0	0.4	4.0	0.7	1.0	0.1	22.0	0.6	5	100.0
07/30/2006 05:30	3.0	0.3	7.0	1.0	7.0	1.0	6.0	0.6	3.0	0.3	26.0	0.6	5	100.0
07/30/2006 05:35	2.0	0.2	10.0	1.3	7.0	0.9	5.0	0.6	5.0	0.8	29.0	0.8	5	100.0
07/30/2006 05:40	2.0	0.2	9.0	0.9	7.0	0.9	4.0	0.6	1.0	0.1	23.0	0.6	5	100.0
07/30/2006 05:45	1.0	0.1	6.0	0.6	9.0	1.0	2.0	0.4	3.0	0.6	21.0	0.6	5	100.0
07/30/2006 05:50	1.0	0.1	1.0	0.1	2.0	0.3	0.0	0.0	2.0	0.2	6.0	0.1	5	100.0
07/30/2006 05:55	1.0	0.1	12.0	1.4	7.0	0.8	4.0	0.6	3.0	0.3	27.0	0.6	5	100.0
07/30/2006 06:00	1.0	0.1	4.0	0.5	9.0	1.3	8.0	1.1	7.0	0.8	29.0	0.8	5	100.0
07/30/2006 06:05	1.0	0.1	7.0	0.8	8.0	1.3	7.0	1.2	5.0	0.6	28.0	0.8	5	100.0
07/30/2006 06:10	2.0	0.2	4.0	0.4	9.0	1.3	9.0	1.1	7.0	1.1	31.0	0.8	5	100.0
07/30/2006 06:15	2.0	0.2	10.0	1.1	10.0	1.3	11.0	1.7	8.0	1.1	41.0	1.1	5	100.0
07/30/2006 06:20	1.0	0.1	7.0	0.9	11.0	1.4	12.0	1.8	6.0	0.9	37.0	1.0	5	100.0
07/30/2006 06:25	1.0	0.1	9.0	1.0	11.0	1.3	10.0	1.6	8.0	1.1	39.0	1.0	5	100.0
07/30/2006 06:30	4.0	0.4	9.0	1.1	11.0	1.3	7.0	0.9	6.0	1.2	37.0	1.0	5	100.0
07/30/2006 06:35	1.0	0.1	9.0	1.1	10.0	1.2	8.0	1.6	9.0	1.7	37.0	1.1	5	100.0
07/30/2006 06:40	4.0	0.4	11.0	1.1	11.0	1.5	16.0	1.9	6.0	0.9	48.0	1.1	5	100.0
07/30/2006 06:45	1.0	0.1	10.0	1.2	15.0	1.9	12.0	1.8	13.0	2.1	51.0	1.4	5	100.0
07/30/2006 06:50	4.0	0.4	10.0	1.3	11.0	1.3	9.0	1.1	6.0	1.0	40.0	1.0	5	100.0
07/30/2006 06:55	1.0	0.1	6.0	0.6	6.0	0.7	7.0	0.9	5.0	0.9	25.0	0.6	5	100.0
07/30/2006 07:00	5.0	0.5	12.0	1.3	13.0	1.6	13.0	2.1	11.0	1.5	54.0	1.4	5	100.0
07/30/2006 07:05	6.0	0.6	13.0	1.5	13.0	1.9	14.0	1.8	9.0	0.9	55.0	1.3	5	100.0
07/30/2006 07:10	9.0	0.9	15.0	1.6	15.0	2.0	12.0	1.9	7.0	0.9	58.0	1.5	5	100.0
07/30/2006 07:15	7.0	0.8	16.0	2.0	18.0	2.5	16.0	2.2	13.0	1.6	70.0	1.8	5	100.0
07/30/2006 07:20	6.0	0.7	16.0	1.8	15.0	2.0	18.0	3.0	10.0	1.5	65.0	1.8	5	100.0
07/30/2006 07:25	5.0	0.7	16.0	2.1	18.0	2.4	15.0	2.4	9.0	1.4	63.0	1.8	5	100.0
07/30/2006 07:30	8.0	0.9	17.0	1.8	19.0	2.5	18.0	2.4	14.0	2.2	76.0	2.0	5	100.0
07/30/2006 07:35	7.0	0.8	20.0	2.4	16.0	2.1	17.0	2.7	10.0	1.2	70.0	1.8	5	100.0
07/30/2006 07:40	12.0	1.4	26.0	3.2	18.0	2.4	26.0	3.6	14.0	2.6	96.0	2.6	5	100.0
07/30/2006 07:45	11.0	1.3	21.0	2.9	19.0	2.5	22.0	3.7	14.0	2.2	87.0	2.5	5	100.0
07/30/2006 07:50	7.0	0.9	16.0	2.1	18.0	2.3	17.0	2.5	17.0	2.7	75.0	2.1	5	100.0
07/30/2006 07:55	10.0	1.1	19.0	2.2	18.0	2.6	18.0	3.1	23.0	3.4	88.0	2.5	5	100.0
07/30/2006 08:00	9.0	1.2	21.0	2.7	20.0	2.6	20.0	2.8	12.0	1.8	82.0	2.2	5	100.0
07/30/2006 08:05	10.0	1.1	24.0	2.9	24.0	3.1	22.0	2.9	19.0	2.5	99.0	2.5	5	100.0
07/30/2006 08:10	3.0	0.4	13.0	1.5	11.0	1.4	11.0	1.7	9.0	1.4	47.0	1.3	5	100.0
07/30/2006 08:15	11.0	1.2	19.0	2.6	19.0	2.8	24.0	3.3	19.0	2.7	92.0	2.5	5	100.0
07/30/2006 08:20	10.0	1.2	18.0	2.5	18.0	2.3	23.0	3.3	19.0	2.6	88.0	2.4	5	100.0
07/30/2006 08:25	11.0	1.5	23.0	3.0	26.0	3.5	26.0	3.6	22.0	3.4	108.0	3.0	5	100.0
07/30/2006 08:30	11.0	1.4	27.0	3.4	23.0	2.8	23.0	3.9	19.0	2.9	103.0	2.9	5	100.0
07/30/2006 08:35	16.0	2.0	27.0	3.3	27.0	3.9	26.0	3.7	24.0	3.7	120.0	3.3	5	100.0
07/30/2006 08:40	12.0	1.5	29.0	3.9	23.0	3.0	29.0	4.1	28.0	4.1	121.0	3.3	5	100.0
07/30/2006 08:45	17.0	2.2	24.0	3.1	27.0	3.8	26.0	4.4	28.0	4.0	122.0	3.5	5	100.0
07/30/2006 08:50	16.0	2.0	28.0	3.7	28.0	3.8	23.0	3.4	30.0	4.2	125.0	3.4	5	100.0
07/30/2006 08:55	11.0	1.4	28.0	3.4	23.0	3.1	27.0	4.3	26.0	3.6	115.0	3.2	5	100.0
07/30/2006 09:00	13.0	1.7	25.0	3.2	23.0	3.1	27.0	4.3	24.0	3.5	112.0	3.2	5	100.0
07/30/2006 09:05	18.0	2.3	27.0	3.8	29.0	4.2	28.0	4.0	31.0	4.5	133.0	3.7	5	100.0
07/30/2006 09:10	14.0	1.9	29.0	3.9	27.0	4.1	29.0	4.9	20.0	3.3	119.0	3.6	5	100.0
07/30/2006 09:15	19.0	2.4	29.0	4.1	29.0	4.1	31.0	4.6	34.0	5.4	142.0	4.1	5	100.0
07/30/2006 09:20	21.0	2.5	25.0	3.2	29.0	4.2	33.0	5.3	29.0	4.5	137.0	3.9	5	100.0
07/30/2006 09:25	29.0	3.5	34.0	4.3	33.0	4.6	29.0	4.3	31.0	4.4	156.0	4.2	5	100.0
07/30/2006 09:30	19.0	2.3	35.0	4.7	28.0	4.0	29.0	4.1	31.0	4.9	142.0	4.0	5	100.0
07/30/2006 09:35	29.0	3.9	34.0	4.5	38.0	5.6	35.0	5.4	33.0	5.3	169.0	4.9	5	100.0
07/30/2006 09:40	25.0	3.1	32.0	4.2	33.0	4.9	35.0	5.8	29.0	4.5	154.0	4.5	5	100.0
07/30/2006 09:45	28.0	3.5	43.0	5.8	38.0	5.4	39.0	5.7	41.0	6.1	189.0	5.3	5	100.0
07/30/2006 09:50	26.0	3.4	34.0	4.6	39.0	5.6	34.0	5.5	31.0	5.2	164.0	4.9	5	100.0
07/30/2006 09:55	29.0	3.4	36.0	4.9	36.0	4.9	36.0	5.4	37.0	5.8	174.0	4.9	5	100.0
07/30/2006 10:00	26.0	3.4	37.0	5.0	32.0	4.7	35.0	5.2	40.0	6.0	170.0	4.9	5	100.0
07/30/2006 10:05	28.0	3.6	35.0	4.4	34.0	4.9	36.0	5.2	32.0	4.9	165.0	4.6	5	100.0
07/30/2006 10:10	31.0	3.9	37.0	4.9	38.0	5.2	37.0	5.5	35.0	5.4	178.0	5.0	5	100.0
07/30/2006 10:15	30.0	4.1	45.0	6.0	42.0	5.9	38.0	5.8	38.0	5.8	193.0	5.5	5	100.0
07/30/2006 10:20	17.0	2.2	22.0	3.1	19.0	2.7	23.0	3.4	24.0	3.6	105.0	3.0	5	100.0
07/30/2006 10:25	32.0	4.1	45.0	6.1	43.0	6.5	41.0	6.4	39.0	6.5	200.0	5.9	5	100.0
07/30/2006 10:30	19.0	2.7	26.0	3.5	27.0	4.0	29.0	4.3	28.0	4.1	129.0	3.7	5	100.0
07/30/2006 10:35	29.0	3.7	33.0	4.4	32.0	4.7	33.0	4.9	35.0	5.9	162.0	4.7	5	100.0
07/30/2006 10:40	35.0	4.5	50.0	6.7	44.0	6.5	45.0	7.1	48.0	8.3	222.0	6.6	5	100.0
07/30/2006 10:45	41.0	5.3	41.0	5.8	41.0	6.1	42.0	6.5	49.0	7.9	214.0	6.3	5	100.0
07/30/2006 10:50	34.0	4.3	41.0	5.5	39.0	5.8	43.0	6.9	43.0	6.9	200.0	5.9	5	100.0
07/30/2006 10:55	31.0	4.2	44.0	5.9	45.0	6.3	45.0	7.1	50.0	8.8	215.0	6.5	5	100.0
07/30/2006 11:00	36.0	4.8	42.0	5.6	39.0	6.1	45.0	7.7	51.0	9.1	213.0	6.7	5	100.0
07/30/2006 11:05	38.0	5.0	43.0	5.9	46.0	6.9	44.0	6.8	53.0	8.6	224.0	6.7	5	100.0
07/30/2006 11:10	35.0	4.5	45.0	6.0	40.0	5.7	41.0	6.4	41.0	6.4	202.0	5.8	5	100.0
07/30/2006 11:15	41.0	5.4	44.0	6.4	48.0	7.6	45.0	7.4	57.0	10.1	235.0	7.4	5	100.0
07/30/2006 11:20	35.0	4.7	41.0	5.6	42.0	6.1	49.0	8.0	48.0	8.8	215.0	6.6	5	100.0
07/30/2006 11:25	36.0	4.7	44.0	6.1	41.0	6.3	43.0	6.9	53.0	8.5	217.0	6.5	5	100.0
07/30/2006 11:30	46.0	6.1	42.0	5.9	42.0	6.4	41.0	7.0	52.0	9.0	223.0	6.9	5	100.0
07/30/2006 11:35	39.0	5.3	45.0	6.5	43.0	6.9	44.0	7.9	56.0	10.7	227.0	7.5	5	100.0
07/30/2006 11:40	37.0	5.3	43.0	6.6	48.0	8.1	41.0	8.8	50.0	10.7	219.0	7.9	5	100.0
07/30/2006 11:45	34.0	4.4	40.0	5.4	39.0	5.6	39.0	6.4	52.0	9.1	204.0	6.2	5	100.0
07/30/2006 11:50	42.0	6.3	48.0	7.7	44.0	8.0	40.0	8.7	45.0	10.3	219.0	8.2	5	100.0
07/30/2006 11:55	48.0	7.3	56.0	8.6	49.0	8.2	46.0	8.6	53.0	10.6	252.0	8.6	5	100.0
07/30/2006 12:00	36.0	4.9	43.0	6.0	44.0	6.7	46.0	7.7	51.0	9.4	220.0	6.9	5	100.0
07/30/2006 12:05	41.0	5.5	44.0	6.3	46.0	7.4	43.0	7.3	59.0	10.4	233.0	7.4	5	100.0
07/30/2006 12:10	38.0	5.3	47.0	6.8	43.0	7.2	47.0	7.7	57.0	10.9	232.0	7.6	5	100.0
07/30/2006 12:15	43.0	5.7	46.0	6.3	47.0	7.1	43.0	7.2	50.0	8.7	229.0	7.0	5	100.0
07/30/2006 12:20	35.0	4.9	46.0	6.4	43.0	6.6	51.0	8.3	47.0	8.6	222.0	7.0	5	100.0
07/30/2006 12:25	43.0	5.8	48.0	6.8	50.0	7.5	46.0	7.8	54.0	9.5	241.0	7.5	5	100.0
07/30/2006 12:30	41.0	6.1	48.0	7.1	47.0	7.6	45.0	7.4	45.0	8.4	226.0	7.3	5	100.0
07/30/2006 12:35	41.0	5.6	44.0	6.1	43.0	6.7	44.0	7.1	49.0	8.3	221.0	6.8	5	100.0
07/30/2006 12:40	41.0	5.6	43.0	6.1	51.0	7.9	45.0	7.8	50.0	10.1	230.0	7.5	5	100.0
07/30/2006 12:45	35.0	4.7	44.0	6.3	40.0	6.5	44.0	6.8	54.0	9.1	217.0	6.7	5	100.0
07/30/2006 12:50	44.0	6.3	49.0	7.5	42.0	8.3	38.0	8.7	44.0	16.9	217.0	9.5	5	100.0
07/30/2006 12:55	51.0	9.1	50.0	10.4	40.0	9.7	36.0	12.0	35.0	24.3	212.0	13.1	5	100.0
07/30/2006 13:00	50.0	11.9	46.0	12.0	43.0	12.3	39.0	13.6	43.0	17.4	221.0	13.5	5	100.0
07/30/2006 13:05	49.0	11.6	43.0	10.7	41.0	11.4	39.0	12.0	39.0	18.2	211.0	12.8	5	100.0
07/30/2006 13:10	41.0	16.0	39.0	15.9	41.0	17.4	34.0	14.3	35.0	20.7	190.0	16.9	5	100.0
07/30/2006 13:15	25.0	11.9	21.0	11.1	23.0	14.6	20.0	10.2	19.0	13.8	108.0	12.3	5	100.0
07/30/2006 13:20	38.0	19.8	38.0	21.2	32.0	21.0	31.0	19.6	29.0	22.6	168.0	20.8	5	100.0
07/30/2006 13:25	40.0	19.3	37.0	19.8	33.0	22.5	33.0	22.6	32.0	25.2	175.0	21.9	5	100.0
07/30/2006 13:30	39.0	18.5	39.0	22.6	33.0	24.1	34.0	25.1	29.0	25.8	174.0	23.2	5	100.0
07/30/2006 13:35	41.0	19.7	37.0	18.7	37.0	22.1	31.0	21.0	31.0	24.2	177.0	21.2	5	100.0
07/30/2006 13:40	44.0	11.4	40.0	10.6	39.0	11.8	38.0	11.1	39.0	12.5	200.0	11.5	5	100.0
07/30/2006 13:45	52.0	11.7	50.0	11.3	45.0	10.9	45.0	10.1	45.0	10.3	237.0	10.9	5	100.0
07/30/2006 13:50	51.0	12.5	49.0	12.6	45.0	11.3	46.0	11.3	48.0	11.9	239.0	11.9	5	100.0
07/30/2006 13:55	46.0	13.9	44.0	12.5	44.0	12.6	40.0	12.0	43.0	13.8	217.0	13.0	5	100.0
07/30/2006 14:00	48.0	14.4	46.0	13.4	41.0	13.5	41.0	14.5	43.0	19.1	219.0	15.0	5	100.0
07/30/2006 14:05	47.0	11.9	46.0	11.3	41.0	11.5	43.0	11.4	37.0	11.3	214.0	11.5	5	100.0
07/30/2006 14:10	44.0	10.6	44.0	10.9	41.0	10.7	40.0	9.9	42.0	10.5	211.0	10.5	5	100.0
07/30/2006 14:15	50.0	12.5	49.0	12.9	46.0	12.9	41.0	11.9	48.0	13.7	234.0	12.8	5	100.0
07/30/2006 14:20	42.0	11.4	38.0	10.5	42.0	11.9	36.0	9.8	43.0	12.9	201.0	11.3	5	100.0
07/30/2006 14:25	50.0	12.0	48.0	11.8	43.0	11.8	44.0	10.8	44.0	12.2	229.0	11.7	5	100.0
07/30/2006 14:30	44.0	11.4	47.0	12.3	43.0	12.0	40.0	10.4	40.0	10.4	214.0	11.3	5	100.0
07/30/2006 14:35	46.0	11.1	43.0	10.7	41.0	11.4	38.0	9.5	41.0	10.1	209.0	10.6	5	100.0
07/30/2006 14:40	47.0	10.0	47.0	10.3	40.0	9.7	44.0	9.6	43.0	9.7	221.0	9.9	5	100.0
07/30/2006 14:45	46.0	10.7	44.0	10.0	43.0	10.0	41.0	9.4	39.0	9.3	213.0	9.9	5	100.0
07/30/2006 14:50	49.0	11.0	45.0	10.7	45.0	11.4	41.0	10.3	40.0	10.1	220.0	10.7	5	100.0
07/30/2006 14:55	48.0	11.4	47.0	11.6	42.0	11.4	46.0	11.8	44.0	12.4	227.0	11.7	5	100.0
07/30/2006 15:00	51.0	10.4	45.0	9.6	41.0	10.1	41.0	9.1	44.0	10.6	222.0	10.0	5	100.0
07/30/2006 15:05	49.0	12.9	47.0	12.3	42.0	11.9	39.0	10.5	46.0	12.8	223.0	12.1	5	100.0
07/30/2006 15:10	49.0	11.3	48.0	11.5	44.0	11.0	42.0	10.6	41.0	10.5	224.0	11.0	5	100.0
07/30/2006 15:15	44.0	14.9	44.0	12.0	45.0	12.7	42.0	11.3	42.0	11.6	217.0	12.5	5	100.0
07/30/2006 15:20	50.0	11.5	48.0	11.7	47.0	12.9	42.0	12.0	41.0	12.9	228.0	12.2	5	100.0
07/30/2006 15:25	52.0	12.1	47.0	11.9	46.0	11.7	42.0	10.5	43.0	11.2	230.0	11.5	5	100.0
07/30/2006 15:30	49.0	11.0	46.0	10.1	41.0	9.9	37.0	9.4	44.0	11.2	217.0	10.3	5	100.0
07/30/2006 15:35	49.0	11.3	47.0	11.3	47.0	11.7	44.0	11.6	39.0	10.3	226.0	11.2	5	100.0
07/30/2006 15:40	49.0	13.5	46.0	12.5	46.0	13.3	43.0	12.8	43.0	12.0	227.0	12.8	5	100.0
07/30/2006 15:45	49.0	14.8	44.0	13.2	41.0	13.3	39.0	13.1	41.0	16.5	214.0	14.2	5	100.0
07/30/2006 15:50	48.0	14.4	44.0	13.1	41.0	12.9	38.0	11.7	39.0	12.3	210.0	12.9	5	100.0
07/30/2006 15:55	48.0	11.6	40.0	9.5	41.0	10.7	43.0	10.9	43.0	11.1	215.0	10.8	5	100.0
07/30/2006 16:00	48.0	11.6	44.0	11.4	43.0	11.8	41.0	11.3	43.0	12.1	219.0	11.6	5	100.0
07/30/2006 16:05	51.0	11.8	47.0	11.5	43.0	10.9	46.0	12.1	41.0	10.8	228.0	11.4	5	100.0
07/30/2006 16:10	51.0	9.8	47.0	9.4	46.0	9.7	41.0	9.2	49.0	11.2	234.0	9.9	5	100.0
07/30/2006 16:15	54.0	13.4	46.0	12.2	42.0	11.4	45.0	11.1	43.0	10.7	230.0	11.8	5	100.0
07/30/2006 16:20	45.0	14.1	44.0	13.8	41.0	12.9	45.0	12.6	41.0	11.2	216.0	12.9	5	100.0
07/30/2006 16:25	47.0	15.9	45.0	14.1	44.0	13.9	38.0	12.1	44.0	11.8	218.0	13.6	5	100.0
07/30/2006 16:30	49.0	11.5	47.0	11.3	45.0	10.8	42.0	11.1	40.0	11.3	223.0	11.2	5	100.0
07/30/2006 16:35	47.0	12.0	45.0	11.8	42.0	11.5	42.0	12.5	43.0	12.4	219.0	12.0	5	100.0
07/30/2006 16:40	51.0	12.3	45.0	11.1	48.0	12.3	43.0	12.3	43.0	11.4	230.0	11.9	5	100.0
07/30/2006 16:45	49.0	11.4	47.0	11.4	43.0	10.7	42.0	10.8	43.0	10.7	224.0	11.0	5	100.0
07/30/2006 16:50	55.0	13.3	50.0	12.3	48.0	11.5	48.0	11.8	44.0	11.7	245.0	12.1	5	100.0
07/30/2006 16:55	40.0	12.7	41.0	13.7	37.0	12.6	35.0	12.0	33.0	10.1	186.0	12.2	5	100.0
07/30/2006 17:00	49.0	12.1	46.0	11.3	46.0	12.8	43.0	12.8	46.0	12.8	230.0	12.3	5	100.0
07/30/2006 17:05	49.0	13.5	47.0	12.8	42.0	12.5	40.0	10.7	43.0	11.9	221.0	12.3	5	100.0
07/30/2006 17:10	45.0	10.6	42.0	10.6	43.0	11.2	43.0	11.0	43.0	11.5	216.0	11.0	5	100.0
07/30/2006 17:15	50.0	13.4	46.0	12.7	38.0	10.9	41.0	11.3	38.0	10.3	213.0	11.7	5	100.0
07/30/2006 17:20	51.0	12.4	48.0	12.5	48.0	12.9	44.0	12.4	44.0	12.1	235.0	12.5	5	100.0
07/30/2006 17:25	50.0	11.9	42.0	10.5	49.0	12.9	46.0	11.7	43.0	11.0	230.0	11.6	5	100.0
07/30/2006 17:30	53.0	12.1	48.0	11.6	48.0	12.7	43.0	11.7	44.0	11.9	236.0	12.0	5	100.0
07/30/2006 17:35	49.0	11.3	44.0	11.0	41.0	11.2	43.0	11.2	43.0	11.9	220.0	11.3	5	100.0
07/30/2006 17:40	49.0	10.7	41.0	9.4	43.0	10.9	40.0	10.6	42.0	10.0	215.0	10.3	5	100.0
07/30/2006 17:45	49.0	8.8	46.0	8.6	45.0	8.7	42.0	8.9	48.0	10.3	230.0	9.1	5	100.0
07/30/2006 17:50	37.0	5.1	43.0	5.8	39.0	5.9	45.0	6.9	45.0	7.5	209.0	6.3	5	100.0
07/30/2006 17:55	41.0	5.5	42.0	5.9	47.0	7.1	44.0	6.6	44.0	7.2	218.0	6.4	5	100.0
07/30/2006 18:00	40.0	5.6	46.0	6.6	45.0	7.0	46.0	7.1	41.0	7.0	218.0	6.7	5	100.0
07/30/2006 18:05	43.0	5.6	46.0	6.1	42.0	6.1	45.0	6.8	42.0	6.9	218.0	6.3	5	100.0
07/30/2006 18:10	29.0	3.7	42.0	5.5	40.0	5.7	39.0	5.9	33.0	5.5	183.0	5.2	5	100.0
07/30/2006 18:15	40.0	5.1	43.0	6.0	40.0	6.0	39.0	6.0	39.0	5.9	201.0	5.8	5	100.0
07/30/2006 18:20	41.0	5.1	46.0	6.3	44.0	6.6	40.0	6.1	44.0	7.0	215.0	6.2	5	100.0
07/30/2006 18:25	32.0	4.3	38.0	5.1	36.0	5.3	37.0	6.5	43.0	6.8	186.0	5.6	5	100.0
07/30/2006 18:30	48.0	6.9	51.0	7.6	50.0	7.8	47.0	8.2	43.0	7.4	239.0	7.6	5	100.0
07/30/2006 18:35	39.0	5.2	44.0	5.9	41.0	5.8	41.0	6.5	43.0	7.2	208.0	6.1	5	100.0
07/30/2006 18:40	43.0	5.7	40.0	5.5	37.0	5.4	43.0	6.7	39.0	6.2	202.0	5.9	5	100.0
07/30/2006 18:45	36.0	4.9	39.0	5.2	44.0	6.0	34.0	5.6	35.0	5.1	188.0	5.4	5	100.0
07/30/2006 18:50	32.0	4.1	43.0	5.5	42.0	5.8	42.0	6.2	38.0	5.8	197.0	5.5	5	100.0
07/30/2006 18:55	36.0	4.7	43.0	6.0	41.0	6.1	44.0	7.0	43.0	6.7	207.0	6.1	5	100.0
07/30/2006 19:00	33.0	4.3	40.0	5.4	37.0	5.4	41.0	6.4	38.0	6.1	189.0	5.5	5	100.0
07/30/2006 19:05	34.0	4.4	36.0	5.0	33.0	4.6	42.0	6.4	34.0	5.1	179.0	5.1	5	100.0
07/30/2006 19:10	36.0	4.7	41.0	5.6	38.0	5.5	38.0	5.8	41.0	7.1	194.0	5.7	5	100.0
07/30/2006 19:15	35.0	4.7	39.0	5.1	40.0	6.0	37.0	5.5	39.0	6.1	190.0	5.5	5	100.0
07/30/2006 19:20	38.0	4.9	36.0	5.0	39.0	5.4	38.0	5.7	36.0	5.5	187.0	5.3	5	100.0
07/30/2006 19:25	26.0	3.3	37.0	5.0	39.0	5.5	37.0	6.1	33.0	5.4	172.0	5.1	5	100.0
07/30/2006 19:30	33.0	4.3	37.0	4.8	37.0	5.4	39.0	6.4	41.0	6.8	187.0	5.5	5	100.0
07/30/2006 19:35	26.0	3.3	35.0	4.6	34.0	4.7	35.0	5.4	34.0	5.3	164.0	4.7	5	100.0
07/30/2006 19:40	33.0	4.3	38.0	5.1	38.0	5.6	41.0	6.8	41.0	6.1	191.0	5.6	5	100.0
07/30/2006 19:45	19.0	2.3	30.0	3.8	30.0	4.0	35.0	5.3	27.0	3.9	141.0	3.9	5	100.0
07/30/2006 19:50	38.0	4.9	40.0	5.6	34.0	5.3	41.0	6.3	38.0	5.9	191.0	5.6	5	100.0
07/30/2006 19:55	36.0	4.7	39.0	5.5	41.0	5.6	36.0	5.4	35.0	5.9	187.0	5.4	5	100.0
07/30/2006 20:00	27.0	3.7	36.0	4.9	33.0	5.0	39.0	5.9	33.0	5.4	168.0	5.0	5	100.0
07/30/2006 20:05	29.0	3.9	35.0	4.9	33.0	5.4	29.0	4.6	23.0	3.6	149.0	4.5	5	100.0
07/30/2006 20:10	32.0	4.4	37.0	5.1	35.0	5.0	30.0	4.7	33.0	5.5	167.0	4.9	5	100.0
07/30/2006 20:15	31.0	3.9	38.0	5.3	37.0	5.6	38.0	5.6	36.0	5.6	180.0	5.2	5	100.0
07/30/2006 20:20	17.0	2.3	21.0	3.0	18.0	2.9	21.0	3.0	19.0	2.9	96.0	2.8	5	100.0
07/30/2006 20:25	34.0	4.6	39.0	5.5	36.0	5.5	37.0	5.5	31.0	5.1	177.0	5.2	5	100.0
07/30/2006 20:30	37.0	4.8	37.0	5.1	38.0	5.7	33.0	5.3	31.0	5.3	176.0	5.2	5	100.0
07/30/2006 20:35	31.0	4.1	38.0	5.4	39.0	6.0	32.0	5.4	35.0	5.7	175.0	5.3	5	100.0
07/30/2006 20:40	27.0	3.6	39.0	5.0	35.0	5.2	36.0	5.4	29.0	4.1	166.0	4.7	5	100.0
07/30/2006 20:45	26.0	3.3	38.0	5.1	35.0	5.2	36.0	5.7	33.0	5.3	168.0	4.9	5	100.0
07/30/2006 20:50	30.0	4.0	38.0	5.2	38.0	5.6	37.0	5.5	33.0	5.2	176.0	5.1	5	100.0
07/30/2006 20:55	34.0	4.3	39.0	5.2	36.0	5.2	37.0	5.7	36.0	5.5	182.0	5.2	5	100.0
07/30/2006 21:00	27.0	3.5	34.0	4.8	38.0	5.5	33.0	5.0	28.0	5.1	160.0	4.8	5	100.0
07/30/2006 21:05	34.0	4.3	39.0	5.3	38.0	5.3	33.0	5.3	29.0	4.6	173.0	4.9	5	100.0
07/30/2006 21:10	29.0	3.9	40.0	5.7	37.0	5.6	40.0	6.3	32.0	5.4	178.0	5.4	5	100.0
07/30/2006 21:15	21.0	2.6	29.0	3.9	38.0	5.4	34.0	5.5	27.0	4.1	149.0	4.3	5	100.0
07/30/2006 21:20	28.0	3.4	39.0	5.3	38.0	5.5	38.0	5.6	36.0	6.1	179.0	5.2	5	100.0
07/30/2006 21:25	25.0	3.3	32.0	4.2	30.0	4.1	31.0	5.0	31.0	4.9	149.0	4.3	5	100.0
07/30/2006 21:30	27.0	3.4	34.0	4.5	33.0	5.1	31.0	5.5	34.0	5.4	159.0	4.8	5	100.0
07/30/2006 21:35	35.0	4.6	33.0	4.6	35.0	4.9	33.0	4.8	34.0	5.5	170.0	4.9	5	100.0
07/30/2006 21:40	31.0	4.0	38.0	5.1	35.0	4.8	33.0	4.9	33.0	5.3	170.0	4.8	5	100.0
07/30/2006 21:45	29.0	3.4	33.0	4.6	34.0	5.0	33.0	4.9	29.0	4.8	158.0	4.6	5	100.0
07/30/2006 21:50	30.0	3.8	35.0	4.7	36.0	5.4	36.0	5.7	25.0	3.9	162.0	4.7	5	100.0
07/30/2006 21:55	24.0	3.1	29.0	3.9	33.0	4.7	29.0	4.6	32.0	5.1	147.0	4.3	5	100.0
07/30/2006 22:00	24.0	3.0	32.0	4.1	30.0	4.4	27.0	4.2	19.0	3.3	132.0	3.8	5	100.0
07/30/2006 22:05	23.0	3.1	35.0	4.6	34.0	4.8	33.0	5.0	29.0	4.5	154.0	4.4	5	100.0
07/30/2006 22:10	25.0	3.1	32.0	4.5	31.0	4.6	33.0	5.9	29.0	4.5	150.0	4.5	5	100.0
07/30/2006 22:15	23.0	2.9	28.0	3.6	33.0	4.7	29.0	5.2	22.0	3.5	135.0	4.0	5	100.0
07/30/2006 22:20	28.0	3.7	33.0	4.5	30.0	4.7	33.0	4.7	25.0	4.2	149.0	4.4	5	100.0
07/30/2006 22:25	20.0	2.4	31.0	4.3	32.0	4.6	33.0	5.3	28.0	4.4	144.0	4.2	5	100.0
07/30/2006 22:30	20.0	2.3	25.0	3.2	24.0	3.5	27.0	4.2	28.0	4.5	124.0	3.6	5	100.0
07/30/2006 22:35	20.0	2.4	27.0	3.7	27.0	3.8	31.0	4.6	24.0	4.2	129.0	3.7	5	100.0
07/30/2006 22:40	19.0	2.4	29.0	3.8	27.0	3.8	31.0	4.8	18.0	3.1	124.0	3.6	5	100.0
07/30/2006 22:45	21.0	2.9	27.0	3.6	24.0	3.5	23.0	3.6	13.0	2.3	108.0	3.2	5	100.0
07/30/2006 22:50	28.0	3.8	29.0	3.9	30.0	4.1	28.0	4.5	19.0	2.8	134.0	3.8	5	100.0
07/30/2006 22:55	25.0	3.1	31.0	4.3	29.0	4.1	24.0	3.9	21.0	3.1	130.0	3.7	5	100.0
07/30/2006 23:00	22.0	2.8	29.0	3.9	33.0	4.8	29.0	4.5	21.0	3.3	134.0	3.9	5	100.0
07/30/2006 23:05	17.0	2.1	25.0	3.3	27.0	3.9	23.0	3.1	17.0	2.8	109.0	3.0	5	100.0
07/30/2006 23:10	13.0	1.7	23.0	2.9	21.0	3.1	23.0	3.5	21.0	3.5	101.0	2.9	5	100.0
07/30/2006 23:15	11.0	1.4	21.0	2.6	16.0	2.1	17.0	2.5	13.0	2.0	78.0	2.1	5	100.0
07/30/2006 23:20	12.0	1.4	21.0	2.8	17.0	2.4	23.0	3.1	15.0	2.4	88.0	2.4	5	100.0
07/30/2006 23:25	15.0	1.9	19.0	2.5	21.0	3.0	19.0	3.4	15.0	2.4	89.0	2.6	5	100.0
07/30/2006 23:30	18.0	2.0	23.0	2.9	23.0	3.1	21.0	3.4	19.0	2.9	104.0	2.9	5	100.0
07/30/2006 23:35	13.0	1.5	21.0	2.7	19.0	2.9	19.0	2.7	13.0	2.1	85.0	2.4	5	100.0
07/30/2006 23:40	11.0	1.1	20.0	2.5	20.0	2.3	20.0	2.9	12.0	1.6	83.0	2.1	5	100.0
07/30/2006 23:45	7.0	0.8	15.0	1.9	16.0	2.3	15.0	2.5	19.0	3.0	72.0	2.1	5	100.0
07/30/2006 23:50	7.0	0.7	15.0	1.8	18.0	2.4	16.0	2.3	14.0	2.3	70.0	1.9	5	100.0
07/30/2006 23:55	11.0	1.3	16.0	1.9	15.0	2.2	13.0	2.1	11.0	1.6	66.0	1.8	5	100.0
07/31/2006 00:00	9.0	1.1	18.0	2.1	16.0	2.3	19.0	2.5	14.0	2.0	76.0	2.0	5	100.0
07/31/2006 00:05	11.0	1.4	16.0	1.9	19.0	2.3	15.0	2.4	18.0	2.5	79.0	2.1	5	100.0
07/31/2006 00:10	8.0	0.9	15.0	1.9	17.0	2.4	15.0	2.7	9.0	1.1	64.0	1.8	5	100.0
07/31/2006 00:15	9.0	0.9	15.0	1.8	17.0	2.2	18.0	2.8	14.0	2.4	73.0	2.0	5	100.0
07/31/2006 00:20	11.0	1.4	15.0	1.8	14.0	2.5	15.0	2.6	11.0	1.9	66.0	2.0	5	100.0
07/31/2006 00:25	7.0	0.7	14.0	1.9	16.0	2.5	14.0	2.4	12.0	2.0	63.0	1.9	5	100.0
07/31/2006 00:30	8.0	0.9	15.0	1.6	16.0	2.0	13.0	1.6	11.0	1.7	63.0	1.6	5	100.0
07/31/2006 00:35	3.0	0.4	8.0	0.9	9.0	1.3	10.0	1.8	9.0	1.2	39.0	1.1	5	100.0
07/31/2006 00:40	2.0	0.3	5.0	0.7	7.0	0.9	7.0	1.1	5.0	0.7	26.0	0.7	5	100.0
07/31/2006 00:45	5.0	0.5	9.0	1.2	7.0	1.0	8.0	1.5	5.0	1.0	34.0	1.0	5	100.0
07/31/2006 00:50	2.0	0.2	9.0	1.1	9.0	1.1	7.0	1.5	9.0	1.5	36.0	1.1	5	100.0
07/31/2006 00:55	1.0	0.1	5.0	0.5	6.0	0.7	5.0	1.1	5.0	0.8	22.0	0.7	5	100.0
07/31/2006 01:00	0.0	0.0	0.0	0.0	0.0	0.0	0.0	0.0	0.0	0.0	0.0	0.0	5	100.0
07/31/2006 01:05	0.0	0.0	0.0	0.0	0.0	0.0	0.0	0.0	0.0	0.0	0.0	0.0	5	100.0
07/31/2006 01:10	0.0	0.0	0.0	0.0	0.0	0.0	0.0	0.0	0.0	0.0	0.0	0.0	5	100.0
07/31/2006 01:15	0.0	0.0	0.0	0.0	0.0	0.0	0.0	0.0	0.0	0.0	0.0	0.0	5	100.0
07/31/2006 01:20	0.0	0.0	0.0	0.0	0.0	0.0	0.0	0.0	0.0	0.0	0.0	0.0	5	100.0
07/31/2006 01:25	0.0	0.0	0.0	0.0	0.0	0.0	0.0	0.0	0.0	0.0	0.0	0.0	5	100.0
07/31/2006 01:30	0.0	0.0	0.0	0.0	0.0	0.0	0.0	0.0	0.0	0.0	0.0	0.0	5	100.0
07/31/2006 01:35	0.0	0.0	0.0	0.0	0.0	0.0	0.0	0.0	0.0	0.0	0.0	0.0	5	100.0
07/31/2006 01:40	0.0	0.0	0.0	0.0	0.0	0.0	0.0	0.0	0.0	0.0	0.0	0.0	5	100.0
07/31/2006 01:45	0.0	0.0	0.0	0.0	0.0	0.0	0.0	0.0	0.0	0.0	0.0	0.0	5	100.0
07/31/2006 01:50	0.0	0.0	0.0	0.0	0.0	0.0	0.0	0.0	0.0	0.0	0.0	0.0	5	100.0
07/31/2006 01:55	0.0	0.0	0.0	0.0	0.0	0.0	0.0	0.0	0.0	0.0	0.0	0.0	5	100.0
07/31/2006 02:00	0.0	0.0	0.0	0.0	0.0	0.0	0.0	0.0	0.0	0.0	0.0	0.0	5	100.0
07/31/2006 02:05	0.0	0.0	1.0	0.1	2.0	0.3	3.0	0.3	1.0	0.1	7.0	0.2	5	100.0
07/31/2006 02:10	1.0	0.1	5.0	0.7	7.0	0.9	5.0	0.7	3.0	0.6	21.0	0.6	5	100.0
07/31/2006 02:15	1.0	0.1	5.0	0.5	5.0	0.7	5.0	0.6	5.0	0.7	21.0	0.5	5	100.0
07/31/2006 02:20	1.0	0.1	4.0	0.4	4.0	0.4	6.0	1.1	6.0	0.8	21.0	0.6	5	100.0
07/31/2006 02:25	1.0	0.1	4.0	0.4	4.0	0.4	4.0	0.7	3.0	0.4	16.0	0.4	5	100.0
07/31/2006 02:30	1.0	0.1	3.0	0.4	5.0	0.5	7.0	1.2	4.0	0.5	20.0	0.5	5	100.0
07/31/2006 02:35	0.0	0.0	3.0	0.3	3.0	0.4	6.0	0.9	2.0	0.4	14.0	0.4	5	100.0
07/31/2006 02:40	0.0	0.0	1.0	0.1	2.0	0.2	4.0	0.4	5.0	0.7	12.0	0.3	5	100.0
07/31/2006 02:45	0.0	0.0	0.0	0.0	1.0	0.1	1.0	0.2	1.0	0.5	3.0	0.2	5	100.0
07/31/2006 02:50	0.0	0.0	2.0	0.2	3.0	0.5	3.0	0.4	5.0	0.9	13.0	0.4	5	100.0
07/31/2006 02:55	1.0	0.1	2.0	0.2	4.0	0.5	5.0	0.9	2.0	0.3	14.0	0.4	5	100.0
07/31/2006 03:00	0.0	0.0	0.0	0.0	3.0	0.6	3.0	0.9	1.0	0.4	7.0	0.4	5	100.0
07/31/2006 03:05	1.0	0.1	2.0	0.3	3.0	0.3	5.0	1.4	1.0	0.1	12.0	0.5	5	100.0
07/31/2006 03:10	0.0	0.0	1.0	0.1	1.0	0.3	3.0	0.7	3.0	0.3	8.0	0.3	5	100.0
07/31/2006 03:15	0.0	0.0	3.0	0.3	1.0	0.1	5.0	0.6	2.0	0.4	11.0	0.3	5	100.0
07/31/2006 03:20	0.0	0.0	2.0	0.3	2.0	0.2	3.0	0.9	4.0	0.6	11.0	0.4	5	100.0
07/31/2006 03:25	1.0	0.1	1.0	0.1	4.0	0.6	3.0	0.7	3.0	0.5	12.0	0.4	5	100.0
07/31/2006 03:30	0.0	0.0	2.0	0.3	3.0	0.7	5.0	1.1	0.0	0.0	10.0	0.4	5	100.0
07/31/2006 03:35	0.0	0.0	1.0	0.1	4.0	0.6	3.0	1.1	2.0	0.6	10.0	0.5	5	100.0
07/31/2006 03:40	0.0	0.0	2.0	0.3	2.0	0.4	4.0	0.7	3.0	0.4	11.0	0.4	5	100.0
07/31/2006 03:45	0.0	0.0	4.0	0.5	3.0	0.3	5.0	1.2	5.0	1.1	17.0	0.6	5	100.0
07/31/2006 03:50	1.0	0.1	2.0	0.2	4.0	0.5	5.0	1.3	5.0	0.9	17.0	0.6	5	100.0
07/31/2006 03:55	1.0	0.1	1.0	0.1	1.0	0.3	2.0	0.6	2.0	0.7	7.0	0.4	5	100.0
07/31/2006 04:00	0.0	0.0	2.0	0.2	2.0	0.3	4.0	1.1	5.0	1.7	13.0	0.7	5	100.0
07/31/2006 04:05	0.0	0.0	3.0	0.3	2.0	0.4	7.0	1.2	3.0	0.7	15.0	0.5	5	100.0
07/31/2006 04:10	0.0	0.0	5.0	0.6	5.0	0.8	5.0	1.2	5.0	0.7	20.0	0.7	5	100.0
07/31/2006 04:15	0.0	0.0	2.0	0.2	5.0	1.5	5.0	1.2	2.0	0.3	14.0	0.6	5	100.0
07/31/2006 04:20	2.0	0.2	8.0	0.8	8.0	1.4	6.0	1.9	6.0	1.0	30.0	1.1	5	100.0
07/31/2006 04:25	0.0	0.0	2.0	0.2	5.0	0.9	7.0	2.5	6.0	0.9	20.0	0.9	5	100.0
07/31/2006 04:30	0.0	0.0	3.0	0.3	3.0	0.4	5.0	0.7	4.0	1.3	15.0	0.5	5	100.0
07/31/2006 04:35	0.0	0.0	5.0	0.8	6.0	1.3	5.0	1.9	5.0	0.9	21.0	1.0	5	100.0
07/31/2006 04:40	1.0	0.2	5.0	0.5	8.0	1.4	11.0	2.3	8.0	1.2	33.0	1.1	5	100.0
07/31/2006 04:45	1.0	0.1	6.0	0.9	9.0	1.5	10.0	2.2	7.0	1.3	33.0	1.2	5	100.0
07/31/2006 04:50	1.0	0.1	7.0	0.8	11.0	1.9	9.0	2.3	8.0	1.7	36.0	1.4	5	100.0
07/31/2006 04:55	0.0	0.0	8.0	1.0	10.0	1.5	12.0	2.3	11.0	2.1	41.0	1.4	5	100.0
07/31/2006 05:00	1.0	0.1	5.0	0.7	8.0	1.3	7.0	1.8	6.0	0.9	27.0	1.0	5	100.0
07/31/2006 05:05	1.0	0.1	8.0	0.9	8.0	1.4	11.0	2.4	10.0	2.6	38.0	1.5	5	100.0
07/31/2006 05:10	1.0	0.1	10.0	1.1	12.0	2.6	11.0	2.1	9.0	1.7	43.0	1.5	5	100.0
07/31/2006 05:15	0.0	0.0	9.0	1.1	11.0	1.4	14.0	3.0	8.0	2.0	42.0	1.5	5	100.0
07/31/2006 05:20	1.0	0.1	10.0	1.3	14.0	2.3	18.0	3.4	14.0	3.2	57.0	2.0	5	100.0
07/31/2006 05:25	1.0	0.1	19.0	2.6	17.0	3.2	17.0	4.1	11.0	2.2	65.0	2.5	5	100.0
07/31/2006 05:30	1.0	0.1	16.0	1.9	16.0	2.3	16.0	3.3	11.0	2.5	60.0	2.0	5	100.0
07/31/2006 05:35	0.0	0.0	14.0	1.9	19.0	3.1	22.0	4.0	19.0	2.8	74.0	2.4	5	100.0
07/31/2006 05:40	6.0	0.6	22.0	2.8	24.0	3.9	21.0	4.4	19.0	3.7	92.0	3.1	5	100.0
07/31/2006 05:45	1.0	0.1	16.0	1.9	19.0	2.8	21.0	3.9	19.0	3.5	76.0	2.4	5	100.0
07/31/2006 05:50	3.0	0.3	22.0	2.7	19.0	3.4	18.0	3.6	18.0	3.3	80.0	2.7	5	100.0
07/31/2006 05:55	1.0	0.1	15.0	1.7	17.0	2.9	19.0	3.5	17.0	3.2	69.0	2.3	5	100.0
07/31/2006 06:00	1.0	0.2	21.0	2.7	21.0	3.3	23.0	4.9	23.0	4.2	89.0	3.1	5	100.0
07/31/2006 06:05	1.0	0.1	20.0	2.4	21.0	3.3	18.0	4.1	19.0	3.1	79.0	2.6	5	100.0
07/31/2006 06:10	3.0	0.3	28.0	3.5	27.0	3.9	22.0	4.3	19.0	3.9	99.0	3.2	5	100.0
07/31/2006 06:15	3.0	0.4	33.0	4.1	29.0	4.6	30.0	5.3	25.0	4.6	120.0	3.8	5	100.0
07/31/2006 06:20	5.0	0.5	26.0	3.4	24.0	3.9	27.0	4.9	21.0	4.0	103.0	3.3	5	100.0
07/31/2006 06:25	3.0	0.3	39.0	5.1	33.0	5.3	32.0	5.3	25.0	4.8	132.0	4.2	5	100.0
07/31/2006 06:30	3.0	0.3	32.0	4.1	32.0	5.1	32.0	5.4	24.0	4.4	123.0	3.9	5	100.0
07/31/2006 06:35	2.0	0.2	42.0	5.5	36.0	5.1	31.0	7.1	28.0	4.5	139.0	4.5	5	100.0
07/31/2006 06:40	9.0	1.2	40.0	5.6	32.0	5.9	34.0	7.2	31.0	5.9	146.0	5.1	5	100.0
07/31/2006 06:45	5.0	0.9	46.0	6.1	36.0	6.2	34.0	6.5	35.0	5.8	156.0	5.1	5	100.0
07/31/2006 06:50	6.0	1.1	37.0	4.9	29.0	4.8	34.0	6.2	32.0	6.0	138.0	4.6	5	100.0
07/31/2006 06:55	8.0	0.9	53.0	6.9	39.0	7.1	36.0	8.0	38.0	5.9	174.0	5.8	5	100.0
07/31/2006 07:00	7.0	1.3	41.0	5.5	33.0	5.9	37.0	6.7	34.0	5.6	152.0	5.0	5	100.0
07/31/2006 07:05	3.0	0.3	39.0	5.3	33.0	5.0	33.0	6.1	27.0	5.3	135.0	4.4	5	100.0
07/31/2006 07:10	9.0	1.1	48.0	6.6	34.0	6.3	35.0	7.5	35.0	6.7	161.0	5.6	5	100.0
07/31/2006 07:15	8.0	0.9	44.0	5.9	38.0	5.6	31.0	6.0	32.0	5.4	153.0	4.8	5	100.0
07/31/2006 07:20	4.0	0.5	41.0	5.4	37.0	5.4	33.0	6.2	33.0	5.9	148.0	4.7	5	100.0
07/31/2006 07:25	8.0	1.1	44.0	6.2	36.0	5.9	36.0	6.7	45.0	7.6	169.0	5.5	5	100.0
07/31/2006 07:30	6.0	0.7	53.0	7.1	46.0	7.1	39.0	7.6	42.0	7.8	186.0	6.1	5	100.0
07/31/2006 07:35	6.0	1.0	49.0	6.6	40.0	6.7	40.0	7.8	45.0	8.3	180.0	6.1	5	100.0
07/31/2006 07:40	11.0	1.3	59.0	8.9	44.0	7.8	49.0	9.4	54.0	10.4	217.0	7.6	5	100.0
07/31/2006 07:45	4.0	0.5	54.0	7.4	41.0	7.3	44.0	7.8	44.0	7.9	187.0	6.2	5	100.0
07/31/2006 07:50	7.0	1.4	52.0	7.2	44.0	7.5	42.0	7.7	44.0	7.5	189.0	6.3	5	100.0
07/31/2006 07:55	5.0	0.6	47.0	6.5	33.0	5.6	41.0	7.8	40.0	7.4	166.0	5.6	5	100.0
07/31/2006 08:00	6.0	0.7	45.0	6.3	37.0	6.2	41.0	8.2	46.0	8.2	175.0	5.9	5	100.0
07/31/2006 08:05	10.0	1.5	53.0	7.6	43.0	8.4	41.0	8.6	50.0	8.8	197.0	7.0	5	100.0
07/31/2006 08:10	10.0	1.5	57.0	7.9	41.0	8.4	39.0	7.7	48.0	8.4	195.0	6.8	5	100.0
07/31/2006 08:15	7.0	1.1	51.0	7.5	39.0	8.2	39.0	7.7	48.0	9.2	184.0	6.8	5	100.0
07/31/2006 08:20	7.0	1.1	58.0	8.2	38.0	7.3	41.0	7.9	47.0	8.3	191.0	6.5	5	100.0
07/31/2006 08:25	9.0	1.4	53.0	7.3	46.0	8.6	50.0	9.6	50.0	9.6	208.0	7.3	5	100.0
07/31/2006 08:30	8.0	1.1	45.0	6.6	37.0	7.2	42.0	7.3	46.0	8.1	178.0	6.1	5	100.0
07/31/2006 08:35	9.0	1.1	60.0	8.6	41.0	8.6	45.0	9.3	52.0	9.3	207.0	7.4	5	100.0
07/31/2006 08:40	9.0	1.4	46.0	6.7	40.0	7.5	41.0	8.6	49.0	8.5	185.0	6.6	5	100.0
07/31/2006 08:45	13.0	1.7	52.0	7.5	41.0	8.2	45.0	8.4	51.0	10.4	202.0	7.3	5	100.0
07/31/2006 08:50	9.0	1.2	51.0	7.4	39.0	7.6	40.0	7.9	54.0	10.4	193.0	6.9	5	100.0
07/31/2006 08:55	8.0	1.1	43.0	6.2	37.0	7.4	41.0	8.6	46.0	9.1	175.0	6.5	5	100.0
07/31/2006 09:00	8.0	1.0	45.0	6.2	35.0	6.3	42.0	8.8	44.0	8.7	174.0	6.2	5	100.0
07/31/2006 09:05	13.0	2.0	54.0	8.0	39.0	8.7	37.0	8.2	47.0	10.1	190.0	7.4	5	100.0
07/31/2006 09:10	11.0	1.4	49.0	7.5	39.0	9.1	39.0	8.5	47.0	8.7	185.0	7.0	5	100.0
07/31/2006 09:15	13.0	1.9	46.0	6.8	40.0	8.3	36.0	7.7	45.0	8.3	180.0	6.6	5	100.0
07/31/2006 09:20	9.0	1.1	53.0	7.9	38.0	9.1	41.0	9.3	48.0	9.1	189.0	7.3	5	100.0
07/31/2006 09:25	9.0	1.1	53.0	7.5	43.0	7.5	43.0	9.1	44.0	8.1	192.0	6.7	5	100.0
07/31/2006 09:30	15.0	1.7	48.0	6.8	41.0	8.5	40.0	8.6	41.0	8.0	185.0	6.7	5	100.0
07/31/2006 09:35	11.0	1.8	43.0	6.4	34.0	6.8	41.0	7.4	44.0	8.4	173.0	6.2	5	100.0
07/31/2006 09:40	10.0	1.3	49.0	7.0	41.0	8.3	45.0	8.8	45.0	9.4	190.0	7.0	5	100.0
07/31/2006 09:45	15.0	1.9	53.0	7.7	41.0	8.1	44.0	8.9	47.0	9.4	200.0	7.2	5	100.0
07/31/2006 09:50	13.0	1.9	54.0	8.1	45.0	9.0	39.0	8.4	53.0	10.7	204.0	7.6	5	100.0
07/31/2006 09:55	15.0	1.9	51.0	6.9	35.0	7.0	44.0	7.6	47.0	8.7	192.0	6.4	5	100.0
07/31/2006 10:00	23.0	3.2	41.0	5.9	37.0	7.0	35.0	6.3	42.0	8.1	178.0	6.1	5	100.0
07/31/2006 10:05	25.0	3.0	41.0	5.6	33.0	6.3	38.0	7.2	43.0	7.8	180.0	6.0	5	100.0
07/31/2006 10:10	25.0	3.2	41.0	5.6	36.0	7.0	38.0	7.7	39.0	7.4	179.0	6.2	5	100.0
07/31/2006 10:15	18.0	2.3	40.0	5.7	35.0	6.9	31.0	5.5	38.0	7.5	162.0	5.6	5	100.0
07/31/2006 10:20	22.0	2.9	41.0	5.9	33.0	6.5	38.0	9.2	41.0	7.9	175.0	6.5	5	100.0
07/31/2006 10:25	28.0	3.7	36.0	5.2	29.0	5.5	42.0	8.1	37.0	7.1	172.0	5.9	5	100.0
07/31/2006 10:30	30.0	3.7	37.0	5.1	39.0	6.9	35.0	7.1	37.0	7.3	178.0	6.0	5	100.0
07/31/2006 10:35	27.0	3.3	33.0	4.7	37.0	6.2	41.0	7.9	43.0	8.6	181.0	6.2	5	100.0
07/31/2006 10:40	29.0	4.0	39.0	5.4	35.0	7.1	39.0	8.5	45.0	8.5	187.0	6.7	5	100.0
07/31/2006 10:45	29.0	3.9	38.0	5.2	37.0	6.3	43.0	7.9	47.0	8.3	194.0	6.3	5	100.0
07/31/2006 10:50	27.0	3.6	39.0	5.2	39.0	7.1	41.0	9.3	44.0	8.1	190.0	6.6	5	100.0
07/31/2006 10:55	35.0	4.9	44.0	6.4	42.0	8.1	44.0	9.0	48.0	9.7	213.0	7.6	5	100.0
07/31/2006 11:00	34.0	4.4	42.0	5.9	39.0	8.2	37.0	8.5	44.0	8.0	196.0	7.0	5	100.0
07/31/2006 11:05	21.0	2.6	39.0	5.0	29.0	6.0	36.0	8.1	41.0	7.6	166.0	5.9	5	100.0
07/31/2006 11:10	21.0	2.5	37.0	5.0	31.0	6.9	33.0	6.4	42.0	7.4	164.0	5.6	5	100.0
07/31/2006 11:15	32.0	4.4	42.0	5.8	36.0	7.2	48.0	9.0	42.0	7.9	200.0	6.9	5	100.0
07/31/2006 11:20	24.0	3.3	49.0	6.8	38.0	7.8	44.0	9.6	49.0	9.3	204.0	7.4	5	100.0
07/31/2006 11:25	24.0	3.1	38.0	5.5	37.0	7.4	34.0	6.4	43.0	7.8	176.0	6.0	5	100.0
07/31/2006 11:30	32.0	4.4	41.0	6.0	39.0	7.6	36.0	8.9	43.0	8.1	191.0	7.0	5	100.0
07/31/2006 11:35	33.0	4.3	41.0	5.7	37.0	7.1	42.0	8.4	51.0	8.8	204.0	6.9	5	100.0
07/31/2006 11:40	33.0	4.6	43.0	6.0	38.0	7.5	37.0	7.9	46.0	8.3	197.0	6.9	5	100.0
07/31/2006 11:45	29.0	3.7	43.0	5.7	37.0	7.6	41.0	8.5	49.0	8.8	199.0	6.9	5	100.0
07/31/2006 11:50	22.0	2.8	36.0	5.1	37.0	7.5	41.0	8.3	46.0	8.5	182.0	6.4	5	100.0
07/31/2006 11:55	31.0	4.4	41.0	6.4	38.0	7.7	37.0	7.6	56.0	11.2	203.0	7.5	5	100.0
07/31/2006 12:00	39.0	5.2	45.0	6.6	43.0	8.5	45.0	8.8	49.0	9.6	221.0	7.7	5	100.0
07/31/2006 12:05	28.0	4.0	40.0	5.5	38.0	8.3	39.0	8.2	48.0	8.8	193.0	7.0	5	100.0
07/31/2006 12:10	35.0	4.5	47.0	6.4	43.0	8.5	47.0	9.3	51.0	9.1	223.0	7.6	5	100.0
07/31/2006 12:15	24.0	3.1	33.0	4.6	36.0	6.9	42.0	8.0	42.0	8.1	177.0	6.1	5	100.0
07/31/2006 12:20	30.0	3.9	46.0	6.4	39.0	7.6	42.0	7.9	47.0	9.7	204.0	7.1	5	100.0
07/31/2006 12:25	27.0	3.7	43.0	5.8	38.0	6.4	42.0	8.0	47.0	8.7	197.0	6.5	5	100.0
07/31/2006 12:30	26.0	3.4	36.0	4.8	32.0	5.4	40.0	6.7	43.0	7.6	177.0	5.6	5	100.0
07/31/2006 12:35	35.0	4.7	40.0	5.7	37.0	7.4	40.0	9.0	45.0	9.5	197.0	7.3	5	100.0
07/31/2006 12:40	30.0	3.9	35.0	4.9	36.0	6.5	35.0	7.1	49.0	8.9	185.0	6.3	5	100.0
07/31/2006 12:45	27.0	3.5	41.0	5.6	45.0	7.3	45.0	8.0	47.0	8.5	205.0	6.6	5	100.0
07/31/2006 12:50	35.0	4.6	36.0	5.1	39.0	6.9	40.0	7.4	43.0	7.6	193.0	6.3	5	100.0
07/31/2006 12:55	29.0	3.6	37.0	5.0	33.0	6.1	33.0	6.4	38.0	6.3	170.0	5.5	5	100.0
07/31/2006 13:00	31.0	4.2	41.0	5.7	36.0	6.9	41.0	8.1	43.0	7.8	192.0	6.5	5	100.0
07/31/2006 13:05	39.0	5.5	55.0	7.9	47.0	8.9	47.0	10.1	48.0	9.8	236.0	8.4	5	100.0
07/31/2006 13:10	39.0	5.2	48.0	7.0	44.0	8.3	42.0	9.2	49.0	9.8	222.0	7.9	5	100.0
07/31/2006 13:15	43.0	6.9	45.0	8.2	39.0	8.9	43.0	9.5	51.0	10.7	221.0	8.8	5	100.0
07/31/2006 13:20	41.0	5.7	49.0	6.9	44.0	8.7	40.0	8.5	51.0	9.7	225.0	7.9	5	100.0
07/31/2006 13:25	43.0	5.7	42.0	6.0	44.0	8.1	44.0	8.4	49.0	9.1	222.0	7.5	5	100.0
07/31/2006 13:30	44.0	6.3	49.0	7.1	45.0	9.4	49.0	10.4	49.0	10.2	236.0	8.7	5	100.0
07/31/2006 13:35	49.0	6.9	48.0	6.9	43.0	8.9	44.0	9.5	46.0	8.9	230.0	8.2	5	100.0
07/31/2006 13:40	40.0	5.5	47.0	6.7	42.0	7.1	43.0	8.5	47.0	8.1	219.0	7.2	5	100.0
07/31/2006 13:45	45.0	6.5	47.0	6.9	47.0	8.7	45.0	8.3	50.0	9.1	234.0	7.9	5	100.0
07/31/2006 13:50	48.0	6.9	54.0	7.9	43.0	8.5	49.0	10.5	47.0	9.7	241.0	8.7	5	100.0
07/31/2006 13:55	48.0	6.7	50.0	7.1	47.0	9.1	48.0	9.5	55.0	10.2	248.0	8.5	5	100.0
07/31/2006 14:00	45.0	6.2	52.0	7.3	46.0	8.9	49.0	8.6	45.0	9.1	237.0	8.0	5	100.0
07/31/2006 14:05	44.0	6.0	54.0	7.9	50.0	10.0	51.0	9.5	46.0	7.9	245.0	8.3	5	100.0
07/31/2006 14:10	40.0	5.3	45.0	6.2	44.0	7.5	45.0	9.1	44.0	7.9	218.0	7.2	5	100.0
07/31/2006 14:15	50.0	6.9	49.0	6.9	45.0	8.7	46.0	8.9	48.0	8.9	238.0	8.1	5	100.0
07/31/2006 14:20	53.0	8.0	55.0	8.9	49.0	9.5	50.0	10.6	51.0	9.7	258.0	9.3	5	100.0
07/31/2006 14:25	54.0	8.0	60.0	9.0	46.0	9.3	46.0	9.1	50.0	9.9	256.0	9.1	5	100.0
07/31/2006 14:30	55.0	8.1	49.0	7.6	47.0	8.8	46.0	8.7	47.0	8.6	244.0	8.4	5	100.0
07/31/2006 14:35	32.0	4.7	33.0	4.9	34.0	5.7	32.0	5.7	32.0	5.9	163.0	5.4	5	100.0
07/31/2006 14:40	60.0	8.6	60.0	8.9	50.0	9.3	50.0	9.3	50.0	9.2	270.0	9.1	5	100.0
07/31/2006 14:45	60.0	9.1	61.0	9.6	47.0	8.8	45.0	9.4	49.0	9.0	262.0	9.2	5	100.0
07/31/2006 14:50	56.0	9.3	54.0	9.0	47.0	10.2	49.0	9.9	47.0	8.7	253.0	9.4	5	100.0
07/31/2006 14:55	47.0	6.9	54.0	8.0	44.0	8.1	47.0	8.3	45.0	8.1	237.0	7.9	5	100.0
07/31/2006 15:00	35.0	5.1	64.0	9.2	48.0	8.4	48.0	8.2	48.0	8.6	243.0	7.9	5	100.0
07/31/2006 15:05	29.0	4.1	63.0	10.2	49.0	9.2	49.0	9.3	43.0	7.4	233.0	8.0	5	100.0
07/31/2006 15:10	30.0	5.4	56.0	15.0	47.0	14.4	46.0	11.6	45.0	10.9	224.0	11.5	5	100.0
07/31/2006 15:15	40.0	7.4	55.0	12.6	43.0	12.8	45.0	10.9	41.0	9.9	224.0	10.7	5	100.0
07/31/2006 15:20	33.0	5.9	53.0	10.3	45.0	9.7	43.0	9.6	42.0	9.7	216.0	9.1	5	100.0
07/31/2006 15:25	43.0	8.0	53.0	11.5	41.0	11.6	45.0	12.1	45.0	10.5	227.0	10.7	5	100.0
07/31/2006 15:30	34.0	5.3	54.0	10.6	47.0	11.3	44.0	9.3	48.0	11.5	227.0	9.6	5	100.0
07/31/2006 15:35	39.0	6.6	50.0	10.4	41.0	9.6	44.0	10.2	40.0	8.9	214.0	9.1	5	100.0
07/31/2006 15:40	38.0	7.2	54.0	11.5	46.0	12.1	45.0	12.3	49.0	11.6	232.0	11.0	5	100.0
07/31/2006 15:45	39.0	6.7	57.0	11.6	47.0	10.9	45.0	10.5	39.0	8.9	227.0	9.7	5	100.0
07/31/2006 15:50	39.0	6.6	54.0	11.2	47.0	11.1	47.0	10.7	42.0	9.3	229.0	9.8	5	100.0
07/31/2006 15:55	44.0	8.9	52.0	12.1	45.0	12.1	48.0	10.9	48.0	11.1	237.0	11.0	5	100.0
07/31/2006 16:00	37.0	7.4	52.0	12.2	39.0	13.3	42.0	10.9	40.0	10.4	210.0	10.8	5	100.0
07/31/2006 16:05	40.0	7.1	50.0	10.1	39.0	10.1	44.0	10.1	43.0	10.1	216.0	9.5	5	100.0
07/31/2006 16:10	41.0	7.6	52.0	10.4	41.0	11.4	45.0	10.1	41.0	9.2	220.0	9.7	5	100.0
07/31/2006 16:15	47.0	9.5	54.0	12.1	43.0	12.7	53.0	12.9	43.0	10.3	240.0	11.5	5	100.0
07/31/2006 16:20	40.0	7.7	46.0	11.2	49.0	13.2	46.0	11.2	43.0	10.4	224.0	10.8	5	100.0
07/31/2006 16:25	45.0	10.1	49.0	13.7	42.0	14.1	48.0	12.9	48.0	13.4	232.0	12.8	5	100.0
07/31/2006 16:30	49.0	9.4	58.0	12.0	49.0	12.1	51.0	11.2	46.0	9.9	253.0	10.9	5	100.0
07/31/2006 16:35	44.0	11.9	51.0	17.8	41.0	15.3	44.0	13.5	48.0	12.6	228.0	14.2	5	100.0
07/31/2006 16:40	46.0	13.6	46.0	16.5	39.0	15.4	46.0	14.3	40.0	12.1	217.0	14.4	5	100.0
07/31/2006 16:45	45.0	12.6	51.0	15.2	44.0	16.3	48.0	14.3	47.0	14.1	235.0	14.5	5	100.0
07/31/2006 16:50	48.0	9.4	54.0	11.7	47.0	12.5	56.0	11.9	49.0	10.6	254.0	11.2	5	100.0
07/31/2006 16:55	44.0	8.4	56.0	11.9	47.0	11.5	49.0	11.5	44.0	10.0	240.0	10.7	5	100.0
07/31/2006 17:00	43.0	10.0	47.0	11.6	43.0	11.5	44.0	11.1	47.0	11.2	224.0	11.1	5	100.0
07/31/2006 17:05	47.0	11.1	55.0	16.1	44.0	14.3	47.0	14.7	46.0	15.7	239.0	14.4	5	100.0
07/31/2006 17:10	43.0	8.9	53.0	11.8	43.0	12.1	48.0	11.5	48.0	11.5	235.0	11.2	5	100.0
07/31/2006 17:15	48.0	10.9	56.0	16.5	44.0	12.7	51.0	13.2	49.0	10.8	248.0	12.8	5	100.0
07/31/2006 17:20	42.0	9.9	44.0	13.4	37.0	13.3	44.0	14.1	46.0	13.9	213.0	12.9	5	100.0
07/31/2006 17:25	39.0	11.1	33.0	16.7	32.0	19.4	38.0	16.0	42.0	17.7	184.0	16.2	5	100.0
07/31/2006 17:30	43.0	10.9	51.0	16.0	39.0	15.4	44.0	13.0	43.0	13.3	220.0	13.7	5	100.0
07/31/2006 17:35	49.0	13.3	45.0	20.9	42.0	16.7	45.0	14.7	45.0	13.7	226.0	15.9	5	100.0
07/31/2006 17:40	47.0	16.6	47.0	20.2	44.0	19.4	46.0	17.3	46.0	15.2	230.0	17.7	5	100.0
07/31/2006 17:45	49.0	11.3	54.0	13.9	51.0	15.1	50.0	14.1	50.0	13.7	254.0	13.6	5	100.0
07/31/2006 17:50	41.0	9.0	49.0	11.9	42.0	11.1	45.0	10.6	44.0	10.1	221.0	10.6	5	100.0
07/31/2006 17:55	39.0	8.1	51.0	13.8	43.0	12.7	47.0	10.9	46.0	11.1	226.0	11.3	5	100.0
07/31/2006 18:00	46.0	10.3	54.0	12.1	49.0	13.2	53.0	12.8	50.0	11.9	252.0	12.1	5	100.0
07/31/2006 18:05	43.0	8.7	52.0	11.6	43.0	10.7	51.0	12.1	47.0	12.5	236.0	11.1	5	100.0
07/31/2006 18:10	44.0	8.1	60.0	13.1	54.0	13.2	49.0	11.6	50.0	11.0	257.0	11.4	5	100.0
07/31/2006 18:15	41.0	8.3	43.0	11.9	40.0	11.2	44.0	11.5	45.0	12.2	213.0	11.0	5	100.0
07/31/2006 18:20	40.0	6.7	56.0	11.3	49.0	11.3	44.0	10.5	48.0	9.8	237.0	9.9	5	100.0
07/31/2006 18:25	42.0	7.5	54.0	10.9	48.0	11.7	49.0	10.6	47.0	10.3	240.0	10.2	5	100.0
07/31/2006 18:30	33.0	5.4	54.0	10.7	45.0	9.9	47.0	10.2	45.0	9.3	224.0	9.1	5	100.0
07/31/2006 18:35	39.0	6.0	55.0	10.5	47.0	10.9	49.0	10.2	46.0	9.9	236.0	9.5	5	100.0
07/31/2006 18:40	35.0	5.7	56.0	10.9	52.0	10.7	49.0	10.2	52.0	11.4	244.0	9.8	5	100.0
07/31/2006 18:45	27.0	4.1	49.0	7.4	45.0	7.4	42.0	7.1	39.0	7.0	202.0	6.6	5	100.0
07/31/2006 18:50	23.0	3.3	51.0	7.1	46.0	7.0	51.0	8.0	43.0	6.6	214.0	6.4	5	100.0
07/31/2006 18:55	25.0	3.3	46.0	6.3	45.0	6.5	43.0	6.9	43.0	6.7	202.0	5.9	5	100.0
07/31/2006 19:00	32.0	4.2	35.0	4.6	40.0	5.6	40.0	6.0	37.0	5.8	184.0	5.2	5	100.0
07/31/2006 19:05	33.0	4.3	43.0	6.1	43.0	6.3	49.0	7.9	45.0	6.7	213.0	6.3	5	100.0
07/31/2006 19:10	33.0	4.2	47.0	6.1	41.0	6.2	44.0	6.4	47.0	7.3	212.0	6.0	5	100.0
07/31/2006 19:15	33.0	4.6	40.0	5.7	47.0	7.1	39.0	6.5	30.0	7.5	189.0	6.3	5	100.0
07/31/2006 19:20	35.0	5.1	42.0	6.0	45.0	7.1	45.0	8.6	46.0	8.5	213.0	7.1	5	100.0
07/31/2006 19:25	29.0	3.7	41.0	5.3	40.0	5.8	45.0	6.9	38.0	6.1	193.0	5.6	5	100.0
07/31/2006 19:30	39.0	5.2	43.0	5.8	41.0	6.3	41.0	6.1	36.0	5.7	200.0	5.8	5	100.0
07/31/2006 19:35	35.0	4.5	39.0	5.1	34.0	5.4	38.0	6.4	36.0	5.9	182.0	5.5	5	100.0
07/31/2006 19:40	33.0	4.3	40.0	5.2	39.0	6.3	42.0	6.5	37.0	5.7	191.0	5.6	5	100.0
07/31/2006 19:45	29.0	3.7	39.0	5.1	35.0	5.0	37.0	5.9	41.0	6.3	181.0	5.2	5	100.0
07/31/2006 19:50	29.0	3.9	35.0	5.0	39.0	5.9	33.0	5.6	37.0	5.8	173.0	5.2	5	100.0
07/31/2006 19:55	28.0	3.5	35.0	4.8	32.0	4.5	33.0	5.6	31.0	4.7	159.0	4.6	5	100.0
07/31/2006 20:00	33.0	4.2	39.0	5.3	33.0	5.3	38.0	6.5	37.0	5.7	180.0	5.4	5	100.0
07/31/2006 20:05	28.0	3.8	35.0	4.5	32.0	5.4	32.0	5.5	28.0	4.9	155.0	4.8	5	100.0
07/31/2006 20:10	28.0	3.7	32.0	4.3	28.0	4.2	31.0	5.0	28.0	4.8	147.0	4.4	5	100.0
07/31/2006 20:15	39.0	4.9	43.0	5.8	39.0	6.1	36.0	5.5	35.0	5.4	192.0	5.5	5	100.0
07/31/2006 20:20	30.0	4.0	39.0	5.0	37.0	5.5	33.0	6.0	30.0	4.7	169.0	5.0	5	100.0
07/31/2006 20:25	36.0	4.6	38.0	5.0	37.0	5.3	39.0	6.1	38.0	6.4	188.0	5.5	5	100.0
07/31/2006 20:30	25.0	3.5	33.0	4.4	38.0	5.3	32.0	5.1	28.0	4.2	156.0	4.5	5	100.0
07/31/2006 20:35	21.0	2.8	31.0	3.9	29.0	4.7	30.0	4.8	25.0	3.8	136.0	4.0	5	100.0
07/31/2006 20:40	31.0	4.0	39.0	5.3	36.0	5.7	37.0	5.7	33.0	5.4	176.0	5.2	5	100.0
07/31/2006 20:45	23.0	2.7	33.0	4.6	31.0	4.7	32.0	5.1	29.0	4.3	148.0	4.3	5	100.0
07/31/2006 20:50	22.0	2.6	35.0	4.4	36.0	4.7	34.0	5.0	28.0	5.1	155.0	4.4	5	100.0
07/31/2006 20:55	26.0	3.1	32.0	4.5	33.0	5.0	36.0	5.2	31.0	5.2	158.0	4.6	5	100.0
07/31/2006 21:00	21.0	2.5	27.0	3.5	29.0	3.9	28.0	4.9	29.0	5.0	134.0	3.9	5	100.0
07/31/2006 21:05	26.0	3.5	36.0	4.6	33.0	5.2	36.0	5.9	32.0	4.8	163.0	4.8	5	100.0
07/31/2006 21:10	26.0	3.4	39.0	5.3	31.0	5.6	31.0	5.3	33.0	5.5	160.0	5.0	5	100.0
07/31/2006 21:15	25.0	3.1	35.0	4.7	29.0	4.3	28.0	4.3	29.0	5.2	146.0	4.3	5	100.0
07/31/2006 21:20	29.0	3.5	38.0	4.7	32.0	4.7	38.0	6.3	32.0	5.6	169.0	5.0	5	100.0
07/31/2006 21:25	28.0	3.3	32.0	4.3	35.0	5.7	34.0	6.0	25.0	3.6	154.0	4.6	5	100.0
07/31/2006 21:30	25.0	3.0	31.0	4.1	31.0	4.9	31.0	5.3	29.0	4.4	147.0	4.3	5	100.0
07/31/2006 21:35	25.0	3.1	31.0	4.1	29.0	4.4	31.0	4.9	27.0	4.4	143.0	4.2	5	100.0
07/31/2006 21:40	21.0	2.7	32.0	4.1	31.0	4.3	29.0	4.9	25.0	4.3	138.0	4.1	5	100.0
07/31/2006 21:45	27.0	3.3	26.0	3.2	30.0	4.5	34.0	4.9	30.0	4.4	147.0	4.1	5	100.0
07/31/2006 21:50	18.0	2.3	32.0	4.1	29.0	4.3	31.0	5.0	31.0	4.9	141.0	4.1	5	100.0
07/31/2006 21:55	24.0	3.0	32.0	4.1	29.0	4.6	31.0	5.9	31.0	4.5	147.0	4.4	5	100.0
07/31/2006 22:00	21.0	2.5	29.0	3.8	29.0	4.1	25.0	4.4	25.0	4.3	129.0	3.8	5	100.0
07/31/2006 22:05	21.0	2.7	32.0	4.2	25.0	3.9	34.0	5.1	25.0	4.1	137.0	4.0	5	100.0
07/31/2006 22:10	20.0	2.5	26.0	3.5	29.0	4.9	28.0	5.1	25.0	4.9	128.0	4.2	5	100.0
07/31/2006 22:15	21.0	2.6	31.0	3.8	26.0	4.3	32.0	5.2	27.0	3.9	137.0	4.0	5	100.0
07/31/2006 22:20	24.0	2.9	31.0	4.0	27.0	3.8	26.0	4.1	26.0	4.1	134.0	3.8	5	100.0
07/31/2006 22:25	17.0	2.1	24.0	3.2	26.0	3.5	27.0	3.9	21.0	3.2	115.0	3.2	5	100.0
07/31/2006 22:30	21.0	2.6	28.0	3.5	24.0	3.8	20.0	3.4	26.0	4.1	119.0	3.5	5	100.0
07/31/2006 22:35	17.0	2.2	27.0	3.3	29.0	3.9	25.0	4.1	23.0	3.5	121.0	3.4	5	100.0
07/31/2006 22:40	14.0	1.7	22.0	2.9	23.0	3.5	27.0	4.1	21.0	3.4	107.0	3.1	5	100.0
07/31/2006 22:45	14.0	1.7	23.0	2.9	24.0	3.4	23.0	4.3	22.0	3.6	106.0	3.2	5	100.0
07/31/2006 22:50	18.0	2.1	22.0	3.0	19.0	2.9	16.0	2.3	17.0	2.3	92.0	2.5	5	100.0
07/31/2006 22:55	11.0	1.3	12.0	1.6	11.0	1.4	10.0	1.6	7.0	1.1	51.0	1.4	5	100.0
07/31/2006 23:00	15.0	1.7	24.0	3.1	21.0	3.1	20.0	3.5	13.0	2.0	93.0	2.7	5	100.0
07/31/2006 23:05	13.0	1.7	21.0	2.7	19.0	3.1	19.0	3.0	15.0	2.5	87.0	2.6	5	100.0
07/31/2006 23:10	14.0	1.6	25.0	3.2	22.0	3.0	18.0	3.2	16.0	3.0	95.0	2.8	5	100.0
07/31/2006 23:15	15.0	1.9	24.0	2.9	21.0	3.1	19.0	3.1	21.0	3.6	100.0	2.9	5	100.0
07/31/2006 23:20	19.0	2.4	26.0	3.5	26.0	4.0	21.0	3.7	16.0	2.5	108.0	3.2	5	100.0
07/31/2006 23:25	14.0	1.7	21.0	2.6	21.0	3.1	19.0	3.6	16.0	2.5	91.0	2.7	5	100.0
07/31/2006 23:30	9.0	1.1	23.0	2.7	20.0	2.9	19.0	3.6	18.0	3.2	89.0	2.7	5	100.0
07/31/2006 23:35	13.0	1.6	20.0	2.5	21.0	3.0	19.0	3.2	18.0	2.7	91.0	2.6	5	100.0
07/31/2006 23:40	11.0	1.3	21.0	2.7	20.0	2.9	17.0	3.3	14.0	1.9	83.0	2.4	5	100.0
07/31/2006 23:45	13.0	1.6	21.0	2.6	21.0	3.0	19.0	3.1	20.0	3.2	94.0	2.7	5	100.0
07/31/2006 23:50	11.0	1.3	21.0	2.6	18.0	3.2	17.0	2.9	15.0	2.5	82.0	2.5	5	100.0
07/31/2006 23:55	11.0	1.3	19.0	2.2	19.0	2.5	17.0	2.9	13.0	2.9	79.0	2.4	5	100.0
