5 Minutes	Lane 1 Flow (Veh/5 Minutes)	Lane 1 Speed (mph)	Lane 2 Flow (Veh/5 Minutes)	Lane 2 Speed (mph)	Lane 3 Flow (Veh/5 Minutes)	Lane 3 Speed (mph)	Lane 4 Flow (Veh/5 Minutes)	Lane 4 Speed (mph)	Lane 5 Flow (Veh/5 Minutes)	Lane 5 Speed (mph)	Flow (Veh/5 Minutes)	Speed (mph)	# Lane Points	% Observed
01/29/2006 00:00	14.0	72.9	15.0	70.5	13.0	68.6	12.0	66.0	8.0	61.5	62.0	68.6	5	0.0
01/29/2006 00:05	14.0	73.0	15.0	70.6	13.0	68.7	12.0	66.1	8.0	61.6	62.0	68.7	5	0.0
01/29/2006 00:10	13.0	72.7	14.0	70.3	13.0	68.4	12.0	65.8	7.0	61.3	59.0	68.4	5	0.0
01/29/2006 00:15	13.0	72.6	14.0	70.2	12.0	68.3	11.0	65.7	7.0	61.2	57.0	68.4	5	0.0
01/29/2006 00:20	12.0	72.8	14.0	70.4	12.0	68.5	11.0	65.9	7.0	61.4	56.0	68.5	5	0.0
01/29/2006 00:25	12.0	72.6	14.0	70.2	12.0	68.3	11.0	65.7	7.0	61.2	56.0	68.3	5	0.0
01/29/2006 00:30	12.0	72.9	13.0	70.5	12.0	68.6	11.0	66.0	7.0	61.5	55.0	68.6	5	0.0
01/29/2006 00:35	12.0	72.9	13.0	70.5	12.0	68.6	11.0	66.0	7.0	61.5	55.0	68.6	5	0.0
01/29/2006 00:40	12.0	72.8	13.0	70.4	11.0	68.5	10.0	65.9	7.0	61.4	53.0	68.5	5	0.0
01/29/2006 00:45	12.0	72.8	13.0	70.4	11.0	68.5	10.0	65.9	7.0	61.4	53.0	68.5	5	0.0
01/29/2006 00:50	12.0	73.0	13.0	70.6	11.0	68.7	10.0	66.1	7.0	61.6	53.0	68.7	5	0.0
01/29/2006 00:55	12.0	72.9	13.0	70.5	12.0	68.6	11.0	66.0	7.0	61.5	55.0	68.6	5	0.0
01/29/2006 01:00	11.0	73.1	12.0	70.7	11.0	68.8	10.0	66.2	6.0	61.7	50.0	68.8	5	0.0
01/29/2006 01:05	11.0	73.1	12.0	70.7	11.0	68.8	10.0	66.2	6.0	61.7	50.0	68.8	5	0.0
01/29/2006 01:10	11.0	72.9	12.0	70.5	11.0	68.6	10.0	66.0	6.0	61.5	50.0	68.6	5	0.0
01/29/2006 01:15	11.0	73.0	12.0	70.6	11.0	68.7	10.0	66.1	6.0	61.6	50.0	68.7	5	0.0
01/29/2006 01:20	11.0	73.0	12.0	70.6	10.0	68.7	9.0	66.1	6.0	61.6	48.0	68.8	5	0.0
01/29/2006 01:25	11.0	72.6	12.0	70.2	10.0	68.3	10.0	65.7	6.0	61.2	49.0	68.3	5	0.0
01/29/2006 01:30	11.0	73.0	12.0	70.6	10.0	68.7	9.0	66.1	6.0	61.6	48.0	68.8	5	0.0
01/29/2006 01:35	10.0	73.1	11.0	70.7	10.0	68.8	9.0	66.2	6.0	61.7	46.0	68.8	5	0.0
01/29/2006 01:40	11.0	73.0	12.0	70.6	10.0	68.7	10.0	66.1	6.0	61.6	49.0	68.7	5	0.0
01/29/2006 01:45	11.0	72.6	12.0	70.2	10.0	68.3	9.0	65.7	6.0	61.2	48.0	68.4	5	0.0
01/29/2006 01:50	10.0	72.7	11.0	70.3	10.0	68.4	9.0	65.8	6.0	61.3	46.0	68.4	5	0.0
01/29/2006 01:55	10.0	73.1	11.0	70.7	10.0	68.8	9.0	66.2	6.0	61.7	46.0	68.8	5	0.0
01/29/2006 02:00	11.0	73.2	12.0	70.8	10.0	68.9	10.0	66.2	6.0	61.7	49.0	68.9	5	0.0
01/29/2006 02:05	10.0	73.1	11.0	70.7	10.0	68.8	9.0	66.2	6.0	61.7	46.0	68.8	5	0.0
01/29/2006 02:10	10.0	73.1	11.0	70.7	10.0	68.8	9.0	66.2	6.0	61.7	46.0	68.8	5	0.0
01/29/2006 02:15	10.0	73.1	11.0	70.7	10.0	68.8	9.0	66.2	6.0	61.7	46.0	68.8	5	0.0
01/29/2006 02:20	10.0	72.8	11.0	70.4	10.0	68.5	9.0	65.9	6.0	61.4	46.0	68.5	5	0.0
01/29/2006 02:25	10.0	72.8	11.0	70.4	10.0	68.5	9.0	65.9	6.0	61.4	46.0	68.5	5	0.0
01/29/2006 02:30	10.0	72.9	10.0	70.5	9.0	68.6	8.0	66.0	5.0	61.5	42.0	68.7	5	0.0
01/29/2006 02:35	10.0	72.9	11.0	70.5	10.0	68.6	9.0	66.0	6.0	61.5	46.0	68.6	5	0.0
01/29/2006 02:40	10.0	72.9	11.0	70.5	9.0	68.6	9.0	66.0	6.0	61.5	45.0	68.6	5	0.0
01/29/2006 02:45	10.0	73.2	10.0	70.8	9.0	68.9	8.0	66.2	5.0	61.7	42.0	69.0	5	0.0
01/29/2006 02:50	10.0	72.8	10.0	70.4	9.0	68.5	8.0	65.9	5.0	61.4	42.0	68.6	5	0.0
01/29/2006 02:55	10.0	73.1	10.0	70.7	9.0	68.8	8.0	66.2	5.0	61.7	42.0	68.9	5	0.0
01/29/2006 03:00	10.0	73.2	10.0	70.8	9.0	68.9	8.0	66.2	5.0	61.7	42.0	69.0	5	0.0
01/29/2006 03:05	10.0	72.9	10.0	70.5	9.0	68.6	8.0	66.0	5.0	61.5	42.0	68.7	5	0.0
01/29/2006 03:10	9.0	72.5	10.0	70.1	9.0	68.2	8.0	65.6	5.0	61.1	41.0	68.2	5	0.0
01/29/2006 03:15	9.0	72.5	10.0	70.1	9.0	68.2	8.0	65.6	5.0	61.1	41.0	68.2	5	0.0
01/29/2006 03:20	9.0	72.4	10.0	70.0	9.0	68.1	8.0	65.5	5.0	61.0	41.0	68.1	5	0.0
01/29/2006 03:25	10.0	72.8	10.0	70.4	9.0	68.5	8.0	65.9	5.0	61.4	42.0	68.6	5	0.0
01/29/2006 03:30	9.0	72.7	10.0	70.3	9.0	68.4	8.0	65.8	5.0	61.3	41.0	68.4	5	0.0
01/29/2006 03:35	9.0	72.5	10.0	70.1	9.0	68.2	8.0	65.6	5.0	61.1	41.0	68.2	5	0.0
01/29/2006 03:40	9.0	72.4	10.0	70.0	9.0	68.1	8.0	65.5	5.0	61.0	41.0	68.1	5	0.0
01/29/2006 03:45	9.0	71.8	10.0	69.5	9.0	67.6	8.0	65.0	5.0	60.6	41.0	67.6	5	0.0
01/29/2006 03:50	9.0	72.3	10.0	69.9	9.0	68.0	8.0	65.4	5.0	60.9	41.0	68.0	5	0.0
01/29/2006 03:55	9.0	72.1	10.0	69.7	9.0	67.8	8.0	65.2	5.0	60.8	41.0	67.8	5	0.0
01/29/2006 04:00	9.0	72.7	10.0	70.3	9.0	68.4	8.0	65.8	5.0	61.3	41.0	68.4	5	0.0
01/29/2006 04:05	9.0	73.0	10.0	70.6	9.0	68.7	8.0	66.1	5.0	61.6	41.0	68.7	5	0.0
01/29/2006 04:10	9.0	72.8	10.0	70.4	9.0	68.5	8.0	65.9	5.0	61.4	41.0	68.5	5	0.0
01/29/2006 04:15	9.0	72.8	10.0	70.4	9.0	68.5	8.0	65.9	5.0	61.4	41.0	68.5	5	0.0
01/29/2006 04:20	9.0	73.0	10.0	70.6	9.0	68.7	8.0	66.1	5.0	61.6	41.0	68.7	5	0.0
01/29/2006 04:25	9.0	73.0	10.0	70.6	9.0	68.7	8.0	66.1	5.0	61.6	41.0	68.7	5	0.0
01/29/2006 04:30	9.0	72.7	10.0	70.3	9.0	68.4	8.0	65.8	5.0	61.3	41.0	68.4	5	0.0
01/29/2006 04:35	9.0	73.2	10.0	70.8	9.0	68.9	8.0	66.2	5.0	61.7	41.0	68.9	5	0.0
01/29/2006 04:40	9.0	73.2	10.0	70.8	9.0	68.9	8.0	66.2	5.0	61.7	41.0	68.9	5	0.0
01/29/2006 04:45	10.0	73.2	10.0	70.8	9.0	68.9	8.0	66.2	5.0	61.7	42.0	69.0	5	0.0
01/29/2006 04:50	10.0	73.1	10.0	70.7	9.0	68.8	8.0	66.2	5.0	61.7	42.0	68.9	5	0.0
01/29/2006 04:55	10.0	73.0	10.0	70.6	9.0	68.7	8.0	66.1	5.0	61.6	42.0	68.8	5	0.0
01/29/2006 05:00	9.0	72.8	10.0	70.4	9.0	68.5	8.0	65.9	5.0	61.4	41.0	68.5	5	0.0
01/29/2006 05:05	10.0	72.8	10.0	70.4	9.0	68.5	8.0	65.9	5.0	61.4	42.0	68.6	5	0.0
01/29/2006 05:10	10.0	72.6	11.0	70.2	10.0	68.3	9.0	65.7	6.0	61.2	46.0	68.3	5	0.0
01/29/2006 05:15	10.0	72.7	11.0	70.3	10.0	68.4	9.0	65.8	6.0	61.3	46.0	68.4	5	0.0
01/29/2006 05:20	10.0	72.8	11.0	70.4	9.0	68.5	9.0	65.9	6.0	61.4	45.0	68.5	5	0.0
01/29/2006 05:25	10.0	72.8	10.0	70.4	9.0	68.5	8.0	65.9	5.0	61.4	42.0	68.6	5	0.0
01/29/2006 05:30	11.0	72.6	12.0	70.2	10.0	68.3	9.0	65.7	6.0	61.2	48.0	68.4	5	0.0
01/29/2006 05:35	11.0	72.9	12.0	70.5	10.0	68.6	10.0	66.0	6.0	61.5	49.0	68.6	5	0.0
01/29/2006 05:40	10.0	73.0	11.0	70.6	10.0	68.7	9.0	66.1	6.0	61.6	46.0	68.7	5	0.0
01/29/2006 05:45	11.0	72.9	12.0	70.5	10.0	68.6	9.0	66.0	6.0	61.5	48.0	68.7	5	0.0
01/29/2006 05:50	11.0	72.9	12.0	70.5	10.0	68.6	10.0	66.0	6.0	61.5	49.0	68.6	5	0.0
01/29/2006 05:55	10.0	72.8	11.0	70.4	10.0	68.5	9.0	65.9	6.0	61.4	46.0	68.5	5	0.0
01/29/2006 06:00	10.0	72.9	11.0	70.5	10.0	68.6	9.0	66.0	6.0	61.5	46.0	68.6	5	0.0
01/29/2006 06:05	11.0	72.9	12.0	70.5	10.0	68.6	9.0	66.0	6.0	61.5	48.0	68.7	5	0.0
01/29/2006 06:10	12.0	73.0	13.0	70.6	11.0	68.7	10.0	66.1	7.0	61.6	53.0	68.7	5	0.0
01/29/2006 06:15	11.0	72.9	12.0	70.5	11.0	68.6	10.0	66.0	6.0	61.5	50.0	68.6	5	0.0
01/29/2006 06:20	11.0	73.0	12.0	70.6	11.0	68.7	10.0	66.1	6.0	61.6	50.0	68.7	5	0.0
01/29/2006 06:25	11.0	73.0	12.0	70.6	11.0	68.7	10.0	66.1	6.0	61.6	50.0	68.7	5	0.0
01/29/2006 06:30	12.0	72.9	13.0	70.5	11.0	68.6	10.0	66.0	7.0	61.5	53.0	68.6	5	0.0
01/29/2006 06:35	12.0	72.9	13.0	70.5	11.0	68.6	10.0	66.0	7.0	61.5	53.0	68.6	5	0.0
01/29/2006 06:40	11.0	72.8	12.0	70.4	11.0	68.5	10.0	65.9	6.0	61.4	50.0	68.5	5	0.0
01/29/2006 06:45	12.0	72.8	13.0	70.4	12.0	68.5	11.0	65.9	7.0	61.4	55.0	68.5	5	0.0
01/29/2006 06:50	12.0	72.8	13.0	70.4	11.0	68.5	10.0	65.9	7.0	61.4	53.0	68.5	5	0.0
01/29/2006 06:55	12.0	72.6	13.0	70.2	11.0	68.3	10.0	65.7	7.0	61.2	53.0	68.3	5	0.0
01/29/2006 07:00	12.0	72.5	13.0	70.1	11.0	68.2	10.0	65.6	7.0	61.1	53.0	68.2	5	0.0
01/29/2006 07:05	11.0	72.6	12.0	70.2	11.0	68.3	10.0	65.7	6.0	61.2	50.0	68.3	5	0.0
01/29/2006 07:10	12.0	72.7	13.0	70.3	11.0	68.4	10.0	65.8	7.0	61.3	53.0	68.4	5	0.0
01/29/2006 07:15	13.0	72.7	14.0	70.3	12.0	68.4	11.0	65.8	7.0	61.3	57.0	68.5	5	0.0
01/29/2006 07:20	13.0	72.5	14.0	70.1	13.0	68.2	12.0	65.6	7.0	61.1	59.0	68.2	5	0.0
01/29/2006 07:25	13.0	72.6	14.0	70.2	13.0	68.3	12.0	65.7	8.0	61.2	60.0	68.2	5	0.0
01/29/2006 07:30	13.0	73.0	14.0	70.6	13.0	68.7	12.0	66.1	7.0	61.6	59.0	68.7	5	0.0
01/29/2006 07:35	14.0	72.8	15.0	70.4	13.0	68.5	12.0	65.9	8.0	61.4	62.0	68.5	5	0.0
01/29/2006 07:40	14.0	73.1	15.0	70.7	13.0	68.8	12.0	66.2	8.0	61.7	62.0	68.8	5	0.0
01/29/2006 07:45	14.0	73.1	16.0	70.7	14.0	68.8	13.0	66.2	8.0	61.7	65.0	68.8	5	0.0
01/29/2006 07:50	14.0	72.9	15.0	70.5	14.0	68.6	13.0	66.0	8.0	61.5	64.0	68.6	5	0.0
01/29/2006 07:55	15.0	72.7	16.0	70.3	14.0	68.4	13.0	65.8	8.0	61.3	66.0	68.5	5	0.0
01/29/2006 08:00	15.0	72.9	16.0	70.5	14.0	68.6	13.0	66.0	8.0	61.5	66.0	68.7	5	0.0
01/29/2006 08:05	14.0	73.0	15.0	70.6	13.0	68.7	12.0	66.1	8.0	61.6	62.0	68.7	5	0.0
01/29/2006 08:10	14.0	73.1	16.0	70.7	14.0	68.8	13.0	66.2	8.0	61.7	65.0	68.8	5	0.0
01/29/2006 08:15	15.0	73.2	16.0	70.8	14.0	68.9	13.0	66.2	8.0	61.7	66.0	69.0	5	0.0
01/29/2006 08:20	15.0	73.0	16.0	70.6	14.0	68.7	13.0	66.1	9.0	61.6	67.0	68.7	5	0.0
01/29/2006 08:25	15.0	73.3	16.0	70.9	14.0	69.0	13.0	66.3	9.0	61.8	67.0	69.0	5	0.0
01/29/2006 08:30	15.0	72.8	16.0	70.4	14.0	68.5	13.0	65.9	9.0	61.4	67.0	68.5	5	0.0
01/29/2006 08:35	16.0	73.0	17.0	70.6	15.0	68.7	14.0	66.1	9.0	61.6	71.0	68.7	5	0.0
01/29/2006 08:40	15.0	72.7	17.0	70.3	15.0	68.4	14.0	65.8	9.0	61.3	70.0	68.4	5	0.0
01/29/2006 08:45	17.0	73.1	19.0	70.7	17.0	68.8	15.0	66.2	10.0	61.7	78.0	68.8	5	0.0
01/29/2006 08:50	17.0	72.7	19.0	70.3	17.0	68.4	15.0	65.8	10.0	61.3	78.0	68.4	5	0.0
01/29/2006 08:55	18.0	72.3	19.0	69.9	17.0	68.0	16.0	65.4	10.0	60.9	80.0	68.0	5	0.0
01/29/2006 09:00	17.0	72.9	19.0	70.5	17.0	68.6	16.0	66.0	10.0	61.5	79.0	68.6	5	0.0
01/29/2006 09:05	18.0	73.0	19.0	70.6	17.0	68.7	16.0	66.1	10.0	61.6	80.0	68.7	5	0.0
01/29/2006 09:10	18.0	73.3	20.0	70.9	17.0	69.0	16.0	66.3	10.0	61.8	81.0	69.0	5	0.0
01/29/2006 09:15	18.0	73.1	20.0	70.7	17.0	68.8	16.0	66.2	10.0	61.7	81.0	68.8	5	0.0
01/29/2006 09:20	20.0	73.6	21.0	71.2	19.0	69.2	18.0	66.5	11.0	62.0	89.0	69.2	5	0.0
01/29/2006 09:25	20.0	73.4	21.0	71.0	19.0	69.1	18.0	66.4	11.0	61.9	89.0	69.1	5	0.0
01/29/2006 09:30	19.0	72.8	21.0	70.4	19.0	68.5	17.0	65.9	11.0	61.4	87.0	68.5	5	0.0
01/29/2006 09:35	21.0	73.0	23.0	70.6	20.0	68.7	19.0	66.1	12.0	61.6	95.0	68.7	5	0.0
01/29/2006 09:40	21.0	72.9	22.0	70.5	20.0	68.6	18.0	66.0	12.0	61.5	93.0	68.6	5	0.0
01/29/2006 09:45	22.0	72.5	24.0	70.1	21.0	68.2	20.0	65.6	13.0	61.1	100.0	68.2	5	0.0
01/29/2006 09:50	22.0	72.6	24.0	70.2	22.0	68.3	20.0	65.7	13.0	61.2	101.0	68.3	5	0.0
01/29/2006 09:55	21.0	72.5	23.0	70.1	20.0	68.2	19.0	65.6	12.0	61.1	95.0	68.2	5	0.0
01/29/2006 10:00	21.0	72.8	23.0	70.4	21.0	68.5	19.0	65.9	12.0	61.4	96.0	68.5	5	0.0
01/29/2006 10:05	22.0	72.8	24.0	70.4	21.0	68.5	20.0	65.9	13.0	61.4	100.0	68.5	5	0.0
01/29/2006 10:10	23.0	72.7	25.0	70.3	22.0	68.4	21.0	65.8	13.0	61.3	104.0	68.4	5	0.0
01/29/2006 10:15	23.0	72.6	26.0	70.2	23.0	68.3	21.0	65.7	13.0	61.2	106.0	68.3	5	0.0
01/29/2006 10:20	24.0	72.6	26.0	70.2	23.0	68.3	21.0	65.7	14.0	61.2	108.0	68.3	5	0.0
01/29/2006 10:25	25.0	72.9	27.0	70.5	24.0	68.6	23.0	66.0	14.0	61.5	113.0	68.6	5	0.0
01/29/2006 10:30	25.0	72.7	27.0	70.3	24.0	68.4	22.0	65.8	14.0	61.3	112.0	68.4	5	0.0
01/29/2006 10:35	25.0	72.9	27.0	70.5	24.0	68.6	22.0	66.0	14.0	61.5	112.0	68.6	5	0.0
01/29/2006 10:40	27.0	72.5	29.0	70.1	26.0	68.2	24.0	65.6	15.0	61.1	121.0	68.2	5	0.0
01/29/2006 10:45	26.0	72.6	28.0	70.2	25.0	68.3	23.0	65.7	15.0	61.2	117.0	68.3	5	0.0
01/29/2006 10:50	26.0	71.8	28.0	69.5	25.0	67.6	23.0	65.0	15.0	60.6	117.0	67.6	5	0.0
01/29/2006 10:55	26.0	72.7	29.0	70.3	25.0	68.4	24.0	65.8	15.0	61.3	119.0	68.4	5	0.0
01/29/2006 11:00	25.0	72.6	27.0	70.2	24.0	68.3	22.0	65.7	14.0	61.2	112.0	68.3	5	0.0
01/29/2006 11:05	25.0	73.1	27.0	70.7	24.0	68.8	22.0	66.2	14.0	61.7	112.0	68.8	5	0.0
01/29/2006 11:10	26.0	73.1	28.0	70.7	25.0	68.8	23.0	66.2	15.0	61.7	117.0	68.8	5	0.0
01/29/2006 11:15	26.0	72.5	28.0	70.1	25.0	68.2	23.0	65.6	15.0	61.1	117.0	68.2	5	0.0
01/29/2006 11:20	26.0	72.2	29.0	69.8	25.0	67.9	24.0	65.3	15.0	60.8	119.0	67.9	5	0.0
01/29/2006 11:25	27.0	72.4	30.0	70.0	26.0	68.1	24.0	65.5	16.0	61.0	123.0	68.1	5	0.0
01/29/2006 11:30	27.0	72.9	29.0	70.5	26.0	68.6	24.0	66.0	15.0	61.5	121.0	68.6	5	0.0
01/29/2006 11:35	28.0	72.6	31.0	70.2	27.0	68.3	25.0	65.7	16.0	61.2	127.0	68.3	5	0.0
01/29/2006 11:40	29.0	72.8	31.0	70.4	28.0	68.5	26.0	65.9	17.0	61.4	131.0	68.5	5	0.0
01/29/2006 11:45	28.0	72.5	30.0	70.1	27.0	68.2	25.0	65.6	16.0	61.1	126.0	68.2	5	0.0
01/29/2006 11:50	29.0	72.8	31.0	70.4	27.0	68.5	25.0	65.9	16.0	61.4	128.0	68.5	5	0.0
01/29/2006 11:55	28.0	72.3	30.0	69.9	27.0	68.0	25.0	65.4	16.0	60.9	126.0	68.0	5	0.0
01/29/2006 12:00	27.0	71.7	30.0	69.4	26.0	67.5	24.0	64.9	16.0	60.5	123.0	67.5	5	0.0
01/29/2006 12:05	27.0	72.3	29.0	69.9	26.0	68.0	24.0	65.4	15.0	60.9	121.0	68.0	5	0.0
01/29/2006 12:10	28.0	72.5	30.0	70.1	27.0	68.2	25.0	65.6	16.0	61.1	126.0	68.2	5	0.0
01/29/2006 12:15	30.0	71.2	32.0	68.9	29.0	67.0	26.0	64.4	17.0	60.0	134.0	67.0	5	0.0
01/29/2006 12:20	29.0	71.0	32.0	68.7	28.0	66.8	26.0	64.2	17.0	59.8	132.0	66.8	5	0.0
01/29/2006 12:25	29.0	71.3	32.0	69.0	28.0	67.1	26.0	64.5	17.0	60.1	132.0	67.1	5	0.0
01/29/2006 12:30	30.0	72.3	33.0	69.9	29.0	68.0	27.0	65.4	17.0	60.9	136.0	68.0	5	0.0
01/29/2006 12:35	29.0	72.6	31.0	70.2	28.0	68.3	26.0	65.7	17.0	61.2	131.0	68.3	5	0.0
01/29/2006 12:40	30.0	72.4	33.0	70.0	29.0	68.1	27.0	65.5	17.0	61.0	136.0	68.1	5	0.0
01/29/2006 12:45	31.0	70.8	34.0	68.5	30.0	66.6	28.0	64.0	18.0	59.7	141.0	66.6	5	0.0
01/29/2006 12:50	29.0	71.5	32.0	69.2	28.0	67.3	26.0	64.7	17.0	60.3	132.0	67.3	5	0.0
01/29/2006 12:55	30.0	71.4	33.0	69.1	29.0	67.2	27.0	64.6	17.0	60.2	136.0	67.2	5	0.0
01/29/2006 13:00	30.0	71.0	33.0	68.7	29.0	66.8	27.0	64.2	17.0	59.8	136.0	66.8	5	0.0
01/29/2006 13:05	30.0	70.9	33.0	68.6	29.0	66.7	27.0	64.1	17.0	59.8	136.0	66.7	5	0.0
01/29/2006 13:10	29.0	70.9	31.0	68.6	28.0	66.7	26.0	64.1	17.0	59.8	131.0	66.6	5	0.0
01/29/2006 13:15	30.0	72.1	33.0	69.7	29.0	67.8	27.0	65.2	17.0	60.8	136.0	67.8	5	0.0
01/29/2006 13:20	29.0	71.5	32.0	69.2	28.0	67.3	26.0	64.7	17.0	60.3	132.0	67.3	5	0.0
01/29/2006 13:25	29.0	71.3	32.0	69.0	28.0	67.1	26.0	64.5	17.0	60.1	132.0	67.1	5	0.0
01/29/2006 13:30	29.0	71.1	31.0	68.8	27.0	66.9	25.0	64.3	16.0	59.9	128.0	66.9	5	0.0
01/29/2006 13:35	30.0	70.2	33.0	67.9	29.0	66.1	27.0	63.5	17.0	59.2	136.0	66.1	5	0.0
01/29/2006 13:40	31.0	71.0	34.0	68.7	30.0	66.8	28.0	64.2	18.0	59.8	141.0	66.8	5	0.0
01/29/2006 13:45	31.0	71.2	34.0	68.9	30.0	67.0	28.0	64.4	18.0	60.0	141.0	67.0	5	0.0
01/29/2006 13:50	31.0	71.0	34.0	68.7	30.0	66.8	27.0	64.2	18.0	59.8	140.0	66.8	5	0.0
01/29/2006 13:55	31.0	70.9	33.0	68.6	29.0	66.7	27.0	64.1	18.0	59.8	138.0	66.7	5	0.0
01/29/2006 14:00	31.0	70.5	34.0	68.2	30.0	66.4	28.0	63.8	18.0	59.5	141.0	66.4	5	0.0
01/29/2006 14:05	31.0	70.8	34.0	68.5	30.0	66.6	27.0	64.0	18.0	59.7	140.0	66.6	5	0.0
01/29/2006 14:10	30.0	71.0	33.0	68.7	29.0	66.8	27.0	64.2	17.0	59.8	136.0	66.8	5	0.0
01/29/2006 14:15	30.0	71.3	32.0	69.0	29.0	67.1	26.0	64.5	17.0	60.1	134.0	67.1	5	0.0
01/29/2006 14:20	30.0	71.4	32.0	69.1	29.0	67.2	26.0	64.6	17.0	60.2	134.0	67.2	5	0.0
01/29/2006 14:25	32.0	70.8	34.0	68.5	30.0	66.6	28.0	64.0	18.0	59.7	142.0	66.6	5	0.0
01/29/2006 14:30	30.0	71.3	33.0	69.0	29.0	67.1	27.0	64.5	17.0	60.1	136.0	67.1	5	0.0
01/29/2006 14:35	31.0	71.1	33.0	68.8	29.0	66.9	27.0	64.3	18.0	59.9	138.0	66.9	5	0.0
01/29/2006 14:40	31.0	71.5	34.0	69.2	30.0	67.3	28.0	64.7	18.0	60.3	141.0	67.3	5	0.0
01/29/2006 14:45	31.0	71.5	34.0	69.2	30.0	67.3	27.0	64.7	18.0	60.3	140.0	67.3	5	0.0
01/29/2006 14:50	31.0	71.0	34.0	68.7	30.0	66.8	28.0	64.2	18.0	59.8	141.0	66.8	5	0.0
01/29/2006 14:55	31.0	71.6	34.0	69.3	30.0	67.4	28.0	64.8	18.0	60.4	141.0	67.4	5	0.0
01/29/2006 15:00	30.0	70.9	33.0	68.6	29.0	66.7	27.0	64.1	17.0	59.8	136.0	66.7	5	0.0
01/29/2006 15:05	29.0	71.0	31.0	68.7	27.0	66.8	25.0	64.2	16.0	59.8	128.0	66.8	5	0.0
01/29/2006 15:10	29.0	71.1	32.0	68.8	28.0	66.9	26.0	64.3	17.0	59.9	132.0	66.9	5	0.0
01/29/2006 15:15	30.0	70.8	33.0	68.5	29.0	66.6	27.0	64.0	17.0	59.7	136.0	66.6	5	0.0
01/29/2006 15:20	31.0	71.4	34.0	69.1	30.0	67.2	28.0	64.6	18.0	60.2	141.0	67.2	5	0.0
01/29/2006 15:25	29.0	70.8	32.0	68.5	28.0	66.6	26.0	64.0	17.0	59.7	132.0	66.6	5	0.0
01/29/2006 15:30	31.0	71.4	33.0	69.1	29.0	67.2	27.0	64.6	18.0	60.2	138.0	67.2	5	0.0
01/29/2006 15:35	31.0	70.7	33.0	68.3	29.0	66.5	27.0	63.9	18.0	59.6	138.0	66.5	5	0.0
01/29/2006 15:40	32.0	71.0	35.0	68.7	31.0	66.8	28.0	64.2	18.0	59.8	144.0	66.8	5	0.0
01/29/2006 15:45	30.0	70.3	33.0	68.0	29.0	66.2	27.0	63.6	17.0	59.3	136.0	66.2	5	0.0
01/29/2006 15:50	30.0	69.8	32.0	67.5	29.0	65.7	26.0	63.1	17.0	58.9	134.0	65.7	5	0.0
01/29/2006 15:55	31.0	70.2	34.0	67.9	30.0	66.1	27.0	63.5	18.0	59.2	140.0	66.1	5	0.0
01/29/2006 16:00	31.0	69.9	34.0	67.6	30.0	65.8	27.0	63.2	18.0	58.9	140.0	65.8	5	0.0
01/29/2006 16:05	30.0	69.7	33.0	67.4	29.0	65.6	27.0	63.0	17.0	58.8	136.0	65.6	5	0.0
01/29/2006 16:10	30.0	70.7	33.0	68.3	29.0	66.5	27.0	63.9	17.0	59.6	136.0	66.5	5	0.0
01/29/2006 16:15	29.0	70.3	32.0	68.0	28.0	66.2	26.0	63.6	17.0	59.3	132.0	66.2	5	0.0
01/29/2006 16:20	31.0	71.1	34.0	68.8	30.0	66.9	28.0	64.3	18.0	59.9	141.0	66.9	5	0.0
01/29/2006 16:25	30.0	70.3	33.0	68.0	29.0	66.2	27.0	63.6	17.0	59.3	136.0	66.2	5	0.0
01/29/2006 16:30	31.0	70.3	34.0	68.0	30.0	66.2	28.0	63.6	18.0	59.3	141.0	66.2	5	0.0
01/29/2006 16:35	31.0	70.3	34.0	68.0	30.0	66.2	28.0	63.6	18.0	59.3	141.0	66.2	5	0.0
01/29/2006 16:40	32.0	70.0	35.0	67.7	31.0	65.9	28.0	63.3	18.0	59.0	144.0	65.9	5	0.0
01/29/2006 16:45	31.0	69.7	34.0	67.4	30.0	65.6	28.0	63.0	18.0	58.8	141.0	65.6	5	0.0
01/29/2006 16:50	31.0	70.0	34.0	67.7	30.0	65.9	28.0	63.3	18.0	59.0	141.0	65.9	5	0.0
01/29/2006 16:55	33.0	70.1	35.0	67.8	31.0	66.0	29.0	63.4	19.0	59.1	147.0	66.0	5	0.0
01/29/2006 17:00	31.0	70.2	34.0	67.9	30.0	66.1	28.0	63.5	18.0	59.2	141.0	66.1	5	0.0
01/29/2006 17:05	31.0	71.5	34.0	69.2	30.0	67.3	28.0	64.7	18.0	60.3	141.0	67.3	5	0.0
01/29/2006 17:10	32.0	71.5	35.0	69.2	31.0	67.3	29.0	64.7	19.0	60.3	146.0	67.2	5	0.0
01/29/2006 17:15	33.0	71.7	35.0	69.4	31.0	67.5	29.0	64.9	19.0	60.5	147.0	67.5	5	0.0
01/29/2006 17:20	32.0	71.0	34.0	68.7	30.0	66.8	28.0	64.2	18.0	59.8	142.0	66.8	5	0.0
01/29/2006 17:25	31.0	71.8	34.0	69.5	30.0	67.6	27.0	65.0	18.0	60.6	140.0	67.6	5	0.0
01/29/2006 17:30	30.0	71.1	32.0	68.8	29.0	66.9	26.0	64.3	17.0	59.9	134.0	66.9	5	0.0
01/29/2006 17:35	29.0	71.1	32.0	68.8	28.0	66.9	26.0	64.3	17.0	59.9	132.0	66.9	5	0.0
01/29/2006 17:40	31.0	71.1	33.0	68.8	29.0	66.9	27.0	64.3	18.0	59.9	138.0	66.9	5	0.0
01/29/2006 17:45	32.0	71.1	34.0	68.8	30.0	66.9	28.0	64.3	18.0	59.9	142.0	66.9	5	0.0
01/29/2006 17:50	30.0	70.0	33.0	67.7	29.0	65.9	27.0	63.3	17.0	59.0	136.0	65.9	5	0.0
01/29/2006 17:55	30.0	70.0	32.0	67.7	29.0	65.9	26.0	63.3	17.0	59.0	134.0	65.9	5	0.0
01/29/2006 18:00	29.0	71.5	32.0	69.2	28.0	67.3	26.0	64.7	17.0	60.3	132.0	67.3	5	0.0
01/29/2006 18:05	30.0	72.2	32.0	69.8	29.0	67.9	26.0	65.3	17.0	60.8	134.0	67.9	5	0.0
01/29/2006 18:10	29.0	72.5	31.0	70.1	27.0	68.2	25.0	65.6	16.0	61.1	128.0	68.2	5	0.0
01/29/2006 18:15	27.0	72.5	30.0	70.1	26.0	68.2	24.0	65.6	16.0	61.1	123.0	68.2	5	0.0
01/29/2006 18:20	28.0	72.5	30.0	70.1	27.0	68.2	25.0	65.6	16.0	61.1	126.0	68.2	5	0.0
01/29/2006 18:25	29.0	73.7	32.0	71.3	28.0	69.3	26.0	66.6	17.0	62.1	132.0	69.3	5	0.0
01/29/2006 18:30	28.0	73.7	31.0	71.3	27.0	69.3	25.0	66.6	16.0	62.1	127.0	69.3	5	0.0
01/29/2006 18:35	27.0	73.4	30.0	71.0	26.0	69.1	24.0	66.4	16.0	61.9	123.0	69.1	5	0.0
01/29/2006 18:40	27.0	73.2	29.0	70.8	26.0	68.9	24.0	66.2	15.0	61.7	121.0	68.9	5	0.0
01/29/2006 18:45	26.0	74.0	28.0	71.6	25.0	69.6	23.0	66.9	15.0	62.4	117.0	69.6	5	0.0
01/29/2006 18:50	24.0	74.4	27.0	72.0	23.0	70.0	22.0	67.3	14.0	62.7	110.0	70.0	5	0.0
01/29/2006 18:55	25.0	74.2	27.0	71.8	24.0	69.8	22.0	67.1	14.0	62.6	112.0	69.8	5	0.0
01/29/2006 19:00	25.0	73.7	27.0	71.3	24.0	69.3	22.0	66.6	14.0	62.1	112.0	69.3	5	0.0
01/29/2006 19:05	25.0	73.9	27.0	71.5	24.0	69.5	22.0	66.8	14.0	62.3	112.0	69.5	5	0.0
01/29/2006 19:10	23.0	74.1	25.0	71.7	22.0	69.7	20.0	67.0	13.0	62.5	103.0	69.7	5	0.0
01/29/2006 19:15	24.0	74.4	26.0	72.0	23.0	70.0	21.0	67.3	14.0	62.7	108.0	70.0	5	0.0
01/29/2006 19:20	23.0	73.9	25.0	71.5	22.0	69.5	21.0	66.8	13.0	62.3	104.0	69.5	5	0.0
01/29/2006 19:25	23.0	74.3	26.0	71.9	23.0	69.9	21.0	67.2	13.0	62.7	106.0	69.9	5	0.0
01/29/2006 19:30	22.0	74.1	24.0	71.7	21.0	69.7	20.0	67.0	13.0	62.5	100.0	69.7	5	0.0
01/29/2006 19:35	22.0	73.8	24.0	71.4	22.0	69.4	20.0	66.7	13.0	62.2	101.0	69.4	5	0.0
01/29/2006 19:40	23.0	74.0	25.0	71.6	22.0	69.6	21.0	66.9	13.0	62.4	104.0	69.6	5	0.0
01/29/2006 19:45	22.0	74.2	24.0	71.8	21.0	69.8	19.0	67.1	12.0	62.6	98.0	69.9	5	0.0
01/29/2006 19:50	22.0	74.3	24.0	71.9	21.0	69.9	20.0	67.2	13.0	62.7	100.0	69.9	5	0.0
01/29/2006 19:55	23.0	74.4	25.0	72.0	22.0	70.0	20.0	67.3	13.0	62.7	103.0	70.0	5	0.0
01/29/2006 20:00	20.0	74.0	22.0	71.6	20.0	69.6	18.0	66.9	12.0	62.4	92.0	69.6	5	0.0
01/29/2006 20:05	21.0	73.8	23.0	71.4	21.0	69.4	19.0	66.7	12.0	62.2	96.0	69.4	5	0.0
01/29/2006 20:10	21.0	74.3	23.0	71.9	20.0	69.9	19.0	67.2	12.0	62.7	95.0	69.9	5	0.0
01/29/2006 20:15	21.0	74.0	23.0	71.6	20.0	69.6	19.0	66.9	12.0	62.4	95.0	69.6	5	0.0
01/29/2006 20:20	20.0	73.8	22.0	71.4	20.0	69.4	18.0	66.7	12.0	62.2	92.0	69.4	5	0.0
01/29/2006 20:25	21.0	74.0	23.0	71.6	20.0	69.6	19.0	66.9	12.0	62.4	95.0	69.6	5	0.0
01/29/2006 20:30	20.0	73.4	22.0	71.0	19.0	69.1	18.0	66.4	11.0	61.9	90.0	69.1	5	0.0
01/29/2006 20:35	19.0	74.0	21.0	71.6	19.0	69.6	17.0	66.9	11.0	62.4	87.0	69.6	5	0.0
01/29/2006 20:40	19.0	73.3	21.0	70.9	18.0	69.0	17.0	66.3	11.0	61.8	86.0	69.0	5	0.0
01/29/2006 20:45	20.0	73.9	22.0	71.5	19.0	69.5	18.0	66.8	11.0	62.3	90.0	69.5	5	0.0
01/29/2006 20:50	18.0	73.9	20.0	71.5	17.0	69.5	16.0	66.8	10.0	62.3	81.0	69.5	5	0.0
01/29/2006 20:55	19.0	73.7	21.0	71.3	18.0	69.3	17.0	66.6	11.0	62.1	86.0	69.3	5	0.0
01/29/2006 21:00	18.0	73.2	20.0	70.8	18.0	68.9	16.0	66.2	11.0	61.7	83.0	68.9	5	0.0
01/29/2006 21:05	19.0	73.1	21.0	70.7	19.0	68.8	17.0	66.2	11.0	61.7	87.0	68.8	5	0.0
01/29/2006 21:10	18.0	73.6	20.0	71.2	17.0	69.2	16.0	66.5	10.0	62.0	81.0	69.2	5	0.0
01/29/2006 21:15	19.0	73.1	20.0	70.7	18.0	68.8	17.0	66.2	11.0	61.7	85.0	68.8	5	0.0
01/29/2006 21:20	18.0	73.2	19.0	70.8	17.0	68.9	16.0	66.2	10.0	61.7	80.0	68.9	5	0.0
01/29/2006 21:25	18.0	73.0	20.0	70.6	17.0	68.7	16.0	66.1	10.0	61.6	81.0	68.7	5	0.0
01/29/2006 21:30	19.0	73.6	20.0	71.2	18.0	69.2	17.0	66.5	11.0	62.0	85.0	69.2	5	0.0
01/29/2006 21:35	19.0	73.6	20.0	71.2	18.0	69.2	17.0	66.5	11.0	62.0	85.0	69.2	5	0.0
01/29/2006 21:40	18.0	73.3	19.0	70.9	17.0	69.0	16.0	66.3	10.0	61.8	80.0	69.0	5	0.0
01/29/2006 21:45	18.0	73.3	20.0	70.9	17.0	69.0	16.0	66.3	10.0	61.8	81.0	69.0	5	0.0
01/29/2006 21:50	17.0	73.4	18.0	71.0	16.0	69.1	15.0	66.4	10.0	61.9	76.0	69.1	5	0.0
01/29/2006 21:55	17.0	73.4	19.0	71.0	17.0	69.1	16.0	66.4	10.0	61.9	79.0	69.1	5	0.0
01/29/2006 22:00	17.0	72.9	18.0	70.5	16.0	68.6	15.0	66.0	10.0	61.5	76.0	68.6	5	0.0
01/29/2006 22:05	17.0	72.8	18.0	70.4	16.0	68.5	15.0	65.9	10.0	61.4	76.0	68.5	5	0.0
01/29/2006 22:10	16.0	72.2	18.0	69.8	16.0	67.9	14.0	65.3	9.0	60.8	73.0	67.9	5	0.0
01/29/2006 22:15	17.0	72.4	19.0	70.0	16.0	68.1	15.0	65.5	10.0	61.0	77.0	68.1	5	0.0
01/29/2006 22:20	17.0	72.5	18.0	70.1	16.0	68.2	15.0	65.6	10.0	61.1	76.0	68.2	5	0.0
01/29/2006 22:25	17.0	72.6	18.0	70.2	16.0	68.3	15.0	65.7	10.0	61.2	76.0	68.3	5	0.0
01/29/2006 22:30	16.0	72.4	17.0	70.0	15.0	68.1	14.0	65.5	9.0	61.0	71.0	68.1	5	0.0
01/29/2006 22:35	16.0	72.9	17.0	70.5	15.0	68.6	14.0	66.0	9.0	61.5	71.0	68.6	5	0.0
01/29/2006 22:40	16.0	73.2	17.0	70.8	15.0	68.9	14.0	66.2	9.0	61.7	71.0	68.9	5	0.0
01/29/2006 22:45	15.0	73.2	16.0	70.8	14.0	68.9	13.0	66.2	9.0	61.7	67.0	68.9	5	0.0
01/29/2006 22:50	14.0	72.9	15.0	70.5	14.0	68.6	13.0	66.0	8.0	61.5	64.0	68.6	5	0.0
01/29/2006 22:55	14.0	72.9	15.0	70.5	13.0	68.6	12.0	66.0	8.0	61.5	62.0	68.6	5	0.0
01/29/2006 23:00	13.0	72.6	14.0	70.2	13.0	68.3	12.0	65.7	7.0	61.2	59.0	68.3	5	0.0
01/29/2006 23:05	14.0	73.0	15.0	70.6	13.0	68.7	12.0	66.1	8.0	61.6	62.0	68.7	5	0.0
01/29/2006 23:10	13.0	72.5	14.0	70.1	13.0	68.2	12.0	65.6	7.0	61.1	59.0	68.2	5	0.0
01/29/2006 23:15	13.0	73.1	14.0	70.7	13.0	68.8	12.0	66.2	7.0	61.7	59.0	68.8	5	0.0
01/29/2006 23:20	14.0	73.1	15.0	70.7	13.0	68.8	12.0	66.2	8.0	61.7	62.0	68.8	5	0.0
01/29/2006 23:25	13.0	72.9	14.0	70.5	12.0	68.6	11.0	66.0	7.0	61.5	57.0	68.7	5	0.0
01/29/2006 23:30	13.0	73.2	14.0	70.8	12.0	68.9	11.0	66.2	7.0	61.7	57.0	69.0	5	0.0
01/29/2006 23:35	13.0	72.7	14.0	70.3	12.0	68.4	11.0	65.8	7.0	61.3	57.0	68.5	5	0.0
01/29/2006 23:40	12.0	72.6	13.0	70.2	12.0	68.3	11.0	65.7	7.0	61.2	55.0	68.3	5	0.0
01/29/2006 23:45	12.0	72.8	14.0	70.4	12.0	68.5	11.0	65.9	7.0	61.4	56.0	68.5	5	0.0
01/29/2006 23:50	12.0	72.9	13.0	70.5	12.0	68.6	11.0	66.0	7.0	61.5	55.0	68.6	5	0.0
01/29/2006 23:55	12.0	72.7	13.0	70.3	11.0	68.4	10.0	65.8	7.0	61.3	53.0	68.4	5	0.0
01/30/2006 00:00	21.0	73.9	23.0	71.5	20.0	69.5	19.0	66.8	12.0	62.3	95.0	69.5	5	0.0
01/30/2006 00:05	20.0	73.8	22.0	71.4	20.0	69.4	18.0	66.7	12.0	62.2	92.0	69.4	5	0.0
01/30/2006 00:10	21.0	73.7	22.0	71.3	20.0	69.3	18.0	66.6	12.0	62.1	93.0	69.3	5	0.0
01/30/2006 00:15	19.0	73.7	21.0	71.3	19.0	69.3	17.0	66.6	11.0	62.1	87.0	69.3	5	0.0
01/30/2006 00:20	19.0	73.6	21.0	71.2	19.0	69.2	17.0	66.5	11.0	62.0	87.0	69.2	5	0.0
01/30/2006 00:25	18.0	73.6	20.0	71.2	17.0	69.2	16.0	66.5	10.0	62.0	81.0	69.2	5	0.0
01/30/2006 00:30	17.0	73.6	19.0	71.2	17.0	69.2	16.0	66.5	10.0	62.0	79.0	69.2	5	0.0
01/30/2006 00:35	17.0	73.4	19.0	71.0	17.0	69.1	16.0	66.4	10.0	61.9	79.0	69.1	5	0.0
01/30/2006 00:40	17.0	73.6	18.0	71.2	16.0	69.2	15.0	66.5	10.0	62.0	76.0	69.2	5	0.0
01/30/2006 00:45	17.0	73.4	18.0	71.0	16.0	69.1	15.0	66.4	10.0	61.9	76.0	69.1	5	0.0
01/30/2006 00:50	16.0	73.4	18.0	71.0	16.0	69.1	14.0	66.4	9.0	61.9	73.0	69.1	5	0.0
01/30/2006 00:55	16.0	73.3	17.0	70.9	15.0	69.0	14.0	66.3	9.0	61.8	71.0	69.0	5	0.0
01/30/2006 01:00	15.0	73.4	16.0	71.0	14.0	69.1	13.0	66.4	9.0	61.9	67.0	69.1	5	0.0
01/30/2006 01:05	15.0	73.4	16.0	71.0	14.0	69.1	13.0	66.4	8.0	61.9	66.0	69.2	5	0.0
01/30/2006 01:10	15.0	73.4	16.0	71.0	14.0	69.1	13.0	66.4	8.0	61.9	66.0	69.2	5	0.0
01/30/2006 01:15	14.0	73.2	16.0	70.8	14.0	68.9	13.0	66.2	8.0	61.7	65.0	68.9	5	0.0
01/30/2006 01:20	14.0	73.2	15.0	70.8	14.0	68.9	13.0	66.2	8.0	61.7	64.0	68.9	5	0.0
01/30/2006 01:25	14.0	73.3	15.0	70.9	13.0	69.0	12.0	66.3	8.0	61.8	62.0	69.0	5	0.0
01/30/2006 01:30	14.0	73.3	15.0	70.9	13.0	69.0	12.0	66.3	8.0	61.8	62.0	69.0	5	0.0
01/30/2006 01:35	14.0	73.3	15.0	70.9	13.0	69.0	12.0	66.3	8.0	61.8	62.0	69.0	5	0.0
01/30/2006 01:40	13.0	73.2	14.0	70.8	13.0	68.9	12.0	66.2	8.0	61.7	60.0	68.8	5	0.0
01/30/2006 01:45	13.0	73.2	14.0	70.8	13.0	68.9	12.0	66.2	8.0	61.7	60.0	68.8	5	0.0
01/30/2006 01:50	13.0	73.3	14.0	70.9	13.0	69.0	12.0	66.3	7.0	61.8	59.0	69.0	5	0.0
01/30/2006 01:55	13.0	73.2	14.0	70.8	12.0	68.9	11.0	66.2	7.0	61.7	57.0	69.0	5	0.0
01/30/2006 02:00	13.0	73.3	14.0	70.9	12.0	69.0	11.0	66.3	7.0	61.8	57.0	69.1	5	0.0
01/30/2006 02:05	13.0	73.3	14.0	70.9	12.0	69.0	11.0	66.3	7.0	61.8	57.0	69.1	5	0.0
01/30/2006 02:10	13.0	73.3	14.0	70.9	12.0	69.0	11.0	66.3	7.0	61.8	57.0	69.1	5	0.0
01/30/2006 02:15	13.0	73.4	14.0	71.0	12.0	69.1	11.0	66.4	7.0	61.9	57.0	69.2	5	0.0
01/30/2006 02:20	12.0	73.3	14.0	70.9	12.0	69.0	11.0	66.3	7.0	61.8	56.0	69.0	5	0.0
01/30/2006 02:25	12.0	73.3	14.0	70.9	12.0	69.0	11.0	66.3	7.0	61.8	56.0	69.0	5	0.0
01/30/2006 02:30	12.0	73.3	13.0	70.9	12.0	69.0	11.0	66.3	7.0	61.8	55.0	69.0	5	0.0
01/30/2006 02:35	12.0	73.1	13.0	70.7	12.0	68.8	11.0	66.2	7.0	61.7	55.0	68.8	5	0.0
01/30/2006 02:40	12.0	73.1	13.0	70.7	12.0	68.8	11.0	66.2	7.0	61.7	55.0	68.8	5	0.0
01/30/2006 02:45	12.0	73.2	13.0	70.8	12.0	68.9	11.0	66.2	7.0	61.7	55.0	68.9	5	0.0
01/30/2006 02:50	12.0	73.2	13.0	70.8	11.0	68.9	10.0	66.2	7.0	61.7	53.0	68.9	5	0.0
01/30/2006 02:55	12.0	73.1	13.0	70.7	11.0	68.8	10.0	66.2	7.0	61.7	53.0	68.8	5	0.0
01/30/2006 03:00	12.0	73.1	13.0	70.7	11.0	68.8	10.0	66.2	7.0	61.7	53.0	68.8	5	0.0
01/30/2006 03:05	12.0	73.1	13.0	70.7	11.0	68.8	10.0	66.2	7.0	61.7	53.0	68.8	5	0.0
01/30/2006 03:10	12.0	73.0	13.0	70.6	11.0	68.7	10.0	66.1	7.0	61.6	53.0	68.7	5	0.0
01/30/2006 03:15	12.0	73.0	13.0	70.6	11.0	68.7	10.0	66.1	7.0	61.6	53.0	68.7	5	0.0
01/30/2006 03:20	12.0	72.9	13.0	70.5	11.0	68.6	10.0	66.0	7.0	61.5	53.0	68.6	5	0.0
01/30/2006 03:25	12.0	72.8	13.0	70.4	11.0	68.5	10.0	65.9	7.0	61.4	53.0	68.5	5	0.0
01/30/2006 03:30	12.0	72.8	13.0	70.4	12.0	68.5	11.0	65.9	7.0	61.4	55.0	68.5	5	0.0
01/30/2006 03:35	12.0	72.8	13.0	70.4	12.0	68.5	11.0	65.9	7.0	61.4	55.0	68.5	5	0.0
01/30/2006 03:40	12.0	72.8	13.0	70.4	12.0	68.5	11.0	65.9	7.0	61.4	55.0	68.5	5	0.0
01/30/2006 03:45	12.0	72.8	13.0	70.4	12.0	68.5	11.0	65.9	7.0	61.4	55.0	68.5	5	0.0
01/30/2006 03:50	12.0	72.9	13.0	70.5	12.0	68.6	11.0	66.0	7.0	61.5	55.0	68.6	5	0.0
01/30/2006 03:55	12.0	72.8	13.0	70.4	12.0	68.5	11.0	65.9	7.0	61.4	55.0	68.5	5	0.0
01/30/2006 04:00	12.0	72.7	13.0	70.3	12.0	68.4	11.0	65.8	7.0	61.3	55.0	68.4	5	0.0
01/30/2006 04:05	12.0	72.7	13.0	70.3	12.0	68.4	11.0	65.8	7.0	61.3	55.0	68.4	5	0.0
01/30/2006 04:10	13.0	72.6	14.0	70.2	12.0	68.3	11.0	65.7	7.0	61.2	57.0	68.4	5	0.0
01/30/2006 04:15	13.0	72.6	14.0	70.2	12.0	68.3	11.0	65.7	7.0	61.2	57.0	68.4	5	0.0
01/30/2006 04:20	13.0	72.5	14.0	70.1	12.0	68.2	11.0	65.6	7.0	61.1	57.0	68.3	5	0.0
01/30/2006 04:25	13.0	72.5	14.0	70.1	13.0	68.2	12.0	65.6	8.0	61.1	60.0	68.1	5	0.0
01/30/2006 04:30	14.0	72.4	15.0	70.0	14.0	68.1	13.0	65.5	8.0	61.0	64.0	68.1	5	0.0
01/30/2006 04:35	14.0	72.5	15.0	70.1	14.0	68.2	13.0	65.6	8.0	61.1	64.0	68.2	5	0.0
01/30/2006 04:40	15.0	72.5	17.0	70.1	15.0	68.2	14.0	65.6	9.0	61.1	70.0	68.1	5	0.0
01/30/2006 04:45	15.0	72.6	17.0	70.2	15.0	68.3	14.0	65.7	9.0	61.2	70.0	68.3	5	0.0
01/30/2006 04:50	16.0	72.6	18.0	70.2	16.0	68.3	14.0	65.7	9.0	61.2	73.0	68.3	5	0.0
01/30/2006 04:55	16.0	72.7	17.0	70.3	15.0	68.4	14.0	65.8	9.0	61.3	71.0	68.4	5	0.0
01/30/2006 05:00	17.0	72.5	18.0	70.1	16.0	68.2	15.0	65.6	10.0	61.1	76.0	68.2	5	0.0
01/30/2006 05:05	17.0	72.5	18.0	70.1	16.0	68.2	15.0	65.6	10.0	61.1	76.0	68.2	5	0.0
01/30/2006 05:10	18.0	72.5	20.0	70.1	18.0	68.2	16.0	65.6	11.0	61.1	83.0	68.1	5	0.0
01/30/2006 05:15	19.0	72.7	21.0	70.3	19.0	68.4	17.0	65.8	11.0	61.3	87.0	68.4	5	0.0
01/30/2006 05:20	21.0	72.7	23.0	70.3	20.0	68.4	19.0	65.8	12.0	61.3	95.0	68.4	5	0.0
01/30/2006 05:25	22.0	72.7	24.0	70.3	21.0	68.4	20.0	65.8	13.0	61.3	100.0	68.4	5	0.0
01/30/2006 05:30	24.0	72.6	26.0	70.2	23.0	68.3	21.0	65.7	14.0	61.2	108.0	68.3	5	0.0
01/30/2006 05:35	27.0	72.7	29.0	70.3	26.0	68.4	24.0	65.8	15.0	61.3	121.0	68.4	5	0.0
01/30/2006 05:40	28.0	72.8	30.0	70.4	27.0	68.5	25.0	65.9	16.0	61.4	126.0	68.5	5	0.0
01/30/2006 05:45	29.0	72.8	32.0	70.4	28.0	68.5	26.0	65.9	17.0	61.4	132.0	68.5	5	0.0
01/30/2006 05:50	31.0	72.9	33.0	70.5	29.0	68.6	27.0	66.0	18.0	61.5	138.0	68.6	5	0.0
01/30/2006 05:55	31.0	72.7	33.0	70.3	29.0	68.4	27.0	65.8	18.0	61.3	138.0	68.4	5	0.0
01/30/2006 06:00	31.0	72.3	33.0	69.9	29.0	68.0	27.0	65.4	18.0	60.9	138.0	68.0	5	0.0
01/30/2006 06:05	32.0	72.1	35.0	69.7	31.0	67.8	29.0	65.2	18.0	60.8	145.0	67.8	5	0.0
01/30/2006 06:10	35.0	72.1	39.0	69.7	34.0	67.8	32.0	65.2	20.0	60.8	160.0	67.8	5	0.0
01/30/2006 06:15	38.0	71.9	41.0	69.6	36.0	67.7	34.0	65.1	22.0	60.7	171.0	67.7	5	0.0
01/30/2006 06:20	40.0	71.7	44.0	69.4	39.0	67.5	36.0	64.9	23.0	60.5	182.0	67.5	5	0.0
01/30/2006 06:25	42.0	71.6	45.0	69.3	40.0	67.4	37.0	64.8	24.0	60.4	188.0	67.4	5	0.0
01/30/2006 06:30	45.0	71.4	49.0	69.1	43.0	67.2	40.0	64.6	26.0	60.2	203.0	67.2	5	0.0
01/30/2006 06:35	48.0	71.1	53.0	68.8	47.0	66.9	43.0	64.3	28.0	59.9	219.0	66.9	5	0.0
01/30/2006 06:40	52.0	71.1	56.0	68.8	50.0	66.9	46.0	64.3	30.0	59.9	234.0	66.9	5	0.0
01/30/2006 06:45	52.0	71.0	57.0	68.7	50.0	66.8	47.0	64.2	30.0	59.8	236.0	66.8	5	0.0
01/30/2006 06:50	55.0	70.8	60.0	68.5	53.0	66.6	49.0	64.0	31.0	59.7	248.0	66.6	5	0.0
01/30/2006 06:55	54.0	70.9	59.0	68.6	52.0	66.7	48.0	64.1	31.0	59.8	244.0	66.7	5	0.0
01/30/2006 07:00	55.0	70.7	60.0	68.3	53.0	66.5	49.0	63.9	31.0	59.6	248.0	66.5	5	0.0
01/30/2006 07:05	57.0	70.2	62.0	67.9	55.0	66.1	51.0	63.5	33.0	59.2	258.0	66.1	5	0.0
01/30/2006 07:10	60.0	70.2	66.0	67.9	58.0	66.1	54.0	63.5	35.0	59.2	273.0	66.1	5	0.0
01/30/2006 07:15	65.0	70.1	71.0	67.8	62.0	66.0	58.0	63.4	37.0	59.1	293.0	66.0	5	0.0
01/30/2006 07:20	68.0	70.0	74.0	67.7	65.0	65.9	61.0	63.3	39.0	59.0	307.0	65.9	5	0.0
01/30/2006 07:25	70.0	70.1	76.0	67.8	67.0	66.0	62.0	63.4	40.0	59.1	315.0	66.0	5	0.0
01/30/2006 07:30	72.0	70.0	78.0	67.7	69.0	65.9	64.0	63.3	41.0	59.0	324.0	65.9	5	0.0
01/30/2006 07:35	73.0	69.9	80.0	67.6	71.0	65.8	65.0	63.2	42.0	58.9	331.0	65.8	5	0.0
01/30/2006 07:40	76.0	69.7	83.0	67.4	73.0	65.6	68.0	63.0	44.0	58.8	344.0	65.6	5	0.0
01/30/2006 07:45	77.0	69.8	84.0	67.5	74.0	65.7	69.0	63.1	44.0	58.9	348.0	65.7	5	0.0
01/30/2006 07:50	77.0	69.7	84.0	67.4	74.0	65.6	69.0	63.0	44.0	58.8	348.0	65.6	5	0.0
01/30/2006 07:55	75.0	70.0	81.0	67.7	72.0	65.9	67.0	63.3	43.0	59.0	338.0	65.9	5	0.0
01/30/2006 08:00	72.0	70.0	79.0	67.7	70.0	65.9	65.0	63.3	42.0	59.0	328.0	65.9	5	0.0
01/30/2006 08:05	72.0	69.8	78.0	67.5	69.0	65.7	64.0	63.1	41.0	58.9	324.0	65.7	5	0.0
01/30/2006 08:10	71.0	69.7	77.0	67.4	68.0	65.6	63.0	63.0	41.0	58.8	320.0	65.6	5	0.0
01/30/2006 08:15	74.0	69.4	80.0	67.1	71.0	65.3	66.0	62.8	42.0	58.5	333.0	65.3	5	0.0
01/30/2006 08:20	73.0	69.3	79.0	67.0	70.0	65.2	65.0	62.7	42.0	58.4	329.0	65.2	5	0.0
01/30/2006 08:25	72.0	69.3	79.0	67.0	70.0	65.2	65.0	62.7	42.0	58.4	328.0	65.1	5	0.0
01/30/2006 08:30	71.0	68.9	77.0	66.7	68.0	64.9	63.0	62.4	41.0	58.1	320.0	64.9	5	0.0
01/30/2006 08:35	72.0	68.9	78.0	66.7	69.0	64.9	64.0	62.4	41.0	58.1	324.0	64.9	5	0.0
01/30/2006 08:40	72.0	69.2	78.0	66.9	69.0	65.1	64.0	62.6	41.0	58.3	324.0	65.1	5	0.0
01/30/2006 08:45	70.0	69.3	77.0	67.0	68.0	65.2	63.0	62.7	40.0	58.4	318.0	65.2	5	0.0
01/30/2006 08:50	72.0	69.0	78.0	66.8	69.0	65.0	64.0	62.5	41.0	58.2	324.0	65.0	5	0.0
01/30/2006 08:55	70.0	68.9	76.0	66.7	67.0	64.9	62.0	62.4	40.0	58.1	315.0	64.9	5	0.0
01/30/2006 09:00	66.0	69.2	72.0	66.9	63.0	65.1	59.0	62.6	38.0	58.3	298.0	65.1	5	0.0
01/30/2006 09:05	66.0	69.3	71.0	67.0	63.0	65.2	58.0	62.7	38.0	58.4	296.0	65.2	5	0.0
01/30/2006 09:10	64.0	69.3	70.0	67.0	62.0	65.2	57.0	62.7	37.0	58.4	290.0	65.2	5	0.0
01/30/2006 09:15	65.0	68.8	71.0	66.6	63.0	64.8	58.0	62.3	37.0	58.0	294.0	64.8	5	0.0
01/30/2006 09:20	65.0	68.9	70.0	66.7	62.0	64.9	58.0	62.4	37.0	58.1	292.0	64.9	5	0.0
01/30/2006 09:25	65.0	69.2	70.0	66.9	62.0	65.1	58.0	62.6	37.0	58.3	292.0	65.1	5	0.0
01/30/2006 09:30	66.0	69.3	72.0	67.0	63.0	65.2	59.0	62.7	38.0	58.4	298.0	65.2	5	0.0
01/30/2006 09:35	67.0	69.4	73.0	67.1	65.0	65.3	60.0	62.8	39.0	58.5	304.0	65.3	5	0.0
01/30/2006 09:40	68.0	69.2	74.0	66.9	65.0	65.1	61.0	62.6	39.0	58.3	307.0	65.1	5	0.0
01/30/2006 09:45	68.0	69.0	74.0	66.8	65.0	65.0	61.0	62.5	39.0	58.2	307.0	65.0	5	0.0
01/30/2006 09:50	68.0	69.2	74.0	66.9	66.0	65.1	61.0	62.6	39.0	58.3	308.0	65.1	5	0.0
01/30/2006 09:55	69.0	69.2	75.0	66.9	66.0	65.1	61.0	62.6	39.0	58.3	310.0	65.1	5	0.0
01/30/2006 10:00	66.0	68.8	71.0	66.6	63.0	64.8	58.0	62.3	38.0	58.0	296.0	64.8	5	0.0
01/30/2006 10:05	66.0	68.8	72.0	66.6	63.0	64.8	59.0	62.3	38.0	58.0	298.0	64.8	5	0.0
01/30/2006 10:10	65.0	68.9	71.0	66.7	63.0	64.9	58.0	62.4	37.0	58.1	294.0	64.9	5	0.0
01/30/2006 10:15	66.0	68.4	72.0	66.2	64.0	64.4	59.0	61.9	38.0	57.7	299.0	64.4	5	0.0
01/30/2006 10:20	66.0	68.4	72.0	66.2	63.0	64.4	59.0	61.9	38.0	57.7	298.0	64.4	5	0.0
01/30/2006 10:25	65.0	68.4	71.0	66.2	63.0	64.4	58.0	61.9	37.0	57.7	294.0	64.4	5	0.0
01/30/2006 10:30	66.0	68.5	72.0	66.3	63.0	64.5	59.0	62.0	38.0	57.8	298.0	64.5	5	0.0
01/30/2006 10:35	66.0	68.3	72.0	66.1	63.0	64.3	59.0	61.8	38.0	57.6	298.0	64.3	5	0.0
01/30/2006 10:40	68.0	68.2	74.0	66.0	66.0	64.2	61.0	61.7	39.0	57.5	308.0	64.2	5	0.0
01/30/2006 10:45	69.0	68.2	75.0	66.0	66.0	64.2	61.0	61.7	39.0	57.5	310.0	64.2	5	0.0
01/30/2006 10:50	69.0	68.0	75.0	65.7	67.0	64.0	62.0	61.5	40.0	57.3	313.0	63.9	5	0.0
01/30/2006 10:55	69.0	67.9	75.0	65.6	66.0	63.9	61.0	61.4	39.0	57.2	310.0	63.9	5	0.0
01/30/2006 11:00	69.0	67.6	75.0	65.4	66.0	63.7	61.0	61.2	39.0	57.0	310.0	63.7	5	0.0
01/30/2006 11:05	68.0	67.6	74.0	65.4	66.0	63.7	61.0	61.2	39.0	57.0	308.0	63.6	5	0.0
01/30/2006 11:10	70.0	67.4	76.0	65.2	67.0	63.5	62.0	61.0	40.0	56.9	315.0	63.5	5	0.0
01/30/2006 11:15	69.0	67.3	75.0	65.1	66.0	63.4	61.0	60.9	39.0	56.8	310.0	63.4	5	0.0
01/30/2006 11:20	71.0	67.4	77.0	65.2	68.0	63.5	63.0	61.0	41.0	56.9	320.0	63.4	5	0.0
01/30/2006 11:25	72.0	67.5	78.0	65.3	69.0	63.6	64.0	61.1	41.0	56.9	324.0	63.6	5	0.0
01/30/2006 11:30	72.0	67.4	78.0	65.2	69.0	63.5	64.0	61.0	41.0	56.9	324.0	63.5	5	0.0
01/30/2006 11:35	74.0	67.2	81.0	65.0	71.0	63.3	66.0	60.8	42.0	56.7	334.0	63.3	5	0.0
01/30/2006 11:40	74.0	67.4	81.0	65.2	72.0	63.5	66.0	61.0	43.0	56.9	336.0	63.4	5	0.0
01/30/2006 11:45	74.0	67.3	80.0	65.1	71.0	63.4	66.0	60.9	42.0	56.8	333.0	63.4	5	0.0
01/30/2006 11:50	74.0	67.3	81.0	65.1	72.0	63.4	66.0	60.9	43.0	56.8	336.0	63.3	5	0.0
01/30/2006 11:55	74.0	67.4	81.0	65.2	71.0	63.5	66.0	61.0	43.0	56.9	335.0	63.4	5	0.0
01/30/2006 12:00	74.0	67.5	81.0	65.3	71.0	63.6	66.0	61.1	42.0	56.9	334.0	63.6	5	0.0
01/30/2006 12:05	74.0	67.4	81.0	65.2	71.0	63.5	66.0	61.0	43.0	56.9	335.0	63.4	5	0.0
01/30/2006 12:10	75.0	67.3	82.0	65.1	72.0	63.4	67.0	60.9	43.0	56.8	339.0	63.3	5	0.0
01/30/2006 12:15	75.0	67.4	82.0	65.2	72.0	63.5	67.0	61.0	43.0	56.9	339.0	63.4	5	0.0
01/30/2006 12:20	76.0	67.6	82.0	65.4	73.0	63.7	68.0	61.2	43.0	57.0	342.0	63.7	5	0.0
01/30/2006 12:25	76.0	67.4	83.0	65.2	73.0	63.5	68.0	61.0	44.0	56.9	344.0	63.4	5	0.0
01/30/2006 12:30	75.0	67.6	82.0	65.4	72.0	63.7	67.0	61.2	43.0	57.0	339.0	63.6	5	0.0
01/30/2006 12:35	77.0	67.5	84.0	65.3	74.0	63.6	69.0	61.1	44.0	56.9	348.0	63.5	5	0.0
01/30/2006 12:40	78.0	67.4	85.0	65.2	75.0	63.5	70.0	61.0	45.0	56.9	353.0	63.4	5	0.0
01/30/2006 12:45	79.0	67.5	86.0	65.3	76.0	63.6	71.0	61.1	45.0	56.9	357.0	63.5	5	0.0
01/30/2006 12:50	78.0	67.3	85.0	65.1	75.0	63.4	69.0	60.9	45.0	56.8	352.0	63.3	5	0.0
01/30/2006 12:55	76.0	67.4	83.0	65.2	73.0	63.5	68.0	61.0	44.0	56.9	344.0	63.4	5	0.0
01/30/2006 13:00	75.0	67.3	82.0	65.1	72.0	63.4	67.0	60.9	43.0	56.8	339.0	63.3	5	0.0
01/30/2006 13:05	76.0	67.4	82.0	65.2	73.0	63.5	68.0	61.0	43.0	56.9	342.0	63.5	5	0.0
01/30/2006 13:10	77.0	67.1	84.0	64.9	74.0	63.2	69.0	60.7	44.0	56.6	348.0	63.1	5	0.0
01/30/2006 13:15	79.0	67.4	86.0	65.2	76.0	63.5	70.0	61.0	45.0	56.9	356.0	63.5	5	0.0
01/30/2006 13:20	78.0	67.5	85.0	65.3	75.0	63.6	70.0	61.1	45.0	56.9	353.0	63.5	5	0.0
01/30/2006 13:25	78.0	67.4	85.0	65.2	75.0	63.5	70.0	61.0	45.0	56.9	353.0	63.4	5	0.0
01/30/2006 13:30	79.0	67.5	86.0	65.3	76.0	63.6	71.0	61.1	45.0	56.9	357.0	63.5	5	0.0
01/30/2006 13:35	80.0	67.5	88.0	65.3	77.0	63.6	72.0	61.1	46.0	56.9	363.0	63.5	5	0.0
01/30/2006 13:40	82.0	67.5	89.0	65.3	79.0	63.6	73.0	61.1	47.0	56.9	370.0	63.5	5	0.0
01/30/2006 13:45	83.0	67.5	91.0	65.3	80.0	63.6	74.0	61.1	48.0	56.9	376.0	63.5	5	0.0
01/30/2006 13:50	84.0	67.6	92.0	65.4	81.0	63.7	75.0	61.2	48.0	57.0	380.0	63.7	5	0.0
01/30/2006 13:55	82.0	67.9	89.0	65.6	79.0	63.9	73.0	61.4	47.0	57.2	370.0	63.9	5	0.0
01/30/2006 14:00	82.0	67.9	90.0	65.6	79.0	63.9	73.0	61.4	47.0	57.2	371.0	63.9	5	0.0
01/30/2006 14:05	83.0	67.9	90.0	65.6	79.0	63.9	74.0	61.4	47.0	57.2	373.0	63.9	5	0.0
01/30/2006 14:10	85.0	67.8	93.0	65.5	82.0	63.8	76.0	61.3	49.0	57.1	385.0	63.7	5	0.0
01/30/2006 14:15	88.0	68.0	96.0	65.7	85.0	64.0	79.0	61.5	51.0	57.3	399.0	63.9	5	0.0
01/30/2006 14:20	89.0	68.0	96.0	65.7	85.0	64.0	79.0	61.5	51.0	57.3	400.0	64.0	5	0.0
01/30/2006 14:25	88.0	68.0	96.0	65.7	85.0	64.0	79.0	61.5	51.0	57.3	399.0	63.9	5	0.0
01/30/2006 14:30	89.0	68.2	97.0	66.0	86.0	64.2	80.0	61.7	51.0	57.5	403.0	64.2	5	0.0
01/30/2006 14:35	92.0	68.3	101.0	66.1	89.0	64.3	82.0	61.8	53.0	57.6	417.0	64.3	5	0.0
01/30/2006 14:40	96.0	68.3	105.0	66.1	93.0	64.3	86.0	61.8	55.0	57.6	435.0	64.3	5	0.0
01/30/2006 14:45	97.0	68.1	106.0	65.9	93.0	64.1	87.0	61.6	56.0	57.4	439.0	64.0	5	0.0
01/30/2006 14:50	96.0	68.2	104.0	66.0	92.0	64.2	85.0	61.7	55.0	57.5	432.0	64.2	5	0.0
01/30/2006 14:55	93.0	68.2	101.0	66.0	89.0	64.2	83.0	61.7	53.0	57.5	419.0	64.2	5	0.0
01/30/2006 15:00	91.0	68.1	100.0	65.9	88.0	64.1	82.0	61.6	52.0	57.4	413.0	64.1	5	0.0
01/30/2006 15:05	93.0	67.9	101.0	65.6	89.0	63.9	83.0	61.4	53.0	57.2	419.0	63.9	5	0.0
01/30/2006 15:10	95.0	67.8	104.0	65.5	92.0	63.8	85.0	61.3	55.0	57.1	431.0	63.7	5	0.0
01/30/2006 15:15	98.0	67.8	107.0	65.5	94.0	63.8	87.0	61.3	56.0	57.1	442.0	63.8	5	0.0
01/30/2006 15:20	99.0	67.9	108.0	65.6	95.0	63.9	88.0	61.4	57.0	57.2	447.0	63.8	5	0.0
01/30/2006 15:25	97.0	67.9	106.0	65.6	94.0	63.9	87.0	61.4	56.0	57.2	440.0	63.8	5	0.0
01/30/2006 15:30	98.0	68.1	107.0	65.9	94.0	64.1	87.0	61.6	56.0	57.4	442.0	64.1	5	0.0
01/30/2006 15:35	100.0	68.1	109.0	65.9	96.0	64.1	89.0	61.6	57.0	57.4	451.0	64.1	5	0.0
01/30/2006 15:40	105.0	67.8	114.0	65.5	101.0	63.8	93.0	61.3	60.0	57.1	473.0	63.8	5	0.0
01/30/2006 15:45	103.0	67.8	113.0	65.5	99.0	63.8	92.0	61.3	59.0	57.1	466.0	63.8	5	0.0
01/30/2006 15:50	102.0	68.0	111.0	65.7	98.0	64.0	91.0	61.5	58.0	57.3	460.0	64.0	5	0.0
01/30/2006 15:55	99.0	68.2	108.0	66.0	96.0	64.2	89.0	61.7	57.0	57.5	449.0	64.1	5	0.0
01/30/2006 16:00	99.0	68.3	107.0	66.1	95.0	64.3	88.0	61.8	57.0	57.6	446.0	64.2	5	0.0
01/30/2006 16:05	100.0	68.5	109.0	66.3	96.0	64.5	89.0	62.0	57.0	57.8	451.0	64.5	5	0.0
01/30/2006 16:10	103.0	68.3	112.0	66.1	99.0	64.3	92.0	61.8	59.0	57.6	465.0	64.3	5	0.0
01/30/2006 16:15	103.0	68.3	113.0	66.1	99.0	64.3	92.0	61.8	59.0	57.6	466.0	64.3	5	0.0
01/30/2006 16:20	103.0	68.3	112.0	66.1	99.0	64.3	92.0	61.8	59.0	57.6	465.0	64.3	5	0.0
01/30/2006 16:25	101.0	68.3	110.0	66.1	98.0	64.3	90.0	61.8	58.0	57.6	457.0	64.3	5	0.0
01/30/2006 16:30	101.0	68.5	110.0	66.3	97.0	64.5	90.0	62.0	58.0	57.8	456.0	64.5	5	0.0
01/30/2006 16:35	104.0	68.5	113.0	66.3	100.0	64.5	93.0	62.0	60.0	57.8	470.0	64.4	5	0.0
01/30/2006 16:40	105.0	68.5	114.0	66.3	101.0	64.5	93.0	62.0	60.0	57.8	473.0	64.5	5	0.0
01/30/2006 16:45	106.0	68.3	116.0	66.1	102.0	64.3	95.0	61.8	61.0	57.6	480.0	64.3	5	0.0
01/30/2006 16:50	104.0	68.3	113.0	66.1	100.0	64.3	93.0	61.8	60.0	57.6	470.0	64.2	5	0.0
01/30/2006 16:55	101.0	68.3	110.0	66.1	97.0	64.3	90.0	61.8	58.0	57.6	456.0	64.3	5	0.0
01/30/2006 17:00	102.0	68.4	111.0	66.2	98.0	64.4	91.0	61.9	59.0	57.7	461.0	64.3	5	0.0
01/30/2006 17:05	105.0	68.4	115.0	66.2	101.0	64.4	94.0	61.9	60.0	57.7	475.0	64.4	5	0.0
01/30/2006 17:10	107.0	68.2	117.0	66.0	103.0	64.2	96.0	61.7	62.0	57.5	485.0	64.1	5	0.0
01/30/2006 17:15	109.0	67.6	119.0	65.4	105.0	63.7	98.0	61.2	63.0	57.0	494.0	63.6	5	0.0
01/30/2006 17:20	109.0	67.2	118.0	65.0	105.0	63.3	97.0	60.8	62.0	56.7	491.0	63.2	5	0.0
01/30/2006 17:25	106.0	66.8	116.0	64.6	102.0	62.9	95.0	60.4	61.0	56.3	480.0	62.8	5	0.0
01/30/2006 17:30	105.0	66.8	114.0	64.6	101.0	62.9	93.0	60.4	60.0	56.3	473.0	62.8	5	0.0
01/30/2006 17:35	103.0	66.6	113.0	64.4	99.0	62.7	92.0	60.2	59.0	56.1	466.0	62.6	5	0.0
01/30/2006 17:40	104.0	66.3	113.0	64.1	100.0	62.4	92.0	59.9	59.0	55.9	468.0	62.3	5	0.0
01/30/2006 17:45	102.0	66.3	111.0	64.1	98.0	62.4	91.0	59.9	59.0	55.9	461.0	62.3	5	0.0
01/30/2006 17:50	99.0	66.3	108.0	64.1	95.0	62.4	88.0	59.9	57.0	55.9	447.0	62.3	5	0.0
01/30/2006 17:55	98.0	66.5	107.0	64.3	94.0	62.6	87.0	60.1	56.0	56.0	442.0	62.5	5	0.0
01/30/2006 18:00	96.0	66.8	105.0	64.6	93.0	62.9	86.0	60.4	55.0	56.3	435.0	62.8	5	0.0
01/30/2006 18:05	97.0	67.2	105.0	65.0	93.0	63.3	86.0	60.8	55.0	56.7	436.0	63.3	5	0.0
01/30/2006 18:10	97.0	67.4	105.0	65.2	93.0	63.5	86.0	61.0	55.0	56.9	436.0	63.5	5	0.0
01/30/2006 18:15	96.0	67.6	105.0	65.4	93.0	63.7	86.0	61.2	55.0	57.0	435.0	63.6	5	0.0
01/30/2006 18:20	95.0	67.8	104.0	65.5	92.0	63.8	85.0	61.3	55.0	57.1	431.0	63.7	5	0.0
01/30/2006 18:25	92.0	68.1	101.0	65.9	89.0	64.1	82.0	61.6	53.0	57.4	417.0	64.1	5	0.0
01/30/2006 18:30	91.0	68.3	99.0	66.1	87.0	64.3	81.0	61.8	52.0	57.6	410.0	64.3	5	0.0
01/30/2006 18:35	89.0	68.7	97.0	66.5	86.0	64.7	80.0	62.2	51.0	57.9	403.0	64.7	5	0.0
01/30/2006 18:40	87.0	68.8	95.0	66.6	84.0	64.8	78.0	62.3	50.0	58.0	394.0	64.8	5	0.0
01/30/2006 18:45	85.0	69.3	93.0	67.0	82.0	65.2	76.0	62.7	49.0	58.4	385.0	65.2	5	0.0
01/30/2006 18:50	83.0	69.4	91.0	67.1	80.0	65.3	74.0	62.8	48.0	58.5	376.0	65.3	5	0.0
01/30/2006 18:55	81.0	69.7	88.0	67.4	78.0	65.6	72.0	63.0	46.0	58.8	365.0	65.6	5	0.0
01/30/2006 19:00	77.0	70.4	84.0	68.1	75.0	66.3	69.0	63.7	44.0	59.4	349.0	66.3	5	0.0
01/30/2006 19:05	77.0	70.7	84.0	68.3	74.0	66.5	69.0	63.9	44.0	59.6	348.0	66.5	5	0.0
01/30/2006 19:10	77.0	71.1	84.0	68.8	74.0	66.9	69.0	64.3	44.0	59.9	348.0	66.9	5	0.0
01/30/2006 19:15	75.0	71.2	82.0	68.9	72.0	67.0	67.0	64.4	43.0	60.0	339.0	67.0	5	0.0
01/30/2006 19:20	72.0	71.5	79.0	69.2	70.0	67.3	65.0	64.7	42.0	60.3	328.0	67.3	5	0.0
01/30/2006 19:25	69.0	71.7	75.0	69.4	66.0	67.5	62.0	64.9	40.0	60.5	312.0	67.5	5	0.0
01/30/2006 19:30	67.0	71.9	73.0	69.6	65.0	67.7	60.0	65.1	39.0	60.7	304.0	67.7	5	0.0
01/30/2006 19:35	66.0	72.1	72.0	69.7	63.0	67.8	59.0	65.2	38.0	60.8	298.0	67.8	5	0.0
01/30/2006 19:40	63.0	72.3	68.0	69.9	60.0	68.0	56.0	65.4	36.0	60.9	283.0	68.0	5	0.0
01/30/2006 19:45	62.0	72.5	67.0	70.1	59.0	68.2	55.0	65.6	35.0	61.1	278.0	68.2	5	0.0
01/30/2006 19:50	61.0	72.5	66.0	70.1	59.0	68.2	54.0	65.6	35.0	61.1	275.0	68.2	5	0.0
01/30/2006 19:55	58.0	72.6	63.0	70.2	56.0	68.3	52.0	65.7	33.0	61.2	262.0	68.3	5	0.0
01/30/2006 20:00	56.0	72.6	61.0	70.2	54.0	68.3	50.0	65.7	32.0	61.2	253.0	68.3	5	0.0
01/30/2006 20:05	57.0	72.7	62.0	70.3	55.0	68.4	51.0	65.8	33.0	61.3	258.0	68.4	5	0.0
01/30/2006 20:10	57.0	72.7	62.0	70.3	55.0	68.4	51.0	65.8	33.0	61.3	258.0	68.4	5	0.0
01/30/2006 20:15	56.0	72.8	61.0	70.4	53.0	68.5	50.0	65.9	32.0	61.4	252.0	68.5	5	0.0
01/30/2006 20:20	54.0	72.8	59.0	70.4	52.0	68.5	48.0	65.9	31.0	61.4	244.0	68.5	5	0.0
01/30/2006 20:25	52.0	72.9	57.0	70.5	50.0	68.6	46.0	66.0	30.0	61.5	235.0	68.6	5	0.0
01/30/2006 20:30	51.0	72.9	55.0	70.5	49.0	68.6	45.0	66.0	29.0	61.5	229.0	68.6	5	0.0
01/30/2006 20:35	49.0	72.9	54.0	70.5	47.0	68.6	44.0	66.0	28.0	61.5	222.0	68.6	5	0.0
01/30/2006 20:40	49.0	72.9	54.0	70.5	47.0	68.6	44.0	66.0	28.0	61.5	222.0	68.6	5	0.0
01/30/2006 20:45	48.0	72.9	53.0	70.5	46.0	68.6	43.0	66.0	28.0	61.5	218.0	68.6	5	0.0
01/30/2006 20:50	47.0	73.0	51.0	70.6	45.0	68.7	42.0	66.1	27.0	61.6	212.0	68.7	5	0.0
01/30/2006 20:55	46.0	73.1	50.0	70.7	45.0	68.8	41.0	66.2	27.0	61.7	209.0	68.8	5	0.0
01/30/2006 21:00	46.0	73.2	50.0	70.8	45.0	68.9	41.0	66.2	27.0	61.7	209.0	68.9	5	0.0
01/30/2006 21:05	46.0	73.2	51.0	70.8	45.0	68.9	41.0	66.2	27.0	61.7	210.0	68.9	5	0.0
01/30/2006 21:10	48.0	73.4	52.0	71.0	46.0	69.1	42.0	66.4	27.0	61.9	215.0	69.1	5	0.0
01/30/2006 21:15	48.0	73.4	52.0	71.0	46.0	69.1	42.0	66.4	27.0	61.9	215.0	69.1	5	0.0
01/30/2006 21:20	46.0	73.4	50.0	71.0	44.0	69.1	41.0	66.4	26.0	61.9	207.0	69.1	5	0.0
01/30/2006 21:25	46.0	73.3	50.0	70.9	45.0	69.0	41.0	66.3	27.0	61.8	209.0	69.0	5	0.0
01/30/2006 21:30	45.0	73.4	49.0	71.0	43.0	69.1	40.0	66.4	26.0	61.9	203.0	69.1	5	0.0
01/30/2006 21:35	44.0	73.3	48.0	70.9	42.0	69.0	39.0	66.3	25.0	61.8	198.0	69.0	5	0.0
01/30/2006 21:40	44.0	73.6	47.0	71.2	42.0	69.2	39.0	66.5	25.0	62.0	197.0	69.2	5	0.0
01/30/2006 21:45	42.0	73.6	46.0	71.2	41.0	69.2	38.0	66.5	24.0	62.0	191.0	69.2	5	0.0
01/30/2006 21:50	42.0	73.7	45.0	71.3	40.0	69.3	37.0	66.6	24.0	62.1	188.0	69.3	5	0.0
01/30/2006 21:55	40.0	73.6	43.0	71.2	38.0	69.2	36.0	66.5	23.0	62.0	180.0	69.2	5	0.0
01/30/2006 22:00	39.0	73.4	42.0	71.0	37.0	69.1	35.0	66.4	22.0	61.9	175.0	69.1	5	0.0
01/30/2006 22:05	39.0	73.3	42.0	70.9	37.0	69.0	35.0	66.3	22.0	61.8	175.0	69.0	5	0.0
01/30/2006 22:10	39.0	73.3	42.0	70.9	37.0	69.0	35.0	66.3	22.0	61.8	175.0	69.0	5	0.0
01/30/2006 22:15	38.0	73.3	41.0	70.9	37.0	69.0	34.0	66.3	22.0	61.8	172.0	69.0	5	0.0
01/30/2006 22:20	37.0	73.3	41.0	70.9	36.0	69.0	33.0	66.3	21.0	61.8	168.0	69.0	5	0.0
01/30/2006 22:25	36.0	73.6	39.0	71.2	35.0	69.2	32.0	66.5	21.0	62.0	163.0	69.2	5	0.0
01/30/2006 22:30	34.0	73.7	37.0	71.3	33.0	69.3	30.0	66.6	20.0	62.1	154.0	69.3	5	0.0
01/30/2006 22:35	33.0	73.7	36.0	71.3	32.0	69.3	30.0	66.6	19.0	62.1	150.0	69.3	5	0.0
01/30/2006 22:40	34.0	73.6	37.0	71.2	32.0	69.2	30.0	66.5	19.0	62.0	152.0	69.2	5	0.0
01/30/2006 22:45	32.0	73.4	35.0	71.0	31.0	69.1	28.0	66.4	18.0	61.9	144.0	69.1	5	0.0
01/30/2006 22:50	31.0	73.4	34.0	71.0	30.0	69.1	28.0	66.4	18.0	61.9	141.0	69.1	5	0.0
01/30/2006 22:55	29.0	73.3	31.0	70.9	27.0	69.0	25.0	66.3	16.0	61.8	128.0	69.0	5	0.0
01/30/2006 23:00	27.0	73.2	30.0	70.8	26.0	68.9	24.0	66.2	16.0	61.7	123.0	68.9	5	0.0
01/30/2006 23:05	27.0	73.3	30.0	70.9	26.0	69.0	24.0	66.3	16.0	61.8	123.0	69.0	5	0.0
01/30/2006 23:10	28.0	73.2	30.0	70.8	27.0	68.9	25.0	66.2	16.0	61.7	126.0	68.9	5	0.0
01/30/2006 23:15	27.0	73.4	30.0	71.0	26.0	69.1	24.0	66.4	16.0	61.9	123.0	69.1	5	0.0
01/30/2006 23:20	26.0	73.4	29.0	71.0	25.0	69.1	24.0	66.4	15.0	61.9	119.0	69.1	5	0.0
01/30/2006 23:25	25.0	73.3	28.0	70.9	24.0	69.0	23.0	66.3	15.0	61.8	115.0	69.0	5	0.0
01/30/2006 23:30	24.0	73.2	26.0	70.8	23.0	68.9	22.0	66.2	14.0	61.7	109.0	68.9	5	0.0
01/30/2006 23:35	24.0	73.2	26.0	70.8	23.0	68.9	21.0	66.2	14.0	61.7	108.0	68.9	5	0.0
01/30/2006 23:40	23.0	73.2	26.0	70.8	23.0	68.9	21.0	66.2	13.0	61.7	106.0	68.9	5	0.0
01/30/2006 23:45	23.0	73.1	25.0	70.7	22.0	68.8	20.0	66.2	13.0	61.7	103.0	68.8	5	0.0
01/30/2006 23:50	22.0	73.1	24.0	70.7	21.0	68.8	19.0	66.2	12.0	61.7	98.0	68.9	5	0.0
01/30/2006 23:55	20.0	73.1	22.0	70.7	20.0	68.8	18.0	66.2	12.0	61.7	92.0	68.8	5	0.0
01/31/2006 00:00	11.0	73.2	12.0	70.8	11.0	68.9	10.0	66.2	6.0	61.7	50.0	68.9	5	0.0
01/31/2006 00:05	12.0	73.3	13.0	70.9	11.0	69.0	10.0	66.3	7.0	61.8	53.0	69.0	5	0.0
01/31/2006 00:10	11.0	72.8	12.0	70.4	11.0	68.5	10.0	65.9	6.0	61.4	50.0	68.5	5	0.0
01/31/2006 00:15	11.0	73.2	12.0	70.8	11.0	68.9	10.0	66.2	6.0	61.7	50.0	68.9	5	0.0
01/31/2006 00:20	11.0	73.3	12.0	70.9	11.0	69.0	10.0	66.3	6.0	61.8	50.0	69.0	5	0.0
01/31/2006 00:25	11.0	72.7	12.0	70.3	11.0	68.4	10.0	65.8	6.0	61.3	50.0	68.4	5	0.0
01/31/2006 00:30	11.0	72.4	12.0	70.0	10.0	68.1	10.0	65.5	6.0	61.0	49.0	68.1	5	0.0
01/31/2006 00:35	10.0	72.4	11.0	70.0	10.0	68.1	9.0	65.5	6.0	61.0	46.0	68.1	5	0.0
01/31/2006 00:40	10.0	72.6	11.0	70.2	10.0	68.3	9.0	65.7	6.0	61.2	46.0	68.3	5	0.0
01/31/2006 00:45	10.0	72.9	11.0	70.5	10.0	68.6	9.0	66.0	6.0	61.5	46.0	68.6	5	0.0
01/31/2006 00:50	11.0	72.3	12.0	69.9	10.0	68.0	9.0	65.4	6.0	60.9	48.0	68.1	5	0.0
01/31/2006 00:55	10.0	72.1	11.0	69.7	10.0	67.8	9.0	65.2	6.0	60.8	46.0	67.8	5	0.0
01/31/2006 01:00	10.0	72.8	11.0	70.4	9.0	68.5	9.0	65.9	6.0	61.4	45.0	68.5	5	0.0
01/31/2006 01:05	10.0	72.5	11.0	70.1	10.0	68.2	9.0	65.6	6.0	61.1	46.0	68.2	5	0.0
01/31/2006 01:10	10.0	73.7	11.0	71.3	10.0	69.3	9.0	66.6	6.0	62.1	46.0	69.3	5	0.0
01/31/2006 01:15	10.0	73.3	11.0	70.9	10.0	69.0	9.0	66.3	6.0	61.8	46.0	69.0	5	0.0
01/31/2006 01:20	10.0	73.9	11.0	71.5	9.0	69.5	9.0	66.8	6.0	62.3	45.0	69.5	5	0.0
01/31/2006 01:25	10.0	73.1	10.0	70.7	9.0	68.8	8.0	66.2	5.0	61.7	42.0	68.9	5	0.0
01/31/2006 01:30	10.0	73.1	10.0	70.7	9.0	68.8	8.0	66.2	5.0	61.7	42.0	68.9	5	0.0
01/31/2006 01:35	10.0	73.1	10.0	70.7	9.0	68.8	8.0	66.2	5.0	61.7	42.0	68.9	5	0.0
01/31/2006 01:40	9.0	72.9	10.0	70.5	9.0	68.6	8.0	66.0	5.0	61.5	41.0	68.6	5	0.0
01/31/2006 01:45	10.0	73.2	10.0	70.8	9.0	68.9	8.0	66.2	5.0	61.7	42.0	69.0	5	0.0
01/31/2006 01:50	9.0	73.1	10.0	70.7	9.0	68.8	8.0	66.2	5.0	61.7	41.0	68.8	5	0.0
01/31/2006 01:55	9.0	73.4	10.0	71.0	9.0	69.1	8.0	66.4	5.0	61.9	41.0	69.1	5	0.0
01/31/2006 02:00	10.0	73.8	10.0	71.4	9.0	69.4	8.0	66.7	5.0	62.2	42.0	69.5	5	0.0
01/31/2006 02:05	9.0	73.7	10.0	71.3	9.0	69.3	8.0	66.6	5.0	62.1	41.0	69.3	5	0.0
01/31/2006 02:10	10.0	72.5	10.0	70.1	9.0	68.2	8.0	65.6	5.0	61.1	42.0	68.3	5	0.0
01/31/2006 02:15	9.0	72.3	10.0	69.9	9.0	68.0	8.0	65.4	5.0	60.9	41.0	68.0	5	0.0
01/31/2006 02:20	9.0	72.7	10.0	70.3	9.0	68.4	8.0	65.8	5.0	61.3	41.0	68.4	5	0.0
01/31/2006 02:25	10.0	72.2	10.0	69.8	9.0	67.9	8.0	65.3	5.0	60.8	42.0	68.0	5	0.0
01/31/2006 02:30	9.0	72.3	10.0	69.9	9.0	68.0	8.0	65.4	5.0	60.9	41.0	68.0	5	0.0
01/31/2006 02:35	9.0	72.9	10.0	70.5	9.0	68.6	8.0	66.0	5.0	61.5	41.0	68.6	5	0.0
01/31/2006 02:40	9.0	72.6	10.0	70.2	9.0	68.3	8.0	65.7	5.0	61.2	41.0	68.3	5	0.0
01/31/2006 02:45	9.0	72.4	10.0	70.0	9.0	68.1	8.0	65.5	5.0	61.0	41.0	68.1	5	0.0
01/31/2006 02:50	9.0	72.9	10.0	70.5	9.0	68.6	8.0	66.0	5.0	61.5	41.0	68.6	5	0.0
01/31/2006 02:55	9.0	72.5	10.0	70.1	9.0	68.2	8.0	65.6	5.0	61.1	41.0	68.2	5	0.0
01/31/2006 03:00	9.0	71.7	10.0	69.4	9.0	67.5	8.0	64.9	5.0	60.5	41.0	67.5	5	0.0
01/31/2006 03:05	9.0	71.5	10.0	69.2	9.0	67.3	8.0	64.7	5.0	60.3	41.0	67.3	5	0.0
01/31/2006 03:10	9.0	71.4	10.0	69.1	9.0	67.2	8.0	64.6	5.0	60.2	41.0	67.2	5	0.0
01/31/2006 03:15	9.0	71.8	10.0	69.5	9.0	67.6	8.0	65.0	5.0	60.6	41.0	67.6	5	0.0
01/31/2006 03:20	10.0	71.8	10.0	69.5	9.0	67.6	8.0	65.0	5.0	60.6	42.0	67.7	5	0.0
01/31/2006 03:25	10.0	71.4	11.0	69.1	9.0	67.2	9.0	64.6	6.0	60.2	45.0	67.1	5	0.0
01/31/2006 03:30	9.0	71.8	10.0	69.5	9.0	67.6	8.0	65.0	5.0	60.6	41.0	67.6	5	0.0
01/31/2006 03:35	9.0	72.4	10.0	70.0	9.0	68.1	8.0	65.5	5.0	61.0	41.0	68.1	5	0.0
01/31/2006 03:40	10.0	71.8	11.0	69.5	9.0	67.6	9.0	65.0	6.0	60.6	45.0	67.5	5	0.0
01/31/2006 03:45	10.0	72.3	11.0	69.9	9.0	68.0	9.0	65.4	6.0	60.9	45.0	68.0	5	0.0
01/31/2006 03:50	9.0	72.3	10.0	69.9	9.0	68.0	8.0	65.4	5.0	60.9	41.0	68.0	5	0.0
01/31/2006 03:55	10.0	72.3	11.0	69.9	10.0	68.0	9.0	65.4	6.0	60.9	46.0	68.0	5	0.0
01/31/2006 04:00	10.0	72.1	11.0	69.7	10.0	67.8	9.0	65.2	6.0	60.8	46.0	67.8	5	0.0
01/31/2006 04:05	10.0	72.7	11.0	70.3	10.0	68.4	9.0	65.8	6.0	61.3	46.0	68.4	5	0.0
01/31/2006 04:10	10.0	72.8	11.0	70.4	9.0	68.5	9.0	65.9	6.0	61.4	45.0	68.5	5	0.0
01/31/2006 04:15	10.0	72.1	11.0	69.7	10.0	67.8	9.0	65.2	6.0	60.8	46.0	67.8	5	0.0
01/31/2006 04:20	10.0	72.4	11.0	70.0	10.0	68.1	9.0	65.5	6.0	61.0	46.0	68.1	5	0.0
01/31/2006 04:25	11.0	72.6	12.0	70.2	10.0	68.3	9.0	65.7	6.0	61.2	48.0	68.4	5	0.0
01/31/2006 04:30	11.0	72.4	12.0	70.0	11.0	68.1	10.0	65.5	6.0	61.0	50.0	68.1	5	0.0
01/31/2006 04:35	12.0	72.2	13.0	69.8	11.0	67.9	10.0	65.3	7.0	60.8	53.0	67.9	5	0.0
01/31/2006 04:40	12.0	72.1	14.0	69.7	12.0	67.8	11.0	65.2	7.0	60.8	56.0	67.8	5	0.0
01/31/2006 04:45	13.0	72.4	14.0	70.0	13.0	68.1	12.0	65.5	7.0	61.0	59.0	68.1	5	0.0
01/31/2006 04:50	13.0	72.9	14.0	70.5	13.0	68.6	12.0	66.0	8.0	61.5	60.0	68.5	5	0.0
01/31/2006 04:55	13.0	72.9	14.0	70.5	12.0	68.6	11.0	66.0	7.0	61.5	57.0	68.7	5	0.0
01/31/2006 05:00	13.0	72.6	14.0	70.2	13.0	68.3	12.0	65.7	7.0	61.2	59.0	68.3	5	0.0
01/31/2006 05:05	14.0	73.4	15.0	71.0	13.0	69.1	12.0	66.4	8.0	61.9	62.0	69.1	5	0.0
01/31/2006 05:10	15.0	73.3	17.0	70.9	15.0	69.0	14.0	66.3	9.0	61.8	70.0	69.0	5	0.0
01/31/2006 05:15	13.0	71.9	14.0	69.6	13.0	67.7	12.0	65.1	7.0	60.7	59.0	67.7	5	0.0
01/31/2006 05:20	16.0	73.1	18.0	70.7	16.0	68.8	15.0	66.2	9.0	61.7	74.0	68.8	5	0.0
01/31/2006 05:25	18.0	73.4	20.0	71.0	17.0	69.1	16.0	66.4	10.0	61.9	81.0	69.1	5	0.0
01/31/2006 05:30	19.0	74.0	20.0	71.6	18.0	69.6	17.0	66.9	11.0	62.4	85.0	69.6	5	0.0
01/31/2006 05:35	19.0	73.3	20.0	70.9	18.0	69.0	17.0	66.3	11.0	61.8	85.0	69.0	5	0.0
01/31/2006 05:40	21.0	73.4	23.0	71.0	21.0	69.1	19.0	66.4	12.0	61.9	96.0	69.1	5	0.0
01/31/2006 05:45	21.0	73.4	23.0	71.0	20.0	69.1	19.0	66.4	12.0	61.9	95.0	69.1	5	0.0
01/31/2006 05:50	22.0	73.2	24.0	70.8	22.0	68.9	20.0	66.2	13.0	61.7	101.0	68.9	5	0.0
01/31/2006 05:55	22.0	73.4	24.0	71.0	21.0	69.1	20.0	66.4	13.0	61.9	100.0	69.1	5	0.0
01/31/2006 06:00	22.0	71.6	24.0	69.3	21.0	67.4	20.0	64.8	13.0	60.4	100.0	67.4	5	0.0
01/31/2006 06:05	22.0	72.8	24.0	70.4	21.0	68.5	19.0	65.9	12.0	61.4	98.0	68.6	5	0.0
01/31/2006 06:10	26.0	72.6	28.0	70.2	25.0	68.3	23.0	65.7	15.0	61.2	117.0	68.3	5	0.0
01/31/2006 06:15	27.0	72.5	30.0	70.1	26.0	68.2	24.0	65.6	16.0	61.1	123.0	68.2	5	0.0
01/31/2006 06:20	28.0	72.3	30.0	69.9	27.0	68.0	25.0	65.4	16.0	60.9	126.0	68.0	5	0.0
01/31/2006 06:25	29.0	71.4	31.0	69.1	28.0	67.2	26.0	64.6	17.0	60.2	131.0	67.2	5	0.0
01/31/2006 06:30	30.0	70.4	33.0	68.1	29.0	66.3	27.0	63.7	17.0	59.4	136.0	66.3	5	0.0
01/31/2006 06:35	29.0	70.1	31.0	67.8	27.0	66.0	25.0	63.4	16.0	59.1	128.0	66.0	5	0.0
01/31/2006 06:40	32.0	70.5	35.0	68.2	31.0	66.4	29.0	63.8	19.0	59.5	146.0	66.3	5	0.0
01/31/2006 06:45	34.0	70.2	37.0	67.9	33.0	66.1	30.0	63.5	19.0	59.2	153.0	66.1	5	0.0
01/31/2006 06:50	36.0	69.7	39.0	67.4	34.0	65.6	32.0	63.0	20.0	58.8	161.0	65.6	5	0.0
01/31/2006 06:55	35.0	69.9	39.0	67.6	34.0	65.8	32.0	63.2	20.0	58.9	160.0	65.8	5	0.0
01/31/2006 07:00	35.0	68.8	38.0	66.6	34.0	64.8	31.0	62.3	20.0	58.0	158.0	64.8	5	0.0
01/31/2006 07:05	39.0	70.2	42.0	67.9	37.0	66.1	34.0	63.5	22.0	59.2	174.0	66.1	5	0.0
01/31/2006 07:10	41.0	69.7	44.0	67.4	39.0	65.6	36.0	63.0	23.0	58.8	183.0	65.6	5	0.0
01/31/2006 07:15	42.0	69.4	46.0	67.1	40.0	65.3	38.0	62.8	24.0	58.5	190.0	65.3	5	0.0
01/31/2006 07:20	43.0	68.2	46.0	66.0	41.0	64.2	38.0	61.7	24.0	57.5	192.0	64.2	5	0.0
01/31/2006 07:25	44.0	68.2	48.0	66.0	43.0	64.2	40.0	61.7	25.0	57.5	200.0	64.2	5	0.0
01/31/2006 07:30	44.0	67.5	48.0	65.3	42.0	63.6	39.0	61.1	25.0	56.9	198.0	63.6	5	0.0
01/31/2006 07:35	47.0	66.7	51.0	64.5	45.0	62.8	42.0	60.3	27.0	56.2	212.0	62.7	5	0.0
01/31/2006 07:40	46.0	67.2	50.0	65.0	44.0	63.3	41.0	60.8	26.0	56.7	207.0	63.3	5	0.0
01/31/2006 07:45	48.0	67.5	52.0	65.3	46.0	63.6	42.0	61.1	27.0	56.9	215.0	63.6	5	0.0
01/31/2006 07:50	46.0	67.3	51.0	65.1	45.0	63.4	41.0	60.9	27.0	56.8	210.0	63.3	5	0.0
01/31/2006 07:55	43.0	67.6	47.0	65.4	41.0	63.7	38.0	61.2	25.0	57.0	194.0	63.6	5	0.0
01/31/2006 08:00	40.0	68.0	44.0	65.7	39.0	64.0	36.0	61.5	23.0	57.3	182.0	63.9	5	0.0
01/31/2006 08:05	41.0	69.2	45.0	66.9	39.0	65.1	37.0	62.6	23.0	58.3	185.0	65.1	5	0.0
01/31/2006 08:10	42.0	68.8	46.0	66.6	40.0	64.8	37.0	62.3	24.0	58.0	189.0	64.8	5	0.0
01/31/2006 08:15	42.0	68.1	45.0	65.9	40.0	64.1	37.0	61.6	24.0	57.4	188.0	64.1	5	0.0
01/31/2006 08:20	43.0	67.4	47.0	65.2	41.0	63.5	38.0	61.0	25.0	56.9	194.0	63.4	5	0.0
01/31/2006 08:25	25.0	66.5	28.0	64.3	24.0	62.6	23.0	60.1	15.0	56.0	115.0	62.5	5	0.0
01/31/2006 08:30	42.0	65.1	46.0	62.9	41.0	61.2	38.0	58.9	24.0	54.9	191.0	61.2	5	0.0
01/31/2006 08:35	41.0	65.3	44.0	63.2	39.0	61.5	36.0	59.1	23.0	55.0	183.0	61.4	5	0.0
01/31/2006 08:40	43.0	66.3	47.0	64.1	41.0	62.4	38.0	59.9	25.0	55.9	194.0	62.3	5	0.0
01/31/2006 08:45	24.0	71.5	26.0	69.2	23.0	67.3	21.0	64.7	14.0	60.3	108.0	67.3	5	0.0
01/31/2006 08:50	39.0	70.2	42.0	67.9	37.0	66.1	35.0	63.5	22.0	59.2	175.0	66.1	5	0.0
01/31/2006 08:55	38.0	69.2	41.0	66.9	36.0	65.1	34.0	62.6	22.0	58.3	171.0	65.0	5	0.0
01/31/2006 09:00	39.0	67.4	42.0	65.2	37.0	63.5	35.0	61.0	22.0	56.9	175.0	63.5	5	0.0
01/31/2006 09:05	36.0	67.9	40.0	65.6	35.0	63.9	32.0	61.4	21.0	57.2	164.0	63.8	5	0.0
01/31/2006 09:10	36.0	68.6	39.0	66.4	34.0	64.6	32.0	62.1	20.0	57.9	161.0	64.6	5	0.0
01/31/2006 09:15	38.0	68.8	42.0	66.6	37.0	64.8	34.0	62.3	22.0	58.0	173.0	64.8	5	0.0
01/31/2006 09:20	37.0	68.2	40.0	66.0	35.0	64.2	33.0	61.7	21.0	57.5	166.0	64.2	5	0.0
01/31/2006 09:25	34.0	68.8	37.0	66.6	33.0	64.8	31.0	62.3	20.0	58.0	155.0	64.7	5	0.0
01/31/2006 09:30	36.0	69.3	40.0	67.0	35.0	65.2	32.0	62.7	21.0	58.4	164.0	65.2	5	0.0
01/31/2006 09:35	35.0	69.4	39.0	67.1	34.0	65.3	32.0	62.8	20.0	58.5	160.0	65.3	5	0.0
01/31/2006 09:40	34.0	69.8	37.0	67.5	33.0	65.7	30.0	63.1	20.0	58.9	154.0	65.7	5	0.0
01/31/2006 09:45	33.0	69.6	36.0	67.3	32.0	65.5	30.0	62.9	19.0	58.7	150.0	65.5	5	0.0
01/31/2006 09:50	33.0	70.2	36.0	67.9	32.0	66.1	29.0	63.5	19.0	59.2	149.0	66.1	5	0.0
01/31/2006 09:55	33.0	70.4	35.0	68.1	31.0	66.3	29.0	63.7	19.0	59.4	147.0	66.3	5	0.0
01/31/2006 10:00	29.0	70.0	32.0	67.7	28.0	65.9	26.0	63.3	17.0	59.0	132.0	65.9	5	0.0
01/31/2006 10:05	31.0	70.8	34.0	68.5	30.0	66.6	27.0	64.0	18.0	59.7	140.0	66.6	5	0.0
01/31/2006 10:10	31.0	70.3	34.0	68.0	30.0	66.2	28.0	63.6	18.0	59.3	141.0	66.2	5	0.0
01/31/2006 10:15	30.0	69.8	33.0	67.5	29.0	65.7	27.0	63.1	17.0	58.9	136.0	65.7	5	0.0
01/31/2006 10:20	31.0	69.9	34.0	67.6	30.0	65.8	28.0	63.2	18.0	58.9	141.0	65.8	5	0.0
01/31/2006 10:25	31.0	70.7	34.0	68.3	30.0	66.5	27.0	63.9	18.0	59.6	140.0	66.5	5	0.0
01/31/2006 10:30	30.0	70.7	33.0	68.3	29.0	66.5	27.0	63.9	17.0	59.6	136.0	66.5	5	0.0
01/31/2006 10:35	31.0	69.9	33.0	67.6	29.0	65.8	27.0	63.2	18.0	58.9	138.0	65.8	5	0.0
01/31/2006 10:40	29.0	70.4	31.0	68.1	28.0	66.3	26.0	63.7	17.0	59.4	131.0	66.2	5	0.0
01/31/2006 10:45	30.0	70.1	33.0	67.8	29.0	66.0	27.0	63.4	17.0	59.1	136.0	66.0	5	0.0
01/31/2006 10:50	29.0	69.9	31.0	67.6	27.0	65.8	25.0	63.2	16.0	58.9	128.0	65.8	5	0.0
01/31/2006 10:55	29.0	70.7	32.0	68.3	28.0	66.5	26.0	63.9	17.0	59.6	132.0	66.5	5	0.0
01/31/2006 11:00	28.0	71.0	30.0	68.7	27.0	66.8	25.0	64.2	16.0	59.8	126.0	66.8	5	0.0
01/31/2006 11:05	29.0	70.9	31.0	68.6	28.0	66.7	26.0	64.1	17.0	59.8	131.0	66.6	5	0.0
01/31/2006 11:10	30.0	70.7	32.0	68.3	29.0	66.5	26.0	63.9	17.0	59.6	134.0	66.5	5	0.0
01/31/2006 11:15	30.0	70.1	32.0	67.8	29.0	66.0	26.0	63.4	17.0	59.1	134.0	66.0	5	0.0
01/31/2006 11:20	29.0	69.6	31.0	67.3	27.0	65.5	25.0	62.9	16.0	58.7	128.0	65.5	5	0.0
01/31/2006 11:25	28.0	69.7	30.0	67.4	27.0	65.6	25.0	63.0	16.0	58.8	126.0	65.6	5	0.0
01/31/2006 11:30	28.0	70.3	30.0	68.0	27.0	66.2	25.0	63.6	16.0	59.3	126.0	66.2	5	0.0
01/31/2006 11:35	28.0	70.8	31.0	68.5	27.0	66.6	25.0	64.0	16.0	59.7	127.0	66.6	5	0.0
01/31/2006 11:40	30.0	71.5	32.0	69.2	29.0	67.3	26.0	64.7	17.0	60.3	134.0	67.3	5	0.0
01/31/2006 11:45	29.0	70.3	32.0	68.0	28.0	66.2	26.0	63.6	17.0	59.3	132.0	66.2	5	0.0
01/31/2006 11:50	31.0	69.7	33.0	67.4	29.0	65.6	27.0	63.0	18.0	58.8	138.0	65.6	5	0.0
01/31/2006 11:55	29.0	70.3	31.0	68.0	27.0	66.2	25.0	63.6	16.0	59.3	128.0	66.2	5	0.0
01/31/2006 12:00	30.0	70.3	32.0	68.0	29.0	66.2	26.0	63.6	17.0	59.3	134.0	66.2	5	0.0
01/31/2006 12:05	29.0	71.6	31.0	69.3	28.0	67.4	26.0	64.8	17.0	60.4	131.0	67.4	5	0.0
01/31/2006 12:10	29.0	71.9	32.0	69.6	28.0	67.7	26.0	65.1	17.0	60.7	132.0	67.7	5	0.0
01/31/2006 12:15	30.0	71.2	33.0	68.9	29.0	67.0	27.0	64.4	17.0	60.0	136.0	67.0	5	0.0
01/31/2006 12:20	31.0	70.9	34.0	68.6	30.0	66.7	28.0	64.1	18.0	59.8	141.0	66.7	5	0.0
01/31/2006 12:25	29.0	71.0	32.0	68.7	28.0	66.8	26.0	64.2	17.0	59.8	132.0	66.8	5	0.0
01/31/2006 12:30	29.0	71.4	32.0	69.1	28.0	67.2	26.0	64.6	17.0	60.2	132.0	67.2	5	0.0
01/31/2006 12:35	30.0	70.9	33.0	68.6	29.0	66.7	27.0	64.1	17.0	59.8	136.0	66.7	5	0.0
01/31/2006 12:40	31.0	71.1	34.0	68.8	30.0	66.9	27.0	64.3	18.0	59.9	140.0	66.9	5	0.0
01/31/2006 12:45	32.0	70.8	35.0	68.5	31.0	66.6	28.0	64.0	18.0	59.7	144.0	66.6	5	0.0
01/31/2006 12:50	30.0	71.7	33.0	69.4	29.0	67.5	27.0	64.9	17.0	60.5	136.0	67.5	5	0.0
01/31/2006 12:55	30.0	70.8	33.0	68.5	29.0	66.6	27.0	64.0	17.0	59.7	136.0	66.6	5	0.0
01/31/2006 13:00	31.0	71.3	34.0	69.0	30.0	67.1	28.0	64.5	18.0	60.1	141.0	67.1	5	0.0
01/31/2006 13:05	30.0	70.7	32.0	68.3	29.0	66.5	26.0	63.9	17.0	59.6	134.0	66.5	5	0.0
01/31/2006 13:10	31.0	72.3	33.0	69.9	29.0	68.0	27.0	65.4	18.0	60.9	138.0	68.0	5	0.0
01/31/2006 13:15	31.0	72.5	34.0	70.1	30.0	68.2	28.0	65.6	18.0	61.1	141.0	68.2	5	0.0
01/31/2006 13:20	31.0	71.6	34.0	69.3	30.0	67.4	28.0	64.8	18.0	60.4	141.0	67.4	5	0.0
01/31/2006 13:25	32.0	72.1	35.0	69.7	31.0	67.8	29.0	65.2	19.0	60.8	146.0	67.8	5	0.0
01/31/2006 13:30	32.0	70.9	35.0	68.6	31.0	66.7	28.0	64.1	18.0	59.8	144.0	66.7	5	0.0
01/31/2006 13:35	31.0	71.3	34.0	69.0	30.0	67.1	28.0	64.5	18.0	60.1	141.0	67.1	5	0.0
01/31/2006 13:40	33.0	71.3	35.0	69.0	31.0	67.1	29.0	64.5	19.0	60.1	147.0	67.1	5	0.0
01/31/2006 13:45	33.0	71.7	35.0	69.4	31.0	67.5	29.0	64.9	19.0	60.5	147.0	67.5	5	0.0
01/31/2006 13:50	32.0	71.6	35.0	69.3	31.0	67.4	28.0	64.8	18.0	60.4	144.0	67.4	5	0.0
01/31/2006 13:55	31.0	71.6	34.0	69.3	30.0	67.4	28.0	64.8	18.0	60.4	141.0	67.4	5	0.0
01/31/2006 14:00	32.0	70.4	34.0	68.1	30.0	66.3	28.0	63.7	18.0	59.4	142.0	66.3	5	0.0
01/31/2006 14:05	34.0	70.8	37.0	68.5	33.0	66.6	30.0	64.0	20.0	59.7	154.0	66.6	5	0.0
01/31/2006 14:10	34.0	70.2	37.0	67.9	33.0	66.1	30.0	63.5	19.0	59.2	153.0	66.1	5	0.0
01/31/2006 14:15	36.0	70.8	39.0	68.5	35.0	66.6	32.0	64.0	21.0	59.7	163.0	66.6	5	0.0
01/31/2006 14:20	35.0	70.4	38.0	68.1	33.0	66.3	31.0	63.7	20.0	59.4	157.0	66.3	5	0.0
01/31/2006 14:25	35.0	69.7	38.0	67.4	34.0	65.6	31.0	63.0	20.0	58.8	158.0	65.6	5	0.0
01/31/2006 14:30	35.0	69.5	38.0	67.2	33.0	65.4	31.0	62.8	20.0	58.6	157.0	65.4	5	0.0
01/31/2006 14:35	37.0	69.6	41.0	67.3	36.0	65.5	33.0	62.9	21.0	58.7	168.0	65.5	5	0.0
01/31/2006 14:40	37.0	69.8	41.0	67.5	36.0	65.7	33.0	63.1	21.0	58.9	168.0	65.7	5	0.0
01/31/2006 14:45	37.0	69.8	40.0	67.5	36.0	65.7	33.0	63.1	21.0	58.9	167.0	65.7	5	0.0
01/31/2006 14:50	39.0	69.3	43.0	67.0	38.0	65.2	35.0	62.7	22.0	58.4	177.0	65.2	5	0.0
01/31/2006 14:55	37.0	69.4	40.0	67.1	36.0	65.3	33.0	62.8	21.0	58.5	167.0	65.3	5	0.0
01/31/2006 15:00	37.0	69.0	41.0	66.8	36.0	65.0	33.0	62.5	21.0	58.2	168.0	65.0	5	0.0
01/31/2006 15:05	39.0	68.8	42.0	66.6	37.0	64.8	35.0	62.3	22.0	58.0	175.0	64.8	5	0.0
01/31/2006 15:10	40.0	68.5	44.0	66.3	39.0	64.5	36.0	62.0	23.0	57.8	182.0	64.5	5	0.0
01/31/2006 15:15	41.0	68.1	45.0	65.9	40.0	64.1	37.0	61.6	24.0	57.4	187.0	64.0	5	0.0
01/31/2006 15:20	40.0	68.6	43.0	66.4	38.0	64.6	35.0	62.1	23.0	57.9	179.0	64.6	5	0.0
01/31/2006 15:25	41.0	68.6	44.0	66.4	39.0	64.6	36.0	62.1	23.0	57.9	183.0	64.6	5	0.0
01/31/2006 15:30	41.0	68.3	44.0	66.1	39.0	64.3	36.0	61.8	23.0	57.6	183.0	64.3	5	0.0
01/31/2006 15:35	43.0	68.7	46.0	66.5	41.0	64.7	38.0	62.2	24.0	57.9	192.0	64.7	5	0.0
01/31/2006 15:40	44.0	68.4	47.0	66.2	42.0	64.4	39.0	61.9	25.0	57.7	197.0	64.4	5	0.0
01/31/2006 15:45	41.0	68.8	45.0	66.6	40.0	64.8	37.0	62.3	24.0	58.0	187.0	64.7	5	0.0
01/31/2006 15:50	39.0	68.7	42.0	66.5	37.0	64.7	35.0	62.2	22.0	57.9	175.0	64.7	5	0.0
01/31/2006 15:55	39.0	67.9	43.0	65.6	38.0	63.9	35.0	61.4	22.0	57.2	177.0	63.9	5	0.0
01/31/2006 16:00	37.0	68.3	41.0	66.1	36.0	64.3	33.0	61.8	21.0	57.6	168.0	64.3	5	0.0
01/31/2006 16:05	39.0	68.5	42.0	66.3	37.0	64.5	34.0	62.0	22.0	57.8	174.0	64.5	5	0.0
01/31/2006 16:10	39.0	67.9	42.0	65.6	37.0	63.9	35.0	61.4	22.0	57.2	175.0	63.9	5	0.0
01/31/2006 16:15	39.0	68.2	42.0	66.0	37.0	64.2	35.0	61.7	22.0	57.5	175.0	64.2	5	0.0
01/31/2006 16:20	40.0	68.2	43.0	66.0	38.0	64.2	35.0	61.7	23.0	57.5	179.0	64.2	5	0.0
01/31/2006 16:25	39.0	68.4	42.0	66.2	37.0	64.4	34.0	61.9	22.0	57.7	174.0	64.4	5	0.0
01/31/2006 16:30	38.0	68.3	41.0	66.1	36.0	64.3	34.0	61.8	22.0	57.6	171.0	64.2	5	0.0
01/31/2006 16:35	40.0	68.5	43.0	66.3	38.0	64.5	35.0	62.0	23.0	57.8	179.0	64.5	5	0.0
01/31/2006 16:40	41.0	68.3	45.0	66.1	40.0	64.3	37.0	61.8	24.0	57.6	187.0	64.2	5	0.0
01/31/2006 16:45	39.0	68.2	43.0	66.0	38.0	64.2	35.0	61.7	23.0	57.5	178.0	64.1	5	0.0
01/31/2006 16:50	41.0	68.2	45.0	66.0	40.0	64.2	37.0	61.7	24.0	57.5	187.0	64.1	5	0.0
01/31/2006 16:55	39.0	68.2	43.0	66.0	38.0	64.2	35.0	61.7	23.0	57.5	178.0	64.1	5	0.0
01/31/2006 17:00	41.0	68.6	45.0	66.4	39.0	64.6	37.0	62.1	23.0	57.9	185.0	64.6	5	0.0
01/31/2006 17:05	41.0	68.3	45.0	66.1	40.0	64.3	37.0	61.8	24.0	57.6	187.0	64.2	5	0.0
01/31/2006 17:10	43.0	68.2	46.0	66.0	41.0	64.2	38.0	61.7	24.0	57.5	192.0	64.2	5	0.0
01/31/2006 17:15	41.0	67.8	44.0	65.5	39.0	63.8	36.0	61.3	23.0	57.1	183.0	63.8	5	0.0
01/31/2006 17:20	43.0	68.3	47.0	66.1	41.0	64.3	38.0	61.8	25.0	57.6	194.0	64.2	5	0.0
01/31/2006 17:25	42.0	67.5	45.0	65.3	40.0	63.6	37.0	61.1	24.0	56.9	188.0	63.5	5	0.0
01/31/2006 17:30	40.0	67.9	43.0	65.6	38.0	63.9	35.0	61.4	23.0	57.2	179.0	63.9	5	0.0
01/31/2006 17:35	41.0	67.3	44.0	65.1	39.0	63.4	36.0	60.9	23.0	56.8	183.0	63.4	5	0.0
01/31/2006 17:40	39.0	66.8	42.0	64.6	37.0	62.9	35.0	60.4	22.0	56.3	175.0	62.8	5	0.0
01/31/2006 17:45	39.0	66.4	42.0	64.2	37.0	62.5	35.0	60.0	22.0	56.0	175.0	62.4	5	0.0
01/31/2006 17:50	40.0	66.8	43.0	64.6	38.0	62.9	35.0	60.4	23.0	56.3	179.0	62.8	5	0.0
01/31/2006 17:55	39.0	66.7	42.0	64.5	37.0	62.8	34.0	60.3	22.0	56.2	174.0	62.8	5	0.0
01/31/2006 18:00	37.0	67.3	41.0	65.1	36.0	63.4	33.0	60.9	21.0	56.8	168.0	63.4	5	0.0
01/31/2006 18:05	37.0	67.1	41.0	64.9	36.0	63.2	33.0	60.7	21.0	56.6	168.0	63.2	5	0.0
01/31/2006 18:10	39.0	67.8	42.0	65.5	37.0	63.8	34.0	61.3	22.0	57.1	174.0	63.8	5	0.0
01/31/2006 18:15	39.0	68.0	42.0	65.7	37.0	64.0	35.0	61.5	22.0	57.3	175.0	64.0	5	0.0
01/31/2006 18:20	39.0	68.1	42.0	65.9	37.0	64.1	35.0	61.6	22.0	57.4	175.0	64.1	5	0.0
01/31/2006 18:25	38.0	68.2	41.0	66.0	36.0	64.2	34.0	61.7	22.0	57.5	171.0	64.1	5	0.0
01/31/2006 18:30	36.0	68.3	39.0	66.1	35.0	64.3	32.0	61.8	21.0	57.6	163.0	64.2	5	0.0
01/31/2006 18:35	36.0	68.8	39.0	66.6	34.0	64.8	32.0	62.3	20.0	58.0	161.0	64.8	5	0.0
01/31/2006 18:40	36.0	69.2	40.0	66.9	35.0	65.1	32.0	62.6	21.0	58.3	164.0	65.1	5	0.0
01/31/2006 18:45	35.0	69.8	38.0	67.5	34.0	65.7	31.0	63.1	20.0	58.9	158.0	65.7	5	0.0
01/31/2006 18:50	34.0	70.2	37.0	67.9	33.0	66.1	31.0	63.5	20.0	59.2	155.0	66.0	5	0.0
01/31/2006 18:55	33.0	69.8	36.0	67.5	32.0	65.7	29.0	63.1	19.0	58.9	149.0	65.7	5	0.0
01/31/2006 19:00	33.0	70.0	36.0	67.7	32.0	65.9	29.0	63.3	19.0	59.0	149.0	65.9	5	0.0
01/31/2006 19:05	31.0	70.4	34.0	68.1	30.0	66.3	27.0	63.7	18.0	59.4	140.0	66.3	5	0.0
01/31/2006 19:10	30.0	71.4	33.0	69.1	29.0	67.2	27.0	64.6	17.0	60.2	136.0	67.2	5	0.0
01/31/2006 19:15	30.0	71.7	33.0	69.4	29.0	67.5	27.0	64.9	17.0	60.5	136.0	67.5	5	0.0
01/31/2006 19:20	28.0	71.9	31.0	69.6	27.0	67.7	25.0	65.1	16.0	60.7	127.0	67.7	5	0.0
01/31/2006 19:25	27.0	72.6	30.0	70.2	26.0	68.3	24.0	65.7	16.0	61.2	123.0	68.3	5	0.0
01/31/2006 19:30	27.0	72.9	29.0	70.5	26.0	68.6	24.0	66.0	15.0	61.5	121.0	68.6	5	0.0
01/31/2006 19:35	25.0	73.1	27.0	70.7	24.0	68.8	22.0	66.2	14.0	61.7	112.0	68.8	5	0.0
01/31/2006 19:40	25.0	73.2	27.0	70.8	24.0	68.9	22.0	66.2	14.0	61.7	112.0	68.9	5	0.0
01/31/2006 19:45	23.0	73.2	25.0	70.8	22.0	68.9	21.0	66.2	13.0	61.7	104.0	68.9	5	0.0
01/31/2006 19:50	23.0	73.8	25.0	71.4	22.0	69.4	21.0	66.7	13.0	62.2	104.0	69.4	5	0.0
01/31/2006 19:55	22.0	73.6	24.0	71.2	22.0	69.2	20.0	66.5	13.0	62.0	101.0	69.2	5	0.0
01/31/2006 20:00	22.0	73.1	24.0	70.7	21.0	68.8	19.0	66.2	12.0	61.7	98.0	68.9	5	0.0
01/31/2006 20:05	22.0	73.1	24.0	70.7	21.0	68.8	20.0	66.2	13.0	61.7	100.0	68.8	5	0.0
01/31/2006 20:10	21.0	73.7	23.0	71.3	20.0	69.3	19.0	66.6	12.0	62.1	95.0	69.3	5	0.0
01/31/2006 20:15	21.0	73.3	23.0	70.9	20.0	69.0	19.0	66.3	12.0	61.8	95.0	69.0	5	0.0
01/31/2006 20:20	21.0	73.4	23.0	71.0	20.0	69.1	19.0	66.4	12.0	61.9	95.0	69.1	5	0.0
01/31/2006 20:25	20.0	74.1	22.0	71.7	19.0	69.7	18.0	67.0	11.0	62.5	90.0	69.7	5	0.0
01/31/2006 20:30	20.0	74.0	21.0	71.6	19.0	69.6	18.0	66.9	11.0	62.4	89.0	69.6	5	0.0
01/31/2006 20:35	20.0	73.8	22.0	71.4	19.0	69.4	18.0	66.7	11.0	62.2	90.0	69.4	5	0.0
01/31/2006 20:40	19.0	73.2	21.0	70.8	19.0	68.9	17.0	66.2	11.0	61.7	87.0	68.9	5	0.0
01/31/2006 20:45	20.0	73.7	21.0	71.3	19.0	69.3	18.0	66.6	11.0	62.1	89.0	69.3	5	0.0
01/31/2006 20:50	18.0	73.8	20.0	71.4	18.0	69.4	16.0	66.7	11.0	62.2	83.0	69.4	5	0.0
01/31/2006 20:55	19.0	73.9	20.0	71.5	18.0	69.5	17.0	66.8	11.0	62.3	85.0	69.5	5	0.0
01/31/2006 21:00	18.0	73.8	20.0	71.4	17.0	69.4	16.0	66.7	10.0	62.2	81.0	69.4	5	0.0
01/31/2006 21:05	19.0	73.3	20.0	70.9	18.0	69.0	17.0	66.3	11.0	61.8	85.0	69.0	5	0.0
01/31/2006 21:10	19.0	73.2	20.0	70.8	18.0	68.9	17.0	66.2	11.0	61.7	85.0	68.9	5	0.0
01/31/2006 21:15	19.0	73.8	21.0	71.4	18.0	69.4	17.0	66.7	11.0	62.2	86.0	69.4	5	0.0
01/31/2006 21:20	19.0	73.9	21.0	71.5	19.0	69.5	17.0	66.8	11.0	62.3	87.0	69.5	5	0.0
01/31/2006 21:25	18.0	73.9	19.0	71.5	17.0	69.5	16.0	66.8	10.0	62.3	80.0	69.5	5	0.0
01/31/2006 21:30	18.0	73.8	20.0	71.4	17.0	69.4	16.0	66.7	10.0	62.2	81.0	69.4	5	0.0
01/31/2006 21:35	19.0	73.7	20.0	71.3	18.0	69.3	17.0	66.6	11.0	62.1	85.0	69.3	5	0.0
01/31/2006 21:40	18.0	73.7	20.0	71.3	17.0	69.3	16.0	66.6	10.0	62.1	81.0	69.3	5	0.0
01/31/2006 21:45	17.0	74.0	19.0	71.6	17.0	69.6	16.0	66.9	10.0	62.4	79.0	69.6	5	0.0
01/31/2006 21:50	18.0	74.0	19.0	71.6	17.0	69.6	16.0	66.9	10.0	62.4	80.0	69.6	5	0.0
01/31/2006 21:55	17.0	73.9	18.0	71.5	16.0	69.5	15.0	66.8	10.0	62.3	76.0	69.5	5	0.0
01/31/2006 22:00	16.0	73.6	18.0	71.2	16.0	69.2	15.0	66.5	9.0	62.0	74.0	69.2	5	0.0
01/31/2006 22:05	17.0	73.7	19.0	71.3	17.0	69.3	15.0	66.6	10.0	62.1	78.0	69.3	5	0.0
01/31/2006 22:10	17.0	73.0	18.0	70.6	16.0	68.7	15.0	66.1	10.0	61.6	76.0	68.7	5	0.0
01/31/2006 22:15	17.0	73.2	18.0	70.8	16.0	68.9	15.0	66.2	10.0	61.7	76.0	68.9	5	0.0
01/31/2006 22:20	16.0	73.2	18.0	70.8	16.0	68.9	15.0	66.2	9.0	61.7	74.0	68.9	5	0.0
01/31/2006 22:25	15.0	73.2	17.0	70.8	15.0	68.9	14.0	66.2	9.0	61.7	70.0	68.9	5	0.0
01/31/2006 22:30	15.0	73.2	16.0	70.8	14.0	68.9	13.0	66.2	9.0	61.7	67.0	68.9	5	0.0
01/31/2006 22:35	15.0	73.7	16.0	71.3	14.0	69.3	13.0	66.6	8.0	62.1	66.0	69.4	5	0.0
01/31/2006 22:40	15.0	73.6	16.0	71.2	14.0	69.2	13.0	66.5	8.0	62.0	66.0	69.3	5	0.0
01/31/2006 22:45	14.0	73.7	15.0	71.3	14.0	69.3	13.0	66.6	8.0	62.1	64.0	69.3	5	0.0
01/31/2006 22:50	14.0	73.6	15.0	71.2	13.0	69.2	12.0	66.5	8.0	62.0	62.0	69.2	5	0.0
01/31/2006 22:55	14.0	73.4	15.0	71.0	13.0	69.1	12.0	66.4	8.0	61.9	62.0	69.1	5	0.0
01/31/2006 23:00	13.0	73.4	14.0	71.0	13.0	69.1	12.0	66.4	8.0	61.9	60.0	69.0	5	0.0
01/31/2006 23:05	13.0	73.2	14.0	70.8	13.0	68.9	12.0	66.2	8.0	61.7	60.0	68.8	5	0.0
01/31/2006 23:10	13.0	73.2	14.0	70.8	13.0	68.9	12.0	66.2	7.0	61.7	59.0	68.9	5	0.0
01/31/2006 23:15	14.0	72.8	15.0	70.4	13.0	68.5	12.0	65.9	8.0	61.4	62.0	68.5	5	0.0
01/31/2006 23:20	12.0	73.1	13.0	70.7	12.0	68.8	11.0	66.2	7.0	61.7	55.0	68.8	5	0.0
01/31/2006 23:25	12.0	72.9	13.0	70.5	12.0	68.6	11.0	66.0	7.0	61.5	55.0	68.6	5	0.0
01/31/2006 23:30	12.0	72.9	13.0	70.5	12.0	68.6	11.0	66.0	7.0	61.5	55.0	68.6	5	0.0
01/31/2006 23:35	11.0	72.9	12.0	70.5	11.0	68.6	10.0	66.0	6.0	61.5	50.0	68.6	5	0.0
01/31/2006 23:40	12.0	73.0	13.0	70.6	11.0	68.7	10.0	66.1	7.0	61.6	53.0	68.7	5	0.0
01/31/2006 23:45	12.0	73.1	13.0	70.7	11.0	68.8	10.0	66.2	7.0	61.7	53.0	68.8	5	0.0
01/31/2006 23:50	12.0	73.1	13.0	70.7	11.0	68.8	10.0	66.2	7.0	61.7	53.0	68.8	5	0.0
01/31/2006 23:55	11.0	73.1	12.0	70.7	11.0	68.8	10.0	66.2	6.0	61.7	50.0	68.8	5	0.0
