5 Minutes	Lane 1 Flow (Veh/5 Minutes)	Lane 1 Occ (%)	Lane 2 Flow (Veh/5 Minutes)	Lane 2 Occ (%)	Lane 3 Flow (Veh/5 Minutes)	Lane 3 Occ (%)	Lane 4 Flow (Veh/5 Minutes)	Lane 4 Occ (%)	Lane 5 Flow (Veh/5 Minutes)	Lane 5 Occ (%)	Flow (Veh/5 Minutes)	Occupancy (%)	# Lane Points	% Observed
10/29/2006 00:00	17.0	1.9	19.0	2.5	23.0	3.2	23.0	3.3	23.0	3.5	105.0	2.9	5	100.0
10/29/2006 00:05	17.0	2.2	22.0	2.9	19.0	2.7	21.0	3.1	23.0	3.3	102.0	2.8	5	100.0
10/29/2006 00:10	11.0	1.3	20.0	2.7	22.0	2.9	23.0	3.1	20.0	2.9	96.0	2.6	5	100.0
10/29/2006 00:15	15.0	1.6	27.0	3.3	23.0	3.1	24.0	3.4	21.0	3.1	110.0	2.9	5	100.0
10/29/2006 00:20	11.0	1.3	20.0	2.7	23.0	3.3	22.0	3.1	20.0	3.1	96.0	2.7	5	100.0
10/29/2006 00:25	9.0	1.1	23.0	3.1	22.0	3.2	25.0	4.2	24.0	3.6	103.0	3.0	5	100.0
10/29/2006 00:30	9.0	1.0	17.0	2.2	18.0	2.3	21.0	3.0	22.0	3.1	87.0	2.3	5	100.0
10/29/2006 00:35	8.0	0.9	21.0	2.4	19.0	2.3	19.0	3.0	20.0	3.3	87.0	2.4	5	100.0
10/29/2006 00:40	5.0	0.6	10.0	1.3	11.0	1.3	9.0	1.3	8.0	1.1	43.0	1.1	5	100.0
10/29/2006 00:45	11.0	1.3	17.0	2.2	19.0	2.7	18.0	2.9	15.0	2.0	80.0	2.2	5	100.0
10/29/2006 00:50	9.0	0.9	17.0	2.1	17.0	2.5	18.0	3.3	17.0	2.3	78.0	2.2	5	100.0
10/29/2006 00:55	7.0	0.7	19.0	2.1	21.0	2.8	18.0	2.5	15.0	2.2	80.0	2.1	5	100.0
10/29/2006 02:00	5.0	0.6	10.0	1.4	14.0	1.7	13.0	2.0	16.0	2.4	58.0	1.6	5	100.0
10/29/2006 02:05	5.0	0.6	13.0	1.5	14.0	1.6	13.0	1.9	14.0	2.1	59.0	1.5	5	100.0
10/29/2006 02:10	6.0	0.6	11.0	1.3	11.0	1.5	13.0	1.5	11.0	1.6	52.0	1.3	5	100.0
10/29/2006 02:15	4.0	0.4	8.0	0.9	9.0	1.1	11.0	1.3	9.0	1.2	41.0	1.0	5	100.0
10/29/2006 02:20	3.0	0.3	8.0	0.9	10.0	1.2	13.0	1.7	13.0	1.7	47.0	1.2	5	100.0
10/29/2006 02:25	2.0	0.2	8.0	0.9	9.0	1.1	9.0	1.3	6.0	0.9	34.0	0.9	5	100.0
10/29/2006 02:30	2.0	0.2	9.0	0.9	11.0	1.2	9.0	1.4	6.0	0.9	37.0	0.9	5	100.0
10/29/2006 02:35	3.0	0.3	5.0	0.6	8.0	1.0	8.0	1.0	7.0	1.1	31.0	0.8	5	100.0
10/29/2006 02:40	3.0	0.4	7.0	0.7	9.0	1.0	9.0	1.4	7.0	0.9	35.0	0.9	5	100.0
10/29/2006 02:45	2.0	0.2	6.0	0.7	6.0	0.7	8.0	1.1	5.0	0.6	27.0	0.6	5	100.0
10/29/2006 02:50	4.0	0.5	8.0	0.9	7.0	0.9	9.0	1.7	8.0	1.4	36.0	1.1	5	100.0
10/29/2006 02:55	3.0	0.3	6.0	0.8	6.0	0.7	7.0	1.0	4.0	0.5	26.0	0.7	5	100.0
10/29/2006 03:00	3.0	0.3	8.0	0.9	10.0	1.2	7.0	1.1	9.0	1.2	37.0	0.9	5	100.0
10/29/2006 03:05	1.0	0.1	6.0	0.6	7.0	0.9	13.0	1.6	7.0	0.8	34.0	0.8	5	100.0
10/29/2006 03:10	2.0	0.2	5.0	0.6	4.0	0.5	8.0	1.1	3.0	0.7	22.0	0.6	5	100.0
10/29/2006 03:15	1.0	0.1	3.0	0.3	6.0	0.8	7.0	0.9	3.0	0.4	20.0	0.5	5	100.0
10/29/2006 03:20	0.0	0.0	1.0	0.1	2.0	0.4	2.0	0.2	5.0	0.7	10.0	0.3	5	100.0
10/29/2006 03:25	1.0	0.1	3.0	0.4	5.0	0.6	9.0	1.2	5.0	0.9	23.0	0.6	5	100.0
10/29/2006 03:30	1.0	0.1	1.0	0.1	5.0	0.5	3.0	0.4	4.0	0.7	14.0	0.3	5	100.0
10/29/2006 03:35	0.0	0.0	2.0	0.2	4.0	0.5	3.0	0.4	3.0	0.4	12.0	0.3	5	100.0
10/29/2006 03:40	0.0	0.0	4.0	0.4	4.0	0.5	5.0	0.6	4.0	0.5	17.0	0.4	5	100.0
10/29/2006 03:45	0.0	0.0	4.0	0.4	8.0	1.1	8.0	1.1	6.0	0.7	26.0	0.7	5	100.0
10/29/2006 03:50	0.0	0.0	6.0	0.6	6.0	0.9	5.0	0.6	5.0	0.6	22.0	0.6	5	100.0
10/29/2006 03:55	1.0	0.1	4.0	0.5	2.0	0.2	6.0	0.9	3.0	0.5	16.0	0.4	5	100.0
10/29/2006 04:00	0.0	0.0	2.0	0.2	3.0	0.3	7.0	0.7	5.0	0.5	17.0	0.4	5	100.0
10/29/2006 04:05	1.0	0.1	3.0	0.3	6.0	0.6	8.0	1.3	5.0	0.6	23.0	0.6	5	100.0
10/29/2006 04:10	1.0	0.1	2.0	0.2	5.0	0.7	5.0	0.8	7.0	1.1	20.0	0.6	5	100.0
10/29/2006 04:15	0.0	0.0	2.0	0.2	5.0	0.6	6.0	0.9	3.0	0.4	16.0	0.4	5	100.0
10/29/2006 04:20	1.0	0.1	3.0	0.3	3.0	0.4	5.0	0.8	6.0	1.0	18.0	0.5	5	100.0
10/29/2006 04:25	0.0	0.0	2.0	0.2	1.0	0.1	4.0	0.4	3.0	0.3	10.0	0.2	5	100.0
10/29/2006 04:30	0.0	0.0	4.0	0.4	3.0	0.3	5.0	0.7	3.0	0.3	15.0	0.3	5	100.0
10/29/2006 04:35	1.0	0.1	3.0	0.3	6.0	0.6	5.0	0.7	2.0	0.3	17.0	0.4	5	100.0
10/29/2006 04:40	0.0	0.0	3.0	0.4	3.0	0.4	4.0	0.4	5.0	0.8	15.0	0.4	5	100.0
10/29/2006 04:45	1.0	0.1	2.0	0.2	2.0	0.3	3.0	0.5	3.0	0.4	11.0	0.3	5	100.0
10/29/2006 04:50	1.0	0.1	3.0	0.5	6.0	0.8	7.0	1.1	4.0	0.6	21.0	0.6	5	100.0
10/29/2006 04:55	0.0	0.0	3.0	0.3	3.0	0.4	5.0	0.6	6.0	0.7	17.0	0.4	5	100.0
10/29/2006 05:00	1.0	0.1	4.0	0.4	4.0	0.4	3.0	0.7	4.0	0.7	16.0	0.4	5	100.0
10/29/2006 05:05	1.0	0.1	1.0	0.1	2.0	0.2	3.0	0.3	3.0	0.5	10.0	0.2	5	100.0
10/29/2006 05:10	0.0	0.0	2.0	0.2	4.0	0.4	7.0	0.9	6.0	1.1	19.0	0.5	5	100.0
10/29/2006 05:15	0.0	0.0	5.0	0.5	5.0	0.5	8.0	0.9	5.0	0.7	23.0	0.5	5	100.0
10/29/2006 05:20	0.0	0.0	2.0	0.3	5.0	0.7	6.0	0.9	3.0	0.6	16.0	0.5	5	100.0
10/29/2006 05:25	1.0	0.1	6.0	0.7	4.0	0.5	7.0	0.8	7.0	1.2	25.0	0.7	5	100.0
10/29/2006 05:30	0.0	0.0	1.0	0.1	4.0	0.5	7.0	1.0	4.0	0.5	16.0	0.4	5	100.0
10/29/2006 05:35	0.0	0.0	6.0	0.6	4.0	0.7	6.0	0.7	4.0	0.7	20.0	0.5	5	100.0
10/29/2006 05:40	1.0	0.1	6.0	0.6	7.0	0.9	9.0	1.3	8.0	1.2	31.0	0.8	5	100.0
10/29/2006 05:45	1.0	0.1	5.0	0.5	4.0	0.5	6.0	0.6	5.0	0.9	21.0	0.5	5	100.0
10/29/2006 05:50	2.0	0.2	5.0	0.5	3.0	0.5	6.0	1.0	5.0	0.9	21.0	0.6	5	100.0
10/29/2006 05:55	1.0	0.1	6.0	0.8	6.0	1.1	10.0	1.3	8.0	1.3	31.0	0.9	5	100.0
10/29/2006 06:00	1.0	0.1	4.0	0.4	6.0	0.7	7.0	1.2	6.0	0.9	24.0	0.7	5	100.0
10/29/2006 06:05	1.0	0.1	7.0	0.8	10.0	1.1	9.0	1.6	5.0	0.7	32.0	0.9	5	100.0
10/29/2006 06:10	1.0	0.1	2.0	0.2	5.0	0.7	5.0	0.5	1.0	0.2	14.0	0.4	5	100.0
10/29/2006 06:15	1.0	0.1	2.0	0.2	4.0	0.5	3.0	0.3	2.0	0.4	12.0	0.3	5	100.0
10/29/2006 06:20	1.0	0.1	11.0	1.3	11.0	1.6	9.0	1.1	8.0	1.0	40.0	1.0	5	100.0
10/29/2006 06:25	4.0	0.4	7.0	0.8	12.0	1.5	8.0	1.1	6.0	0.8	37.0	0.9	5	100.0
10/29/2006 06:30	5.0	0.5	7.0	0.7	9.0	0.9	11.0	1.5	10.0	1.4	42.0	1.0	5	100.0
10/29/2006 06:35	4.0	0.4	11.0	1.6	13.0	1.6	12.0	1.7	6.0	0.9	46.0	1.2	5	100.0
10/29/2006 06:40	4.0	0.4	10.0	1.1	12.0	1.6	13.0	1.8	8.0	1.1	47.0	1.2	5	100.0
10/29/2006 06:45	0.0	0.0	11.0	1.5	13.0	1.8	13.0	1.7	10.0	1.3	47.0	1.3	5	100.0
10/29/2006 06:50	5.0	0.5	9.0	1.2	17.0	2.0	16.0	2.2	15.0	1.9	62.0	1.6	5	100.0
10/29/2006 06:55	6.0	0.8	14.0	1.7	14.0	1.9	12.0	1.6	14.0	2.0	60.0	1.6	5	100.0
10/29/2006 07:00	4.0	0.4	15.0	1.7	17.0	2.1	14.0	2.1	13.0	1.6	63.0	1.6	5	100.0
10/29/2006 07:05	4.0	0.4	14.0	1.8	15.0	1.7	13.0	1.7	10.0	1.4	56.0	1.4	5	100.0
10/29/2006 07:10	7.0	0.8	19.0	2.2	18.0	2.1	15.0	2.2	9.0	1.4	68.0	1.8	5	100.0
10/29/2006 07:15	9.0	1.1	16.0	1.9	18.0	2.2	16.0	2.0	10.0	1.5	69.0	1.7	5	100.0
10/29/2006 07:20	9.0	0.9	19.0	2.3	17.0	2.1	17.0	2.6	14.0	2.1	76.0	2.0	5	100.0
10/29/2006 07:25	7.0	0.7	19.0	2.3	23.0	3.0	19.0	2.8	14.0	2.1	82.0	2.2	5	100.0
10/29/2006 07:30	8.0	0.8	17.0	2.1	19.0	2.1	14.0	1.8	16.0	2.2	74.0	1.8	5	100.0
10/29/2006 07:35	4.0	0.4	20.0	2.6	21.0	2.8	16.0	2.5	16.0	2.1	77.0	2.1	5	100.0
10/29/2006 07:40	8.0	1.1	19.0	2.3	18.0	2.2	19.0	2.3	15.0	2.6	79.0	2.1	5	100.0
10/29/2006 07:45	10.0	1.0	21.0	2.9	18.0	2.5	19.0	2.8	19.0	3.3	87.0	2.5	5	100.0
10/29/2006 07:50	9.0	0.9	16.0	2.1	19.0	2.7	16.0	2.4	17.0	2.6	77.0	2.2	5	100.0
10/29/2006 07:55	9.0	1.1	19.0	2.5	23.0	3.1	21.0	3.3	21.0	2.9	93.0	2.6	5	100.0
10/29/2006 08:00	15.0	1.5	21.0	2.7	24.0	2.9	22.0	3.2	23.0	3.1	105.0	2.7	5	100.0
10/29/2006 08:05	8.0	1.0	21.0	2.7	18.0	2.7	19.0	2.5	19.0	2.9	85.0	2.4	5	100.0
10/29/2006 08:10	9.0	1.1	21.0	2.6	19.0	2.9	24.0	3.5	22.0	3.3	95.0	2.7	5	100.0
10/29/2006 08:15	12.0	1.6	25.0	3.3	24.0	3.4	29.0	4.4	23.0	3.6	113.0	3.3	5	100.0
10/29/2006 08:20	12.0	1.6	26.0	3.3	27.0	3.6	24.0	3.5	24.0	3.5	113.0	3.1	5	100.0
10/29/2006 08:25	16.0	2.2	25.0	3.2	29.0	3.7	26.0	3.9	26.0	3.8	122.0	3.4	5	100.0
10/29/2006 08:30	13.0	1.4	19.0	2.5	28.0	3.7	29.0	4.0	27.0	4.4	116.0	3.2	5	100.0
10/29/2006 08:35	13.0	1.6	27.0	3.3	27.0	3.6	25.0	3.8	27.0	3.8	119.0	3.2	5	100.0
10/29/2006 08:40	11.0	1.2	23.0	3.0	23.0	3.4	25.0	3.9	27.0	4.6	109.0	3.2	5	100.0
10/29/2006 08:45	19.0	2.2	29.0	3.7	20.0	2.9	22.0	3.0	26.0	3.8	116.0	3.1	5	100.0
10/29/2006 08:50	21.0	2.5	31.0	3.8	31.0	4.3	29.0	4.3	32.0	4.4	144.0	3.9	5	100.0
10/29/2006 08:55	16.0	1.7	28.0	3.5	25.0	3.4	30.0	4.3	24.0	3.4	123.0	3.3	5	100.0
10/29/2006 09:00	15.0	1.7	27.0	3.3	33.0	4.7	30.0	4.2	27.0	4.3	132.0	3.6	5	100.0
10/29/2006 09:05	21.0	2.6	31.0	3.9	27.0	3.9	32.0	4.7	29.0	4.1	140.0	3.9	5	100.0
10/29/2006 09:10	21.0	2.5	33.0	4.3	34.0	5.1	35.0	5.2	31.0	4.9	154.0	4.4	5	100.0
10/29/2006 09:15	19.0	2.5	33.0	4.0	34.0	4.4	29.0	4.1	31.0	4.3	146.0	3.9	5	100.0
10/29/2006 09:20	24.0	3.1	41.0	5.3	36.0	5.3	34.0	5.3	40.0	5.8	175.0	5.0	5	100.0
10/29/2006 09:25	25.0	3.1	37.0	4.9	35.0	4.8	37.0	5.5	29.0	4.9	163.0	4.6	5	100.0
10/29/2006 09:30	21.0	2.5	36.0	4.6	36.0	4.9	36.0	5.1	31.0	5.0	160.0	4.4	5	100.0
10/29/2006 09:35	23.0	2.7	33.0	4.4	37.0	5.2	33.0	4.9	37.0	5.3	163.0	4.5	5	100.0
10/29/2006 09:40	23.0	2.7	31.0	4.1	33.0	4.7	39.0	5.5	36.0	5.5	162.0	4.5	5	100.0
10/29/2006 09:45	33.0	4.2	37.0	4.9	39.0	5.4	37.0	5.7	37.0	5.6	183.0	5.2	5	100.0
10/29/2006 09:50	25.0	3.2	40.0	5.1	40.0	5.5	40.0	6.2	33.0	5.1	178.0	5.0	5	100.0
10/29/2006 09:55	27.0	3.5	41.0	5.3	35.0	5.0	41.0	6.5	41.0	6.1	185.0	5.3	5	100.0
10/29/2006 10:00	26.0	3.2	43.0	5.5	37.0	5.5	39.0	5.9	40.0	6.0	185.0	5.2	5	100.0
10/29/2006 10:05	24.0	3.1	35.0	4.5	33.0	4.9	39.0	5.7	38.0	5.6	169.0	4.8	5	100.0
10/29/2006 10:10	28.0	3.5	37.0	5.1	38.0	5.5	39.0	6.1	37.0	5.5	179.0	5.2	5	100.0
10/29/2006 10:15	27.0	3.3	41.0	5.5	41.0	5.6	43.0	6.3	37.0	5.3	189.0	5.2	5	100.0
10/29/2006 10:20	25.0	3.0	37.0	4.9	41.0	6.1	45.0	7.0	37.0	5.7	185.0	5.4	5	100.0
10/29/2006 10:25	37.0	4.7	42.0	5.5	44.0	6.1	47.0	7.1	46.0	7.5	216.0	6.2	5	100.0
10/29/2006 10:30	32.0	4.1	43.0	6.0	47.0	6.7	47.0	7.1	45.0	7.1	214.0	6.2	5	100.0
10/29/2006 10:35	31.0	4.0	40.0	5.5	44.0	6.3	47.0	6.8	41.0	6.6	203.0	5.8	5	100.0
10/29/2006 10:40	40.0	5.4	46.0	6.4	44.0	6.8	45.0	6.9	43.0	7.4	218.0	6.6	5	100.0
10/29/2006 10:45	37.0	4.7	44.0	6.1	43.0	6.3	41.0	6.3	39.0	6.0	204.0	5.9	5	100.0
10/29/2006 10:50	38.0	5.0	43.0	5.7	49.0	7.0	44.0	7.3	51.0	8.4	225.0	6.7	5	100.0
10/29/2006 10:55	40.0	5.3	48.0	6.3	43.0	6.6	42.0	6.4	49.0	7.7	222.0	6.5	5	100.0
10/29/2006 11:00	34.0	4.3	40.0	5.3	46.0	6.4	41.0	6.4	44.0	7.1	205.0	5.9	5	100.0
10/29/2006 11:05	25.0	3.2	39.0	4.9	35.0	4.9	41.0	5.7	41.0	6.7	181.0	5.1	5	100.0
10/29/2006 11:10	27.0	3.4	40.0	5.2	39.0	5.2	43.0	6.5	42.0	6.7	191.0	5.4	5	100.0
10/29/2006 11:15	26.0	3.5	42.0	5.5	37.0	5.3	40.0	5.9	43.0	6.4	188.0	5.3	5	100.0
10/29/2006 11:20	41.0	5.1	39.0	5.2	42.0	5.9	46.0	6.4	47.0	6.9	215.0	5.9	5	100.0
10/29/2006 11:25	34.0	4.5	36.0	4.9	40.0	5.9	44.0	6.4	46.0	7.2	200.0	5.8	5	100.0
10/29/2006 11:30	43.0	5.5	45.0	6.1	44.0	6.1	45.0	7.2	51.0	8.5	228.0	6.7	5	100.0
10/29/2006 11:35	35.0	4.6	52.0	6.9	45.0	6.5	47.0	7.1	47.0	7.7	226.0	6.6	5	100.0
10/29/2006 11:40	34.0	4.3	43.0	5.4	41.0	6.0	40.0	5.6	42.0	6.7	200.0	5.6	5	100.0
10/29/2006 11:45	39.0	5.2	49.0	7.1	41.0	6.5	39.0	7.0	45.0	10.3	213.0	7.2	5	100.0
10/29/2006 11:50	37.0	4.7	42.0	5.7	47.0	7.0	43.0	6.5	52.0	8.9	221.0	6.6	5	100.0
10/29/2006 11:55	35.0	4.5	44.0	6.0	45.0	6.5	44.0	6.7	47.0	7.5	215.0	6.3	5	100.0
10/29/2006 12:00	41.0	5.3	48.0	6.5	39.0	6.4	42.0	6.6	49.0	8.1	219.0	6.6	5	100.0
10/29/2006 12:05	37.0	4.8	45.0	6.0	42.0	5.7	42.0	6.3	47.0	7.4	213.0	6.1	5	100.0
10/29/2006 12:10	29.0	3.9	40.0	5.3	41.0	6.1	43.0	6.1	43.0	7.1	196.0	5.7	5	100.0
10/29/2006 12:15	39.0	5.1	43.0	5.5	43.0	6.3	42.0	6.6	47.0	7.7	214.0	6.2	5	100.0
10/29/2006 12:20	32.0	4.3	44.0	5.8	42.0	5.8	43.0	6.2	45.0	7.1	206.0	5.8	5	100.0
10/29/2006 12:25	39.0	5.3	43.0	5.9	43.0	6.5	43.0	6.8	43.0	7.9	211.0	6.5	5	100.0
10/29/2006 12:30	38.0	5.0	45.0	6.2	46.0	6.6	45.0	7.3	45.0	7.5	219.0	6.5	5	100.0
10/29/2006 12:35	36.0	4.8	41.0	5.7	45.0	6.7	43.0	7.1	47.0	7.7	212.0	6.4	5	100.0
10/29/2006 12:40	35.0	4.7	45.0	6.1	45.0	6.7	45.0	6.9	54.0	9.1	224.0	6.7	5	100.0
10/29/2006 12:45	34.0	4.5	45.0	6.3	43.0	6.3	44.0	7.5	47.0	8.2	213.0	6.6	5	100.0
10/29/2006 12:50	45.0	6.5	47.0	6.8	47.0	7.3	51.0	8.6	49.0	8.1	239.0	7.5	5	100.0
10/29/2006 12:55	39.0	5.5	46.0	6.6	46.0	7.2	42.0	6.5	49.0	8.1	222.0	6.8	5	100.0
10/29/2006 13:00	43.0	5.7	43.0	6.0	47.0	7.1	46.0	7.3	47.0	7.9	226.0	6.8	5	100.0
10/29/2006 13:05	39.0	5.3	41.0	5.6	46.0	6.7	46.0	6.9	50.0	8.3	222.0	6.6	5	100.0
10/29/2006 13:10	35.0	4.8	49.0	6.5	47.0	6.7	44.0	7.1	46.0	8.0	221.0	6.6	5	100.0
10/29/2006 13:15	41.0	5.4	47.0	6.7	42.0	6.2	47.0	7.5	49.0	8.1	226.0	6.8	5	100.0
10/29/2006 13:20	54.0	7.9	55.0	8.3	51.0	7.9	44.0	8.0	47.0	8.4	251.0	8.1	5	100.0
10/29/2006 13:25	47.0	6.2	49.0	6.8	45.0	6.9	50.0	8.0	45.0	7.7	236.0	7.1	5	100.0
10/29/2006 13:30	53.0	7.5	50.0	6.9	46.0	7.3	49.0	7.6	55.0	9.3	253.0	7.7	5	100.0
10/29/2006 13:35	43.0	5.7	44.0	6.3	44.0	6.4	41.0	6.6	46.0	7.7	218.0	6.5	5	100.0
10/29/2006 13:40	44.0	5.9	46.0	6.3	49.0	7.2	49.0	7.4	48.0	7.8	236.0	6.9	5	100.0
10/29/2006 13:45	46.0	6.4	55.0	7.6	49.0	7.6	48.0	7.6	53.0	9.2	251.0	7.7	5	100.0
10/29/2006 13:50	46.0	6.1	45.0	6.1	45.0	6.9	49.0	7.3	45.0	7.3	230.0	6.8	5	100.0
10/29/2006 13:55	48.0	6.4	45.0	6.3	47.0	7.0	41.0	6.7	51.0	7.9	232.0	6.8	5	100.0
10/29/2006 14:00	41.0	5.3	45.0	6.2	49.0	6.8	39.0	6.0	44.0	7.1	218.0	6.3	5	100.0
10/29/2006 14:05	49.0	6.7	54.0	7.6	46.0	7.4	47.0	7.3	43.0	7.3	239.0	7.3	5	100.0
10/29/2006 14:10	43.0	5.6	44.0	6.1	45.0	6.7	51.0	7.7	47.0	7.5	230.0	6.7	5	100.0
10/29/2006 14:15	53.0	7.3	54.0	7.6	54.0	8.4	49.0	7.7	53.0	9.0	263.0	8.0	5	100.0
10/29/2006 14:20	47.0	6.5	49.0	6.9	50.0	7.8	48.0	7.5	46.0	8.4	240.0	7.4	5	100.0
10/29/2006 14:25	44.0	6.0	50.0	7.3	47.0	7.2	49.0	8.0	48.0	8.2	238.0	7.3	5	100.0
10/29/2006 14:30	47.0	6.5	51.0	7.2	48.0	7.2	49.0	7.9	47.0	7.7	242.0	7.3	5	100.0
10/29/2006 14:35	50.0	7.7	50.0	7.7	46.0	7.9	49.0	8.7	48.0	9.2	243.0	8.2	5	100.0
10/29/2006 14:40	45.0	6.2	47.0	6.8	51.0	7.3	48.0	7.3	48.0	7.8	239.0	7.1	5	100.0
10/29/2006 14:45	43.0	5.9	51.0	7.1	51.0	7.3	49.0	7.7	43.0	6.9	237.0	7.0	5	100.0
10/29/2006 14:50	49.0	7.4	52.0	8.0	47.0	7.7	47.0	8.4	49.0	8.7	244.0	8.0	5	100.0
10/29/2006 14:55	46.0	6.2	51.0	7.2	47.0	7.7	49.0	8.3	47.0	8.0	240.0	7.5	5	100.0
10/29/2006 15:00	47.0	6.5	50.0	7.5	52.0	8.3	52.0	8.7	45.0	7.9	246.0	7.8	5	100.0
10/29/2006 15:05	49.0	7.0	46.0	6.7	45.0	6.9	45.0	6.9	47.0	8.0	232.0	7.1	5	100.0
10/29/2006 15:10	51.0	8.1	49.0	8.1	51.0	8.7	48.0	8.8	51.0	10.3	250.0	8.8	5	100.0
10/29/2006 15:15	43.0	6.0	46.0	6.7	45.0	6.5	45.0	6.9	42.0	7.1	221.0	6.6	5	100.0
10/29/2006 15:20	42.0	5.7	47.0	6.5	45.0	6.9	45.0	7.3	42.0	7.1	221.0	6.7	5	100.0
10/29/2006 15:25	45.0	6.0	45.0	6.3	47.0	7.1	47.0	7.7	45.0	7.6	229.0	7.0	5	100.0
10/29/2006 15:30	37.0	4.9	41.0	5.5	38.0	5.7	43.0	6.5	38.0	6.7	197.0	5.9	5	100.0
10/29/2006 15:35	45.0	6.5	41.0	5.9	40.0	6.0	48.0	7.6	42.0	6.9	216.0	6.6	5	100.0
10/29/2006 15:40	45.0	6.9	46.0	7.1	46.0	7.3	43.0	6.8	43.0	7.3	223.0	7.1	5	100.0
10/29/2006 15:45	47.0	7.6	47.0	7.7	43.0	7.7	47.0	8.4	42.0	7.7	226.0	7.8	5	100.0
10/29/2006 15:50	51.0	8.9	47.0	8.1	45.0	8.5	43.0	8.6	43.0	8.4	229.0	8.5	5	100.0
10/29/2006 15:55	51.0	7.9	49.0	8.1	49.0	8.3	42.0	7.6	49.0	8.8	240.0	8.2	5	100.0
10/29/2006 16:00	52.0	8.9	49.0	8.3	46.0	9.0	49.0	9.7	44.0	8.8	240.0	9.0	5	100.0
10/29/2006 16:05	52.0	12.2	49.0	11.9	47.0	11.8	41.0	12.6	51.0	12.8	240.0	12.3	5	100.0
10/29/2006 16:10	48.0	10.4	45.0	10.4	44.0	10.5	45.0	10.5	42.0	10.9	224.0	10.5	5	100.0
10/29/2006 16:15	48.0	11.0	47.0	10.5	45.0	10.1	41.0	9.7	45.0	10.9	226.0	10.4	5	100.0
10/29/2006 16:20	45.0	13.2	41.0	11.7	41.0	12.9	43.0	12.1	45.0	13.4	215.0	12.7	5	100.0
10/29/2006 16:25	45.0	15.2	42.0	13.9	40.0	13.9	41.0	13.1	42.0	13.1	210.0	13.9	5	100.0
10/29/2006 16:30	28.0	7.1	26.0	6.9	24.0	7.5	24.0	6.8	26.0	6.9	128.0	7.0	5	100.0
10/29/2006 16:35	47.0	11.1	43.0	10.1	43.0	9.9	45.0	10.9	45.0	11.3	223.0	10.6	5	100.0
10/29/2006 16:40	47.0	9.3	47.0	9.2	41.0	8.3	42.0	8.9	40.0	8.5	217.0	8.9	5	100.0
10/29/2006 16:45	49.0	9.8	43.0	8.7	45.0	9.7	43.0	9.4	46.0	10.4	226.0	9.6	5	100.0
10/29/2006 16:50	49.0	10.1	41.0	9.1	43.0	9.7	43.0	9.8	42.0	9.7	218.0	9.7	5	100.0
10/29/2006 16:55	49.0	12.2	45.0	12.0	42.0	11.5	41.0	11.1	45.0	11.7	222.0	11.7	5	100.0
10/29/2006 17:00	50.0	12.2	45.0	12.0	42.0	11.9	44.0	11.3	43.0	11.3	224.0	11.8	5	100.0
10/29/2006 17:05	51.0	11.5	47.0	10.5	43.0	10.5	44.0	9.9	43.0	9.7	228.0	10.4	5	100.0
10/29/2006 17:10	53.0	11.5	45.0	9.9	46.0	11.3	48.0	11.2	45.0	11.0	237.0	11.0	5	100.0
10/29/2006 17:15	51.0	11.9	47.0	10.9	47.0	11.7	44.0	11.1	45.0	11.0	234.0	11.3	5	100.0
10/29/2006 17:20	51.0	11.1	49.0	11.1	48.0	11.6	43.0	10.4	38.0	9.1	229.0	10.7	5	100.0
10/29/2006 17:25	48.0	10.6	46.0	10.7	43.0	10.1	47.0	10.9	40.0	9.3	224.0	10.3	5	100.0
10/29/2006 17:30	49.0	10.4	49.0	11.1	45.0	10.2	48.0	11.2	43.0	11.1	234.0	10.8	5	100.0
10/29/2006 17:35	54.0	11.0	49.0	10.5	48.0	11.2	45.0	10.5	47.0	11.0	243.0	10.8	5	100.0
10/29/2006 17:40	51.0	9.6	50.0	10.2	49.0	11.5	49.0	11.3	41.0	10.8	240.0	10.7	5	100.0
10/29/2006 17:45	51.0	12.1	45.0	11.4	45.0	12.1	43.0	11.6	47.0	12.1	231.0	11.9	5	100.0
10/29/2006 17:50	49.0	13.1	47.0	12.9	45.0	12.5	47.0	13.1	45.0	13.5	233.0	13.0	5	100.0
10/29/2006 17:55	57.0	10.1	49.0	8.9	46.0	9.3	51.0	10.9	42.0	9.4	245.0	9.7	5	100.0
10/29/2006 18:00	54.0	13.2	51.0	12.5	46.0	12.2	49.0	12.7	42.0	11.3	242.0	12.4	5	100.0
10/29/2006 18:05	49.0	12.9	49.0	14.0	44.0	14.0	44.0	14.2	41.0	12.1	227.0	13.4	5	100.0
10/29/2006 18:10	51.0	13.3	47.0	12.3	43.0	12.8	41.0	12.5	45.0	13.2	227.0	12.8	5	100.0
10/29/2006 18:15	49.0	12.6	45.0	12.3	43.0	13.1	41.0	13.9	41.0	13.9	219.0	13.2	5	100.0
10/29/2006 18:20	53.0	12.5	47.0	11.1	46.0	11.7	45.0	11.7	47.0	12.6	238.0	11.9	5	100.0
10/29/2006 18:25	53.0	13.2	47.0	12.1	46.0	12.6	44.0	11.8	43.0	11.4	233.0	12.2	5	100.0
10/29/2006 18:30	48.0	10.4	44.0	9.9	39.0	9.4	41.0	9.9	43.0	10.9	215.0	10.1	5	100.0
10/29/2006 18:35	55.0	11.2	51.0	10.4	50.0	10.5	48.0	11.1	47.0	10.7	251.0	10.8	5	100.0
10/29/2006 18:40	50.0	10.2	47.0	10.2	45.0	10.7	44.0	10.1	41.0	9.9	227.0	10.2	5	100.0
10/29/2006 18:45	29.0	5.6	29.0	5.9	29.0	5.9	25.0	5.4	28.0	6.7	140.0	5.9	5	100.0
10/29/2006 18:50	49.0	10.1	44.0	9.3	44.0	10.4	40.0	10.3	43.0	10.9	220.0	10.2	5	100.0
10/29/2006 18:55	51.0	10.2	49.0	10.7	47.0	11.5	49.0	12.0	45.0	11.1	241.0	11.1	5	100.0
10/29/2006 19:00	33.0	4.5	37.0	5.1	37.0	5.6	39.0	6.2	37.0	6.7	183.0	5.6	5	100.0
10/29/2006 19:05	36.0	4.9	41.0	5.5	41.0	6.1	35.0	5.5	37.0	6.1	190.0	5.6	5	100.0
10/29/2006 19:10	32.0	4.2	40.0	5.5	33.0	4.8	34.0	5.3	31.0	5.0	170.0	5.0	5	100.0
10/29/2006 19:15	34.0	4.3	38.0	5.3	34.0	4.9	34.0	5.3	34.0	5.5	174.0	5.0	5	100.0
10/29/2006 19:20	37.0	4.9	40.0	5.5	35.0	5.5	40.0	6.1	37.0	5.9	189.0	5.6	5	100.0
10/29/2006 19:25	31.0	4.2	39.0	5.4	39.0	5.5	38.0	6.3	30.0	6.2	177.0	5.5	5	100.0
10/29/2006 19:30	27.0	3.5	37.0	5.1	38.0	5.4	35.0	5.7	32.0	5.0	169.0	4.9	5	100.0
10/29/2006 19:35	33.0	4.3	33.0	4.5	35.0	4.9	35.0	5.3	35.0	5.4	171.0	4.9	5	100.0
10/29/2006 19:40	24.0	3.2	37.0	4.9	36.0	4.9	39.0	6.3	35.0	5.7	171.0	5.0	5	100.0
10/29/2006 19:45	29.0	3.8	39.0	5.1	33.0	5.1	41.0	6.3	38.0	6.3	180.0	5.3	5	100.0
10/29/2006 19:50	30.0	4.0	39.0	5.2	37.0	5.3	37.0	6.3	31.0	5.1	174.0	5.2	5	100.0
10/29/2006 19:55	30.0	3.9	38.0	5.2	37.0	5.7	37.0	5.6	31.0	4.7	173.0	5.0	5	100.0
10/29/2006 20:00	21.0	2.4	25.0	3.2	33.0	4.3	30.0	4.2	28.0	4.2	137.0	3.7	5	100.0
10/29/2006 20:05	32.0	4.3	33.0	4.4	37.0	5.1	35.0	5.2	32.0	5.3	169.0	4.9	5	100.0
10/29/2006 20:10	24.0	3.4	38.0	5.2	37.0	5.1	36.0	5.9	32.0	4.9	167.0	4.9	5	100.0
10/29/2006 20:15	30.0	3.9	36.0	4.8	29.0	4.1	38.0	5.6	31.0	4.9	164.0	4.7	5	100.0
10/29/2006 20:20	30.0	4.0	35.0	4.9	33.0	5.6	31.0	5.5	30.0	5.7	159.0	5.1	5	100.0
10/29/2006 20:25	26.0	3.4	35.0	4.6	30.0	4.4	31.0	4.5	33.0	5.1	155.0	4.4	5	100.0
10/29/2006 20:30	26.0	3.5	31.0	4.2	32.0	4.5	33.0	4.9	28.0	4.5	150.0	4.3	5	100.0
10/29/2006 20:35	27.0	3.5	35.0	4.7	33.0	4.8	33.0	5.5	34.0	5.4	162.0	4.8	5	100.0
10/29/2006 20:40	27.0	3.4	33.0	4.7	34.0	4.9	31.0	4.9	31.0	4.6	156.0	4.5	5	100.0
10/29/2006 20:45	21.0	2.7	29.0	3.7	32.0	4.4	30.0	4.5	29.0	4.5	141.0	4.0	5	100.0
10/29/2006 20:50	21.0	2.9	29.0	4.0	30.0	4.5	32.0	5.3	30.0	4.8	142.0	4.3	5	100.0
10/29/2006 20:55	21.0	2.5	26.0	3.5	27.0	3.9	29.0	4.3	27.0	3.9	130.0	3.6	5	100.0
10/29/2006 21:00	18.0	2.3	28.0	3.7	27.0	4.1	27.0	4.1	26.0	4.2	126.0	3.7	5	100.0
10/29/2006 21:05	18.0	2.1	28.0	3.5	30.0	4.5	27.0	4.3	22.0	3.7	125.0	3.6	5	100.0
10/29/2006 21:10	20.0	2.6	25.0	3.3	28.0	3.7	29.0	4.5	21.0	3.4	123.0	3.5	5	100.0
10/29/2006 21:15	17.0	2.2	28.0	3.5	27.0	3.7	32.0	4.7	27.0	4.1	131.0	3.6	5	100.0
10/29/2006 21:20	23.0	2.8	32.0	4.3	24.0	3.7	30.0	4.5	27.0	4.3	136.0	3.9	5	100.0
10/29/2006 21:25	21.0	2.5	31.0	4.4	30.0	4.3	29.0	4.9	25.0	4.3	136.0	4.1	5	100.0
10/29/2006 21:30	20.0	2.4	30.0	4.0	28.0	4.0	29.0	4.3	27.0	3.9	134.0	3.7	5	100.0
10/29/2006 21:35	17.0	2.1	29.0	3.7	34.0	5.0	28.0	4.0	23.0	3.7	131.0	3.7	5	100.0
10/29/2006 21:40	20.0	2.4	29.0	3.8	33.0	4.6	29.0	4.5	25.0	4.0	136.0	3.9	5	100.0
10/29/2006 21:45	21.0	2.7	34.0	4.3	35.0	4.7	27.0	3.7	22.0	3.4	139.0	3.8	5	100.0
10/29/2006 21:50	18.0	2.3	26.0	3.5	25.0	3.4	20.0	3.2	23.0	3.5	112.0	3.2	5	100.0
10/29/2006 21:55	17.0	1.9	23.0	2.9	23.0	3.3	24.0	3.7	25.0	3.8	112.0	3.1	5	100.0
10/29/2006 22:00	17.0	2.1	27.0	3.5	21.0	3.3	23.0	3.7	19.0	2.6	107.0	3.0	5	100.0
10/29/2006 22:05	14.0	1.8	25.0	3.1	24.0	3.3	25.0	3.6	22.0	3.8	110.0	3.1	5	100.0
10/29/2006 22:10	14.0	1.7	23.0	3.0	25.0	3.3	23.0	3.7	25.0	3.7	110.0	3.1	5	100.0
10/29/2006 22:15	15.0	2.0	25.0	3.1	22.0	2.9	21.0	3.7	17.0	2.5	100.0	2.8	5	100.0
10/29/2006 22:20	18.0	2.1	23.0	2.7	23.0	3.3	25.0	4.2	21.0	3.8	110.0	3.2	5	100.0
10/29/2006 22:25	14.0	1.6	24.0	2.9	19.0	2.6	22.0	3.1	21.0	3.1	100.0	2.7	5	100.0
10/29/2006 22:30	13.0	1.6	23.0	2.9	21.0	2.9	19.0	2.8	18.0	2.9	94.0	2.6	5	100.0
10/29/2006 22:35	13.0	1.4	22.0	2.6	21.0	2.9	17.0	2.9	17.0	2.5	90.0	2.5	5	100.0
10/29/2006 22:40	15.0	1.7	23.0	2.8	24.0	3.1	23.0	3.5	19.0	3.2	104.0	2.8	5	100.0
10/29/2006 22:45	13.0	1.7	23.0	2.9	18.0	2.3	23.0	3.1	25.0	3.9	102.0	2.8	5	100.0
10/29/2006 22:50	12.0	1.5	21.0	2.4	19.0	2.6	17.0	2.6	17.0	2.7	86.0	2.4	5	100.0
10/29/2006 22:55	9.0	0.9	21.0	2.5	19.0	2.3	17.0	2.3	15.0	2.3	81.0	2.1	5	100.0
10/29/2006 23:00	13.0	1.6	20.0	2.5	19.0	2.5	22.0	3.4	13.0	1.7	87.0	2.4	5	100.0
10/29/2006 23:05	8.0	0.9	20.0	2.5	16.0	2.3	21.0	2.8	10.0	1.9	75.0	2.1	5	100.0
10/29/2006 23:10	9.0	1.0	20.0	2.5	19.0	2.8	21.0	3.5	19.0	2.7	88.0	2.5	5	100.0
10/29/2006 23:15	11.0	1.1	18.0	2.1	19.0	2.7	17.0	2.7	13.0	1.9	78.0	2.1	5	100.0
10/29/2006 23:20	11.0	1.5	20.0	2.5	20.0	2.6	19.0	2.8	15.0	2.1	85.0	2.3	5	100.0
10/29/2006 23:25	11.0	1.3	14.0	1.7	15.0	2.3	17.0	3.1	12.0	2.0	69.0	2.1	5	100.0
10/29/2006 23:30	4.0	0.4	11.0	1.4	15.0	2.0	12.0	2.6	13.0	1.9	55.0	1.7	5	100.0
10/29/2006 23:35	6.0	0.7	14.0	1.6	12.0	1.9	15.0	2.2	13.0	1.9	60.0	1.7	5	100.0
10/29/2006 23:40	4.0	0.5	14.0	1.6	13.0	1.9	14.0	2.1	13.0	1.8	58.0	1.6	5	100.0
10/29/2006 23:45	4.0	0.5	13.0	1.4	13.0	1.8	13.0	1.7	11.0	1.9	54.0	1.5	5	100.0
10/29/2006 23:50	5.0	0.5	18.0	2.1	17.0	2.3	14.0	2.6	15.0	2.8	69.0	2.1	5	100.0
10/29/2006 23:55	3.0	0.4	13.0	1.4	13.0	1.6	12.0	2.0	15.0	2.3	56.0	1.6	5	100.0
10/30/2006 00:00	7.0	0.7	13.0	1.7	14.0	1.5	14.0	1.8	10.0	1.4	58.0	1.4	5	100.0
10/30/2006 00:05	7.0	0.7	19.0	2.3	15.0	2.4	15.0	2.0	11.0	2.4	67.0	2.0	5	100.0
10/30/2006 00:10	6.0	0.7	14.0	1.7	16.0	2.2	12.0	1.9	10.0	1.9	58.0	1.7	5	100.0
10/30/2006 00:15	7.0	0.7	16.0	1.8	15.0	2.0	13.0	1.9	9.0	1.6	60.0	1.6	5	100.0
10/30/2006 00:20	5.0	0.6	13.0	1.6	14.0	2.0	11.0	1.8	7.0	1.2	50.0	1.4	5	100.0
10/30/2006 00:25	5.0	0.5	9.0	1.1	13.0	1.5	13.0	1.9	7.0	1.1	47.0	1.2	5	100.0
10/30/2006 00:30	5.0	0.6	13.0	1.6	9.0	1.5	12.0	2.1	10.0	1.4	49.0	1.5	5	100.0
10/30/2006 00:35	4.0	0.4	11.0	1.2	11.0	1.3	8.0	1.0	8.0	1.4	42.0	1.1	5	100.0
10/30/2006 00:40	1.0	0.1	6.0	0.7	5.0	0.7	4.0	0.7	3.0	0.3	19.0	0.5	5	100.0
10/30/2006 00:45	1.0	0.1	9.0	1.1	9.0	1.1	11.0	1.5	7.0	1.1	37.0	1.0	5	100.0
10/30/2006 00:50	2.0	0.2	7.0	0.9	8.0	0.9	11.0	1.5	8.0	1.1	36.0	0.9	5	100.0
10/30/2006 00:55	2.0	0.2	6.0	0.7	7.0	0.9	7.0	1.3	8.0	1.1	30.0	0.8	5	100.0
10/30/2006 01:00	2.0	0.2	5.0	0.5	6.0	0.9	8.0	1.3	7.0	1.2	28.0	0.8	5	100.0
10/30/2006 01:05	0.0	0.0	3.0	0.4	7.0	0.7	7.0	1.2	6.0	1.2	23.0	0.7	5	100.0
10/30/2006 01:10	1.0	0.1	4.0	0.5	4.0	0.7	8.0	1.6	5.0	0.9	22.0	0.8	5	100.0
10/30/2006 01:15	1.0	0.1	4.0	0.4	6.0	0.9	6.0	1.1	5.0	1.3	22.0	0.8	5	100.0
10/30/2006 01:20	0.0	0.0	5.0	0.5	6.0	0.7	5.0	0.8	3.0	0.4	19.0	0.5	5	100.0
10/30/2006 01:25	1.0	0.1	3.0	0.3	5.0	0.7	7.0	1.3	5.0	0.5	21.0	0.6	5	100.0
10/30/2006 01:30	1.0	0.1	4.0	0.5	5.0	0.7	7.0	1.3	2.0	0.3	19.0	0.6	5	100.0
10/30/2006 01:35	0.0	0.0	4.0	0.5	7.0	1.1	5.0	0.6	4.0	0.7	20.0	0.6	5	100.0
10/30/2006 01:40	0.0	0.0	4.0	0.5	4.0	0.5	6.0	1.0	4.0	0.8	18.0	0.5	5	100.0
10/30/2006 01:45	0.0	0.0	1.0	0.2	5.0	0.6	4.0	0.6	3.0	0.3	13.0	0.3	5	100.0
10/30/2006 01:50	0.0	0.0	5.0	0.5	4.0	0.7	4.0	0.9	5.0	0.9	18.0	0.6	5	100.0
10/30/2006 01:55	1.0	0.1	3.0	0.3	5.0	0.6	6.0	1.1	3.0	0.5	18.0	0.5	5	100.0
10/30/2006 02:00	1.0	0.3	3.0	0.3	3.0	0.4	4.0	0.4	3.0	0.4	14.0	0.4	5	100.0
10/30/2006 02:05	0.0	0.0	3.0	0.3	3.0	0.5	3.0	0.5	3.0	0.5	12.0	0.4	5	100.0
10/30/2006 02:10	1.0	0.1	5.0	0.6	5.0	0.5	6.0	0.9	2.0	0.2	19.0	0.4	5	100.0
10/30/2006 02:15	0.0	0.0	4.0	0.4	2.0	0.2	5.0	1.0	3.0	0.6	14.0	0.4	5	100.0
10/30/2006 02:20	0.0	0.0	3.0	0.3	3.0	0.5	3.0	0.4	5.0	0.8	14.0	0.4	5	100.0
10/30/2006 02:25	1.0	0.1	4.0	0.4	1.0	0.1	7.0	1.1	3.0	0.5	16.0	0.4	5	100.0
10/30/2006 02:30	0.0	0.0	2.0	0.2	4.0	0.8	6.0	1.4	2.0	0.5	14.0	0.6	5	100.0
10/30/2006 02:35	0.0	0.0	1.0	0.1	3.0	0.3	3.0	0.6	3.0	0.6	10.0	0.3	5	100.0
10/30/2006 02:40	0.0	0.0	2.0	0.2	3.0	0.5	3.0	0.5	1.0	0.4	9.0	0.3	5	100.0
10/30/2006 02:45	0.0	0.0	3.0	0.3	3.0	0.5	3.0	0.7	2.0	0.4	11.0	0.4	5	100.0
10/30/2006 02:50	0.0	0.0	3.0	0.3	3.0	0.5	4.0	0.7	2.0	0.3	12.0	0.4	5	100.0
10/30/2006 02:55	0.0	0.0	1.0	0.1	1.0	0.2	2.0	0.3	3.0	0.4	7.0	0.2	5	100.0
10/30/2006 03:00	0.0	0.0	1.0	0.1	2.0	0.3	3.0	1.0	3.0	0.4	9.0	0.4	5	100.0
10/30/2006 03:05	0.0	0.0	1.0	0.1	2.0	0.3	3.0	0.8	3.0	1.1	9.0	0.4	5	100.0
10/30/2006 03:10	0.0	0.0	1.0	0.2	1.0	0.3	4.0	0.7	2.0	0.3	8.0	0.3	5	100.0
10/30/2006 03:15	0.0	0.0	1.0	0.1	1.0	0.1	2.0	0.4	2.0	0.5	6.0	0.2	5	100.0
10/30/2006 03:20	0.0	0.0	1.0	0.1	0.0	0.0	1.0	0.1	2.0	0.6	4.0	0.1	5	100.0
10/30/2006 03:25	1.0	0.1	1.0	0.1	3.0	0.5	5.0	1.1	4.0	0.5	14.0	0.5	5	100.0
10/30/2006 03:30	0.0	0.0	1.0	0.1	3.0	0.3	2.0	0.5	2.0	0.2	8.0	0.2	5	100.0
10/30/2006 03:35	0.0	0.0	3.0	0.3	3.0	0.5	4.0	1.0	3.0	0.7	13.0	0.5	5	100.0
10/30/2006 03:40	0.0	0.0	2.0	0.2	2.0	0.8	7.0	1.8	4.0	0.9	15.0	0.7	5	100.0
10/30/2006 03:45	0.0	0.0	1.0	0.1	2.0	0.5	4.0	1.1	3.0	0.5	10.0	0.4	5	100.0
10/30/2006 03:50	0.0	0.0	2.0	0.3	2.0	0.6	5.0	1.4	2.0	0.5	11.0	0.6	5	100.0
10/30/2006 03:55	0.0	0.0	1.0	0.1	2.0	0.2	4.0	0.7	3.0	0.8	10.0	0.4	5	100.0
10/30/2006 04:00	0.0	0.0	3.0	0.3	5.0	1.1	6.0	1.2	4.0	0.9	18.0	0.7	5	100.0
10/30/2006 04:05	0.0	0.0	3.0	0.3	3.0	0.5	5.0	1.5	7.0	1.6	18.0	0.8	5	100.0
10/30/2006 04:10	0.0	0.0	3.0	0.3	4.0	0.9	5.0	1.0	5.0	1.7	17.0	0.8	5	100.0
10/30/2006 04:15	0.0	0.0	1.0	0.1	7.0	1.1	5.0	1.1	5.0	0.9	18.0	0.6	5	100.0
10/30/2006 04:20	0.0	0.0	7.0	0.8	6.0	1.7	9.0	2.4	8.0	2.1	30.0	1.4	5	100.0
10/30/2006 04:25	1.0	0.1	5.0	0.5	7.0	1.4	6.0	1.6	8.0	1.8	27.0	1.1	5	100.0
10/30/2006 04:30	1.0	0.1	4.0	0.4	6.0	1.7	6.0	2.1	9.0	2.0	26.0	1.3	5	100.0
10/30/2006 04:35	1.0	0.1	5.0	0.7	6.0	1.1	6.0	1.1	6.0	1.2	24.0	0.9	5	100.0
10/30/2006 04:40	1.0	0.1	7.0	0.7	6.0	0.8	9.0	2.3	8.0	1.8	31.0	1.2	5	100.0
10/30/2006 04:45	2.0	0.2	7.0	0.9	7.0	1.3	9.0	2.1	9.0	1.8	34.0	1.3	5	100.0
10/30/2006 04:50	1.0	0.1	3.0	0.3	10.0	2.3	8.0	1.3	7.0	1.7	29.0	1.1	5	100.0
10/30/2006 04:55	0.0	0.0	7.0	0.7	6.0	0.7	11.0	2.7	9.0	1.5	33.0	1.1	5	100.0
10/30/2006 05:00	0.0	0.0	7.0	0.8	10.0	1.5	12.0	2.6	9.0	2.5	38.0	1.5	5	100.0
10/30/2006 05:05	1.0	0.1	10.0	1.1	13.0	2.0	11.0	3.3	12.0	1.9	47.0	1.7	5	100.0
10/30/2006 05:10	0.0	0.0	11.0	1.3	11.0	2.1	13.0	2.7	10.0	1.9	45.0	1.6	5	100.0
10/30/2006 05:15	3.0	0.3	13.0	1.7	13.0	2.2	15.0	3.2	9.0	2.1	53.0	1.9	5	100.0
10/30/2006 05:20	1.0	0.1	15.0	1.9	17.0	2.8	17.0	3.5	11.0	1.8	61.0	2.0	5	100.0
10/30/2006 05:25	3.0	0.3	16.0	1.9	17.0	3.5	17.0	3.3	17.0	2.8	70.0	2.4	5	100.0
10/30/2006 05:30	1.0	0.1	13.0	1.5	13.0	2.3	14.0	3.1	13.0	2.1	54.0	1.8	5	100.0
10/30/2006 05:35	1.0	0.1	11.0	1.3	16.0	2.5	15.0	3.0	13.0	2.1	56.0	1.8	5	100.0
10/30/2006 05:40	3.0	0.3	21.0	2.5	17.0	2.7	15.0	3.2	19.0	3.4	75.0	2.4	5	100.0
10/30/2006 05:45	3.0	0.3	27.0	3.3	23.0	4.3	23.0	4.9	19.0	3.5	95.0	3.3	5	100.0
10/30/2006 05:50	2.0	0.4	23.0	2.8	21.0	3.1	21.0	4.3	19.0	3.2	86.0	2.8	5	100.0
10/30/2006 05:55	2.0	0.3	27.0	3.4	27.0	4.6	24.0	5.3	21.0	3.9	101.0	3.5	5	100.0
10/30/2006 06:00	1.0	0.1	22.0	2.6	20.0	3.3	23.0	4.6	19.0	3.1	85.0	2.8	5	100.0
10/30/2006 06:05	1.0	0.1	22.0	2.9	21.0	3.5	16.0	2.9	17.0	3.4	77.0	2.6	5	100.0
10/30/2006 06:10	2.0	0.2	26.0	3.3	29.0	4.4	27.0	4.4	21.0	3.7	105.0	3.2	5	100.0
10/30/2006 06:15	3.0	0.3	29.0	3.7	27.0	4.5	24.0	4.7	21.0	3.6	104.0	3.4	5	100.0
10/30/2006 06:20	7.0	1.0	45.0	6.1	33.0	5.7	31.0	6.6	29.0	5.5	145.0	5.0	5	100.0
10/30/2006 06:25	3.0	0.3	33.0	4.1	31.0	4.7	29.0	5.9	24.0	4.3	120.0	3.9	5	100.0
10/30/2006 06:30	3.0	0.4	37.0	4.9	33.0	5.2	30.0	5.1	27.0	4.9	130.0	4.1	5	100.0
10/30/2006 06:35	8.0	1.1	39.0	4.9	35.0	5.6	32.0	6.1	26.0	4.7	140.0	4.5	5	100.0
10/30/2006 06:40	6.0	0.7	45.0	5.9	35.0	5.6	33.0	6.1	35.0	5.9	154.0	4.9	5	100.0
10/30/2006 06:45	7.0	1.3	49.0	6.2	43.0	6.9	41.0	8.3	40.0	7.3	180.0	6.0	5	100.0
10/30/2006 06:50	7.0	1.1	49.0	6.7	41.0	7.1	33.0	6.5	39.0	6.4	169.0	5.6	5	100.0
10/30/2006 06:55	7.0	1.0	47.0	6.3	40.0	6.6	39.0	6.8	43.0	7.1	176.0	5.6	5	100.0
10/30/2006 07:00	7.0	1.0	50.0	6.5	36.0	6.5	37.0	7.1	45.0	7.2	175.0	5.7	5	100.0
10/30/2006 07:05	8.0	1.1	39.0	5.4	36.0	5.5	35.0	6.7	37.0	6.2	155.0	5.0	5	100.0
10/30/2006 07:10	7.0	0.8	52.0	7.1	39.0	6.9	39.0	7.6	40.0	6.6	177.0	5.8	5	100.0
10/30/2006 07:15	5.0	0.7	58.0	7.9	42.0	7.5	44.0	8.2	44.0	7.7	193.0	6.4	5	100.0
10/30/2006 07:20	6.0	0.8	55.0	7.6	41.0	7.5	40.0	7.4	47.0	8.7	189.0	6.4	5	100.0
10/30/2006 07:25	6.0	0.7	53.0	7.0	41.0	6.5	45.0	8.0	41.0	6.9	186.0	5.8	5	100.0
10/30/2006 07:30	8.0	1.0	55.0	7.9	47.0	7.3	41.0	7.8	49.0	8.1	200.0	6.4	5	100.0
10/30/2006 07:35	9.0	1.2	53.0	7.3	42.0	6.9	37.0	6.7	45.0	7.5	186.0	5.9	5	100.0
10/30/2006 07:40	8.0	1.0	58.0	8.1	49.0	8.5	45.0	8.0	49.0	8.5	209.0	6.8	5	100.0
10/30/2006 07:45	9.0	1.3	55.0	8.0	44.0	7.6	43.0	8.5	53.0	9.9	204.0	7.1	5	100.0
10/30/2006 07:50	11.0	1.3	63.0	9.1	49.0	8.4	46.0	10.0	49.0	8.5	218.0	7.5	5	100.0
10/30/2006 07:55	9.0	1.4	56.0	7.7	35.0	6.3	41.0	7.1	49.0	8.2	190.0	6.2	5	100.0
10/30/2006 08:00	11.0	1.2	56.0	8.0	41.0	7.5	42.0	8.0	54.0	9.1	204.0	6.8	5	100.0
10/30/2006 08:05	11.0	1.5	53.0	7.5	40.0	7.3	43.0	7.7	46.0	7.8	193.0	6.4	5	100.0
10/30/2006 08:10	11.0	1.7	52.0	7.8	45.0	7.6	37.0	7.6	45.0	9.2	190.0	6.8	5	100.0
10/30/2006 08:15	4.0	0.5	31.0	4.6	24.0	5.7	26.0	4.8	28.0	4.9	113.0	4.1	5	100.0
10/30/2006 08:20	10.0	1.5	63.0	8.9	48.0	8.9	46.0	9.4	56.0	10.8	223.0	7.9	5	100.0
10/30/2006 08:25	10.0	1.5	53.0	7.8	44.0	8.1	43.0	9.3	52.0	10.4	202.0	7.4	5	100.0
10/30/2006 08:30	7.0	1.1	55.0	7.7	43.0	8.2	42.0	8.0	51.0	9.2	198.0	6.8	5	100.0
10/30/2006 08:35	9.0	1.3	57.0	8.3	43.0	8.7	41.0	8.9	50.0	9.7	200.0	7.4	5	100.0
10/30/2006 08:40	7.0	0.8	65.0	9.7	44.0	9.3	43.0	9.3	55.0	9.7	214.0	7.8	5	100.0
10/30/2006 08:45	11.0	1.5	51.0	7.5	39.0	8.1	42.0	9.3	51.0	9.9	194.0	7.3	5	100.0
10/30/2006 08:50	9.0	1.5	49.0	7.3	43.0	8.6	39.0	8.8	55.0	9.5	195.0	7.1	5	100.0
10/30/2006 08:55	9.0	1.0	56.0	8.0	41.0	6.9	39.0	8.5	50.0	8.7	195.0	6.6	5	100.0
10/30/2006 09:00	7.0	0.9	52.0	7.6	38.0	7.6	40.0	7.1	44.0	9.1	181.0	6.4	5	100.0
10/30/2006 09:05	7.0	0.9	56.0	8.4	39.0	9.3	40.0	9.3	53.0	10.1	195.0	7.6	5	100.0
10/30/2006 09:10	10.0	1.4	51.0	7.4	41.0	8.9	38.0	8.4	48.0	9.2	188.0	7.1	5	100.0
10/30/2006 09:15	10.0	1.5	59.0	9.2	44.0	9.6	44.0	9.5	45.0	9.3	202.0	7.8	5	100.0
10/30/2006 09:20	15.0	2.3	56.0	8.4	43.0	9.0	40.0	8.1	43.0	8.6	197.0	7.3	5	100.0
10/30/2006 09:25	8.0	0.9	56.0	8.1	45.0	7.3	40.0	8.7	48.0	9.3	197.0	6.9	5	100.0
10/30/2006 09:30	11.0	1.5	57.0	8.9	43.0	9.2	41.0	8.5	48.0	9.1	200.0	7.4	5	100.0
10/30/2006 09:35	10.0	1.3	53.0	7.8	45.0	9.0	43.0	9.6	41.0	8.3	192.0	7.2	5	100.0
10/30/2006 09:40	13.0	1.6	51.0	7.1	39.0	7.5	38.0	8.5	45.0	8.3	186.0	6.6	5	100.0
10/30/2006 09:45	10.0	1.3	58.0	8.3	41.0	8.2	42.0	8.9	50.0	9.4	201.0	7.2	5	100.0
10/30/2006 09:50	9.0	1.1	43.0	5.8	37.0	6.9	39.0	7.9	43.0	8.5	171.0	6.0	5	100.0
10/30/2006 09:55	10.0	1.3	42.0	5.7	35.0	6.4	37.0	7.3	46.0	8.1	170.0	5.8	5	100.0
10/30/2006 10:00	18.0	2.3	39.0	5.4	39.0	7.6	36.0	7.7	43.0	8.8	175.0	6.4	5	100.0
10/30/2006 10:05	20.0	2.5	40.0	5.6	37.0	7.2	38.0	9.1	45.0	9.1	180.0	6.7	5	100.0
10/30/2006 10:10	23.0	2.9	40.0	5.6	33.0	6.5	31.0	6.7	38.0	6.9	165.0	5.7	5	100.0
10/30/2006 10:15	24.0	3.0	36.0	4.8	34.0	6.0	33.0	7.1	41.0	8.5	168.0	5.9	5	100.0
10/30/2006 10:20	25.0	3.1	41.0	5.8	33.0	6.7	36.0	7.5	44.0	7.6	179.0	6.1	5	100.0
10/30/2006 10:25	23.0	2.7	37.0	5.1	35.0	6.1	37.0	7.8	38.0	7.2	170.0	5.8	5	100.0
10/30/2006 10:30	23.0	3.0	40.0	5.5	32.0	6.2	34.0	7.3	43.0	8.0	172.0	6.0	5	100.0
10/30/2006 10:35	25.0	3.4	39.0	5.8	36.0	8.1	40.0	8.7	43.0	9.5	183.0	7.1	5	100.0
10/30/2006 10:40	30.0	4.0	40.0	5.7	42.0	8.3	39.0	7.8	43.0	7.9	194.0	6.8	5	100.0
10/30/2006 10:45	25.0	3.2	36.0	5.0	36.0	7.3	39.0	7.4	46.0	9.0	182.0	6.4	5	100.0
10/30/2006 10:50	31.0	3.8	41.0	5.7	35.0	7.5	38.0	7.7	40.0	7.5	185.0	6.5	5	100.0
10/30/2006 10:55	22.0	2.7	33.0	4.7	36.0	6.0	35.0	6.9	41.0	7.0	167.0	5.5	5	100.0
10/30/2006 11:00	24.0	3.1	37.0	5.2	36.0	7.1	36.0	7.1	43.0	7.7	176.0	6.1	5	100.0
10/30/2006 11:05	29.0	3.6	39.0	5.5	37.0	7.3	37.0	8.5	45.0	9.5	187.0	6.9	5	100.0
10/30/2006 11:10	23.0	2.9	41.0	5.8	35.0	6.7	33.0	6.9	43.0	8.1	175.0	6.1	5	100.0
10/30/2006 11:15	25.0	3.2	41.0	6.0	40.0	7.2	40.0	8.2	42.0	8.4	188.0	6.6	5	100.0
10/30/2006 11:20	25.0	3.3	43.0	5.7	35.0	6.7	39.0	7.6	47.0	8.1	189.0	6.3	5	100.0
10/30/2006 11:25	25.0	3.4	36.0	5.5	42.0	7.9	44.0	8.4	49.0	10.6	196.0	7.2	5	100.0
10/30/2006 11:30	34.0	4.3	46.0	6.6	45.0	9.1	49.0	10.4	51.0	10.3	225.0	8.1	5	100.0
10/30/2006 11:35	29.0	3.8	41.0	5.9	35.0	8.6	39.0	8.8	51.0	8.8	195.0	7.2	5	100.0
10/30/2006 11:40	38.0	4.9	43.0	6.0	35.0	8.0	41.0	9.6	44.0	9.1	201.0	7.5	5	100.0
10/30/2006 11:45	33.0	4.3	39.0	5.8	35.0	6.7	38.0	9.2	48.0	9.7	193.0	7.2	5	100.0
10/30/2006 11:50	27.0	3.5	48.0	6.6	37.0	7.8	39.0	8.2	47.0	8.9	198.0	7.0	5	100.0
10/30/2006 11:55	23.0	3.1	39.0	5.4	35.0	6.3	39.0	7.4	43.0	8.3	179.0	6.1	5	100.0
10/30/2006 12:00	27.0	3.6	39.0	5.4	38.0	7.5	38.0	8.8	47.0	8.2	189.0	6.7	5	100.0
10/30/2006 12:05	28.0	3.6	39.0	5.3	35.0	7.4	36.0	7.9	43.0	7.3	181.0	6.3	5	100.0
10/30/2006 12:10	27.0	3.7	41.0	5.9	36.0	7.2	40.0	7.8	44.0	8.2	188.0	6.6	5	100.0
10/30/2006 12:15	19.0	2.3	25.0	3.5	21.0	4.1	24.0	4.3	29.0	5.1	118.0	3.9	5	100.0
10/30/2006 12:20	34.0	4.4	44.0	6.1	38.0	7.6	42.0	7.8	53.0	9.8	211.0	7.2	5	100.0
10/30/2006 12:25	33.0	4.3	44.0	6.0	35.0	6.5	41.0	7.7	48.0	8.0	201.0	6.5	5	100.0
10/30/2006 12:30	37.0	4.9	43.0	6.1	40.0	7.5	43.0	8.2	49.0	9.3	212.0	7.2	5	100.0
10/30/2006 12:35	33.0	4.3	35.0	4.9	39.0	6.9	43.0	7.9	43.0	7.7	193.0	6.4	5	100.0
10/30/2006 12:40	35.0	4.7	41.0	5.8	39.0	7.9	39.0	7.6	44.0	8.0	198.0	6.8	5	100.0
10/30/2006 12:45	25.0	3.4	41.0	5.8	40.0	6.5	39.0	7.1	50.0	8.9	195.0	6.3	5	100.0
10/30/2006 12:50	37.0	4.9	47.0	6.5	41.0	7.7	42.0	8.1	45.0	8.8	212.0	7.2	5	100.0
10/30/2006 12:55	29.0	3.9	40.0	5.7	37.0	6.7	40.0	7.5	37.0	7.1	183.0	6.2	5	100.0
10/30/2006 13:00	34.0	4.6	40.0	5.9	41.0	7.0	39.0	8.4	46.0	8.9	200.0	6.9	5	100.0
10/30/2006 13:05	36.0	4.8	39.0	5.3	39.0	6.9	38.0	8.1	44.0	7.6	196.0	6.5	5	100.0
10/30/2006 13:10	37.0	4.7	41.0	6.1	41.0	7.2	39.0	7.3	47.0	9.9	205.0	7.0	5	100.0
10/30/2006 13:15	24.0	3.2	32.0	4.4	28.0	6.0	28.0	6.4	28.0	5.2	140.0	5.0	5	100.0
10/30/2006 13:20	0.0	0.0	0.0	0.0	0.0	0.0	0.0	0.0	0.0	0.0	0.0	0.0	5	100.0
10/30/2006 13:25	12.0	1.7	21.0	2.8	16.0	3.5	16.0	3.0	18.0	3.5	83.0	2.9	5	100.0
10/30/2006 13:30	36.0	5.3	43.0	6.7	39.0	8.7	40.0	8.9	46.0	9.3	204.0	7.8	5	100.0
10/30/2006 13:35	48.0	6.5	50.0	7.3	43.0	9.3	45.0	9.1	49.0	9.1	235.0	8.3	5	100.0
10/30/2006 13:40	36.0	4.7	50.0	6.9	41.0	7.2	39.0	7.1	53.0	9.1	219.0	7.0	5	100.0
10/30/2006 13:45	35.0	4.5	43.0	6.1	41.0	6.9	43.0	8.5	40.0	7.7	202.0	6.8	5	100.0
10/30/2006 13:50	34.0	4.5	42.0	5.8	41.0	7.5	37.0	7.3	40.0	7.2	194.0	6.5	5	100.0
10/30/2006 13:55	40.0	5.6	47.0	6.4	43.0	8.3	43.0	8.4	47.0	8.2	220.0	7.4	5	100.0
10/30/2006 14:00	49.0	6.6	53.0	7.6	43.0	7.7	51.0	9.8	46.0	8.3	242.0	8.0	5	100.0
10/30/2006 14:05	41.0	5.6	52.0	7.3	43.0	8.2	47.0	8.9	49.0	10.0	232.0	8.0	5	100.0
10/30/2006 14:10	40.0	5.5	46.0	6.6	42.0	8.5	39.0	7.9	39.0	7.0	206.0	7.1	5	100.0
10/30/2006 14:15	24.0	3.3	28.0	3.9	19.0	3.5	22.0	4.5	21.0	3.6	114.0	3.8	5	100.0
10/30/2006 14:20	58.0	8.3	55.0	8.0	47.0	9.1	45.0	8.3	50.0	9.1	255.0	8.6	5	100.0
10/30/2006 14:25	47.0	6.6	52.0	7.7	43.0	8.3	41.0	7.6	47.0	8.8	230.0	7.8	5	100.0
10/30/2006 14:30	53.0	7.6	53.0	7.9	45.0	8.7	49.0	8.9	48.0	8.3	248.0	8.3	5	100.0
10/30/2006 14:35	55.0	7.5	51.0	7.3	41.0	8.7	47.0	8.0	48.0	9.4	242.0	8.2	5	100.0
10/30/2006 14:40	57.0	8.5	58.0	8.8	47.0	10.3	46.0	9.4	49.0	9.0	257.0	9.2	5	100.0
10/30/2006 14:45	54.0	7.7	56.0	8.3	44.0	8.1	45.0	8.9	45.0	7.7	244.0	8.1	5	100.0
10/30/2006 14:50	59.0	10.5	55.0	10.4	45.0	11.5	49.0	10.4	49.0	10.2	257.0	10.6	5	100.0
10/30/2006 14:55	53.0	9.2	55.0	11.0	42.0	10.3	45.0	10.7	47.0	11.1	242.0	10.5	5	100.0
10/30/2006 15:00	32.0	5.4	52.0	12.1	43.0	12.9	46.0	10.5	51.0	12.1	224.0	10.6	5	100.0
10/30/2006 15:05	29.0	4.7	54.0	10.8	48.0	12.3	47.0	10.2	45.0	11.4	223.0	9.9	5	100.0
10/30/2006 15:10	29.0	4.6	56.0	11.4	41.0	9.9	43.0	9.9	44.0	10.1	213.0	9.2	5	100.0
10/30/2006 15:15	37.0	6.1	52.0	10.6	45.0	11.2	45.0	11.2	47.0	11.1	226.0	10.1	5	100.0
10/30/2006 15:20	33.0	6.0	53.0	12.7	48.0	13.5	50.0	13.1	44.0	11.9	228.0	11.4	5	100.0
10/30/2006 15:25	33.0	5.1	56.0	10.7	46.0	12.2	45.0	10.1	42.0	10.2	222.0	9.7	5	100.0
10/30/2006 15:30	19.0	2.9	31.0	6.7	27.0	7.0	26.0	6.2	29.0	6.7	132.0	5.9	5	100.0
10/30/2006 15:35	31.0	5.1	51.0	10.5	45.0	10.7	41.0	10.1	43.0	9.7	211.0	9.3	5	100.0
10/30/2006 15:40	41.0	7.9	53.0	14.8	47.0	13.5	50.0	12.9	49.0	12.6	240.0	12.4	5	100.0
10/30/2006 15:45	41.0	7.8	55.0	12.9	47.0	12.3	51.0	12.3	41.0	10.5	235.0	11.2	5	100.0
10/30/2006 15:50	45.0	8.1	57.0	11.7	50.0	12.0	49.0	11.6	51.0	12.0	252.0	11.1	5	100.0
10/30/2006 15:55	44.0	8.2	49.0	11.2	49.0	11.1	47.0	11.0	43.0	10.3	232.0	10.4	5	100.0
10/30/2006 16:00	41.0	7.7	53.0	10.7	43.0	11.7	51.0	11.9	43.0	9.3	231.0	10.3	5	100.0
10/30/2006 16:05	43.0	8.9	51.0	12.8	50.0	14.2	45.0	11.8	47.0	12.1	236.0	12.0	5	100.0
10/30/2006 16:10	38.0	8.2	44.0	14.2	44.0	12.8	44.0	11.8	45.0	12.2	215.0	11.8	5	100.0
10/30/2006 16:15	44.0	9.7	53.0	13.9	46.0	14.3	47.0	12.2	48.0	12.3	238.0	12.5	5	100.0
10/30/2006 16:20	46.0	8.8	56.0	12.3	49.0	12.1	56.0	12.6	50.0	11.8	257.0	11.5	5	100.0
10/30/2006 16:25	44.0	10.9	53.0	18.9	46.0	15.4	49.0	14.1	49.0	13.9	241.0	14.6	5	100.0
10/30/2006 16:30	44.0	10.0	51.0	14.8	44.0	14.6	46.0	14.4	49.0	14.3	234.0	13.6	5	100.0
10/30/2006 16:35	44.0	9.4	50.0	12.2	41.0	12.5	43.0	11.2	47.0	12.7	225.0	11.6	5	100.0
10/30/2006 16:40	41.0	8.1	53.0	12.7	41.0	12.1	45.0	11.8	44.0	10.7	224.0	11.1	5	100.0
10/30/2006 16:45	43.0	10.5	43.0	13.4	42.0	13.7	47.0	12.9	45.0	12.0	220.0	12.5	5	100.0
10/30/2006 16:50	45.0	14.6	47.0	16.4	41.0	15.1	49.0	13.9	45.0	13.5	227.0	14.7	5	100.0
10/30/2006 16:55	45.0	10.9	50.0	15.1	46.0	15.9	49.0	13.4	46.0	13.6	236.0	13.8	5	100.0
10/30/2006 17:00	48.0	9.9	55.0	11.9	45.0	11.3	46.0	10.9	45.0	9.6	239.0	10.7	5	100.0
10/30/2006 17:05	47.0	10.5	49.0	14.6	45.0	17.2	49.0	15.7	45.0	13.9	235.0	14.4	5	100.0
10/30/2006 17:10	39.0	10.3	46.0	20.9	38.0	18.9	43.0	17.5	43.0	15.3	209.0	16.6	5	100.0
10/30/2006 17:15	46.0	11.4	48.0	12.9	41.0	13.9	42.0	12.2	47.0	12.7	224.0	12.6	5	100.0
10/30/2006 17:20	44.0	9.8	46.0	14.4	41.0	14.9	45.0	12.0	44.0	11.4	220.0	12.5	5	100.0
10/30/2006 17:25	43.0	10.6	50.0	16.5	45.0	14.8	47.0	16.0	45.0	12.9	230.0	14.2	5	100.0
10/30/2006 17:30	43.0	12.1	41.0	15.9	35.0	15.9	41.0	12.2	41.0	11.9	201.0	13.6	5	100.0
10/30/2006 17:35	41.0	11.2	44.0	14.7	44.0	14.7	44.0	15.1	44.0	16.3	217.0	14.4	5	100.0
10/30/2006 17:40	30.0	7.9	31.0	10.9	27.0	12.3	28.0	9.5	28.0	8.9	144.0	9.9	5	100.0
10/30/2006 17:45	39.0	15.5	39.0	18.0	36.0	17.6	36.0	17.1	44.0	14.3	194.0	16.5	5	100.0
10/30/2006 17:50	47.0	13.1	50.0	14.3	45.0	14.1	47.0	12.6	44.0	11.8	233.0	13.2	5	100.0
10/30/2006 17:55	49.0	13.4	51.0	16.7	48.0	16.9	44.0	14.7	41.0	13.3	233.0	15.0	5	100.0
10/30/2006 18:00	40.0	17.2	40.0	21.5	37.0	18.6	40.0	15.9	41.0	15.1	198.0	17.7	5	100.0
10/30/2006 18:05	45.0	12.9	48.0	15.3	45.0	13.8	45.0	13.6	39.0	11.5	222.0	13.4	5	100.0
10/30/2006 18:10	42.0	9.5	47.0	14.4	45.0	14.3	46.0	13.7	45.0	13.9	225.0	13.2	5	100.0
10/30/2006 18:15	46.0	9.0	51.0	15.9	47.0	14.1	44.0	12.6	46.0	12.5	234.0	12.8	5	100.0
10/30/2006 18:20	41.0	8.9	48.0	13.6	41.0	15.3	43.0	12.6	39.0	10.8	212.0	12.3	5	100.0
10/30/2006 18:25	44.0	8.5	50.0	11.7	45.0	11.7	47.0	12.5	45.0	11.5	231.0	11.2	5	100.0
10/30/2006 18:30	43.0	10.2	58.0	14.3	47.0	14.3	49.0	14.7	43.0	11.7	240.0	13.0	5	100.0
10/30/2006 18:35	46.0	11.4	53.0	15.9	45.0	14.1	45.0	14.4	47.0	13.7	236.0	13.9	5	100.0
10/30/2006 18:40	49.0	11.9	49.0	12.6	44.0	12.9	50.0	13.7	46.0	12.1	238.0	12.6	5	100.0
10/30/2006 18:45	44.0	8.9	56.0	12.9	49.0	14.1	51.0	13.4	49.0	11.5	249.0	12.1	5	100.0
10/30/2006 18:50	37.0	7.2	44.0	13.4	40.0	15.5	41.0	13.6	44.0	15.6	206.0	13.1	5	100.0
10/30/2006 18:55	46.0	9.1	58.0	13.5	51.0	13.9	46.0	12.6	54.0	13.6	255.0	12.5	5	100.0
10/30/2006 19:00	51.0	9.2	51.0	10.6	43.0	11.6	44.0	12.1	49.0	13.7	238.0	11.4	5	100.0
10/30/2006 19:05	39.0	5.5	38.0	5.2	34.0	6.1	41.0	8.3	40.0	8.0	192.0	6.6	5	100.0
10/30/2006 19:10	33.0	4.1	42.0	5.7	35.0	5.6	39.0	5.8	41.0	6.9	190.0	5.6	5	100.0
10/30/2006 19:15	36.0	4.9	40.0	5.6	39.0	6.1	45.0	7.3	43.0	6.9	203.0	6.2	5	100.0
10/30/2006 19:20	39.0	5.4	45.0	6.1	46.0	8.1	49.0	8.5	44.0	7.6	223.0	7.1	5	100.0
10/30/2006 19:25	34.0	4.5	39.0	5.2	40.0	6.4	39.0	5.9	41.0	6.7	193.0	5.7	5	100.0
10/30/2006 19:30	32.0	4.4	41.0	5.5	37.0	5.7	35.0	6.0	34.0	5.7	179.0	5.5	5	100.0
10/30/2006 19:35	33.0	4.4	39.0	5.5	35.0	6.0	40.0	7.3	37.0	6.0	184.0	5.8	5	100.0
10/30/2006 19:40	26.0	3.4	36.0	4.9	39.0	6.0	38.0	6.2	34.0	5.1	173.0	5.1	5	100.0
10/30/2006 19:45	29.0	3.7	31.0	4.1	39.0	5.9	36.0	5.9	35.0	6.1	170.0	5.1	5	100.0
10/30/2006 19:50	27.0	3.7	34.0	4.5	37.0	5.8	39.0	6.4	38.0	6.9	175.0	5.5	5	100.0
10/30/2006 19:55	28.0	3.7	35.0	4.8	27.0	4.4	37.0	6.3	30.0	4.8	157.0	4.8	5	100.0
10/30/2006 20:00	31.0	3.7	33.0	4.2	35.0	5.0	35.0	5.6	31.0	4.9	165.0	4.7	5	100.0
10/30/2006 20:05	25.0	3.2	33.0	4.6	31.0	4.8	30.0	5.0	30.0	5.1	149.0	4.5	5	100.0
10/30/2006 20:10	21.0	2.8	33.0	4.4	34.0	4.6	31.0	5.1	32.0	5.4	151.0	4.4	5	100.0
10/30/2006 20:15	25.0	3.1	36.0	4.6	33.0	5.4	39.0	6.0	34.0	5.5	167.0	4.9	5	100.0
10/30/2006 20:20	21.0	2.9	29.0	3.7	29.0	4.9	29.0	5.2	29.0	4.6	137.0	4.3	5	100.0
10/30/2006 20:25	19.0	2.4	33.0	4.3	34.0	5.3	34.0	5.6	27.0	4.5	147.0	4.4	5	100.0
10/30/2006 20:30	21.0	2.8	27.0	3.5	27.0	4.1	25.0	4.4	24.0	3.8	124.0	3.7	5	100.0
10/30/2006 20:35	22.0	2.9	29.0	4.0	31.0	4.4	31.0	5.3	31.0	4.5	144.0	4.2	5	100.0
10/30/2006 20:40	21.0	2.4	29.0	3.6	29.0	4.0	29.0	4.5	23.0	3.5	131.0	3.6	5	100.0
10/30/2006 20:45	23.0	3.1	30.0	3.8	31.0	4.3	27.0	4.7	27.0	4.0	138.0	4.0	5	100.0
10/30/2006 20:50	23.0	2.6	29.0	3.6	29.0	4.1	28.0	4.1	26.0	4.4	135.0	3.8	5	100.0
10/30/2006 20:55	16.0	1.9	21.0	2.6	21.0	3.1	28.0	3.8	24.0	3.6	110.0	3.0	5	100.0
10/30/2006 21:00	19.0	2.3	26.0	3.6	27.0	3.9	28.0	4.6	26.0	4.1	126.0	3.7	5	100.0
10/30/2006 21:05	17.0	2.1	26.0	3.5	26.0	4.3	30.0	4.7	24.0	3.4	123.0	3.6	5	100.0
10/30/2006 21:10	19.0	2.5	31.0	4.1	31.0	5.0	29.0	4.5	31.0	4.7	141.0	4.2	5	100.0
10/30/2006 21:15	23.0	2.9	32.0	4.1	37.0	5.3	28.0	5.1	26.0	4.2	146.0	4.3	5	100.0
10/30/2006 21:20	21.0	2.5	29.0	4.0	29.0	4.2	29.0	4.4	29.0	4.6	137.0	4.0	5	100.0
10/30/2006 21:25	20.0	2.6	30.0	3.9	25.0	4.6	31.0	5.3	31.0	5.5	137.0	4.4	5	100.0
10/30/2006 21:30	17.0	2.1	25.0	3.5	31.0	4.2	25.0	4.1	21.0	3.3	119.0	3.5	5	100.0
10/30/2006 21:35	17.0	2.0	23.0	2.9	26.0	4.0	23.0	3.7	19.0	3.4	108.0	3.2	5	100.0
10/30/2006 21:40	17.0	1.9	28.0	3.9	25.0	3.6	26.0	3.9	22.0	4.0	118.0	3.5	5	100.0
10/30/2006 21:45	17.0	2.0	25.0	3.1	28.0	3.8	29.0	4.7	26.0	4.2	125.0	3.6	5	100.0
10/30/2006 21:50	19.0	2.1	27.0	3.6	26.0	4.1	26.0	4.2	19.0	3.4	117.0	3.5	5	100.0
10/30/2006 21:55	14.0	1.7	23.0	2.9	27.0	3.5	18.0	3.2	19.0	3.2	101.0	2.9	5	100.0
10/30/2006 22:00	11.0	1.4	25.0	3.1	23.0	3.8	23.0	3.9	21.0	3.5	103.0	3.2	5	100.0
10/30/2006 22:05	15.0	1.9	21.0	2.8	24.0	3.6	26.0	3.6	21.0	3.1	107.0	3.0	5	100.0
10/30/2006 22:10	18.0	2.1	25.0	3.0	25.0	3.3	23.0	3.5	23.0	3.8	114.0	3.1	5	100.0
10/30/2006 22:15	17.0	2.0	20.0	2.4	21.0	3.3	26.0	4.2	21.0	3.4	105.0	3.1	5	100.0
10/30/2006 22:20	14.0	1.6	23.0	2.6	24.0	3.4	24.0	3.6	21.0	3.2	106.0	2.9	5	100.0
10/30/2006 22:25	19.0	2.2	23.0	2.9	21.0	3.3	29.0	4.7	22.0	3.7	114.0	3.4	5	100.0
10/30/2006 22:30	13.0	1.7	21.0	2.6	19.0	2.8	23.0	3.8	19.0	3.1	95.0	2.8	5	100.0
10/30/2006 22:35	10.0	1.1	27.0	3.6	22.0	3.1	21.0	4.0	20.0	3.2	100.0	3.0	5	100.0
10/30/2006 22:40	9.0	1.0	18.0	2.1	21.0	3.1	23.0	3.5	14.0	2.3	85.0	2.4	5	100.0
10/30/2006 22:45	8.0	0.9	17.0	1.9	18.0	2.3	18.0	3.1	14.0	2.0	75.0	2.1	5	100.0
10/30/2006 22:50	16.0	1.9	21.0	2.7	16.0	2.4	19.0	3.4	14.0	2.3	86.0	2.5	5	100.0
10/30/2006 22:55	14.0	1.8	20.0	2.5	17.0	2.9	14.0	2.6	15.0	2.5	80.0	2.5	5	100.0
10/30/2006 23:00	7.0	0.8	16.0	1.9	13.0	2.2	14.0	2.5	15.0	2.3	65.0	1.9	5	100.0
10/30/2006 23:05	6.0	0.6	11.0	1.5	14.0	2.1	15.0	2.0	14.0	1.9	60.0	1.6	5	100.0
10/30/2006 23:10	9.0	1.0	19.0	2.3	19.0	3.1	20.0	3.5	10.0	1.6	77.0	2.3	5	100.0
10/30/2006 23:15	11.0	1.1	15.0	1.8	15.0	2.5	17.0	2.6	13.0	2.1	71.0	2.0	5	100.0
10/30/2006 23:20	9.0	1.1	16.0	2.0	14.0	1.8	15.0	3.3	11.0	1.6	65.0	2.0	5	100.0
10/30/2006 23:25	7.0	0.7	11.0	1.5	14.0	2.3	14.0	2.7	13.0	2.3	59.0	1.9	5	100.0
10/30/2006 23:30	3.0	0.3	8.0	1.1	8.0	1.1	5.0	0.9	7.0	0.9	31.0	0.8	5	100.0
10/30/2006 23:35	9.0	1.1	15.0	1.8	16.0	2.1	13.0	2.3	10.0	1.5	63.0	1.8	5	100.0
10/30/2006 23:40	10.0	1.1	14.0	1.8	15.0	2.4	15.0	3.6	12.0	2.6	66.0	2.3	5	100.0
10/30/2006 23:45	2.0	0.3	6.0	0.7	8.0	1.2	7.0	1.3	6.0	1.1	29.0	0.9	5	100.0
10/30/2006 23:50	4.0	0.4	14.0	1.9	12.0	1.7	16.0	2.5	9.0	1.4	55.0	1.6	5	100.0
10/30/2006 23:55	5.0	0.7	16.0	1.8	14.0	1.9	17.0	3.4	9.0	1.7	61.0	1.9	5	100.0
10/31/2006 00:00	2.0	0.2	13.0	1.7	15.0	2.5	13.0	2.1	15.0	2.7	58.0	1.8	5	100.0
10/31/2006 00:05	4.0	0.5	13.0	1.5	12.0	1.7	13.0	2.3	9.0	1.2	51.0	1.4	5	100.0
10/31/2006 00:10	5.0	0.6	11.0	1.4	14.0	2.2	10.0	2.1	11.0	1.8	51.0	1.6	5	100.0
10/31/2006 00:15	5.0	0.5	12.0	1.4	12.0	1.5	13.0	2.0	8.0	1.3	50.0	1.3	5	100.0
10/31/2006 00:20	6.0	0.6	9.0	1.2	12.0	1.6	11.0	2.1	7.0	1.2	45.0	1.4	5	100.0
10/31/2006 00:25	6.0	0.7	11.0	1.3	11.0	1.3	10.0	1.9	6.0	1.4	44.0	1.3	5	100.0
10/31/2006 00:30	6.0	0.7	11.0	1.3	13.0	1.8	11.0	1.5	7.0	1.1	48.0	1.3	5	100.0
10/31/2006 00:35	4.0	0.5	10.0	1.3	11.0	1.5	9.0	1.8	5.0	1.4	39.0	1.3	5	100.0
10/31/2006 00:40	4.0	0.4	10.0	1.4	10.0	1.5	7.0	1.2	8.0	1.6	39.0	1.2	5	100.0
10/31/2006 00:45	4.0	0.4	7.0	0.9	9.0	1.2	8.0	1.2	8.0	1.3	36.0	1.0	5	100.0
10/31/2006 00:50	1.0	0.1	5.0	0.6	6.0	0.9	8.0	1.2	2.0	0.2	22.0	0.6	5	100.0
10/31/2006 00:55	4.0	0.4	9.0	1.1	11.0	1.6	7.0	1.3	6.0	1.0	37.0	1.1	5	100.0
10/31/2006 01:00	4.0	0.4	9.0	1.1	9.0	1.1	9.0	2.5	8.0	1.6	39.0	1.3	5	100.0
10/31/2006 01:05	1.0	0.1	7.0	0.7	8.0	1.4	9.0	1.6	7.0	1.1	32.0	1.0	5	100.0
10/31/2006 01:10	2.0	0.2	9.0	0.9	8.0	0.9	7.0	1.3	5.0	1.1	31.0	0.9	5	100.0
10/31/2006 01:15	1.0	0.1	6.0	0.7	5.0	0.7	7.0	1.9	4.0	0.5	23.0	0.8	5	100.0
10/31/2006 01:20	1.0	0.2	6.0	0.9	10.0	1.8	7.0	1.6	3.0	0.9	27.0	1.1	5	100.0
10/31/2006 01:25	3.0	0.3	8.0	0.9	7.0	1.2	5.0	0.9	4.0	0.9	27.0	0.8	5	100.0
10/31/2006 01:30	1.0	0.1	6.0	0.6	7.0	1.3	7.0	1.1	6.0	1.1	27.0	0.8	5	100.0
10/31/2006 01:35	1.0	0.1	6.0	0.6	9.0	1.3	8.0	2.1	4.0	0.5	28.0	0.9	5	100.0
10/31/2006 01:40	1.0	0.1	7.0	0.9	7.0	1.1	8.0	2.5	2.0	0.3	25.0	1.0	5	100.0
10/31/2006 01:45	1.0	0.1	1.0	0.1	1.0	0.1	2.0	0.8	2.0	0.5	7.0	0.3	5	100.0
10/31/2006 01:50	2.0	0.2	6.0	0.8	6.0	1.0	7.0	1.5	6.0	1.0	27.0	0.9	5	100.0
10/31/2006 01:55	2.0	0.2	6.0	0.7	9.0	1.3	6.0	1.4	5.0	1.1	28.0	1.0	5	100.0
10/31/2006 02:00	0.0	0.0	3.0	0.3	4.0	0.5	4.0	1.1	3.0	0.7	14.0	0.5	5	100.0
10/31/2006 02:05	0.0	0.0	4.0	0.4	6.0	0.8	5.0	1.1	2.0	0.3	17.0	0.5	5	100.0
10/31/2006 02:10	1.0	0.1	7.0	0.7	4.0	0.8	8.0	1.4	6.0	1.3	26.0	0.9	5	100.0
10/31/2006 02:15	1.0	0.1	7.0	0.7	6.0	0.6	9.0	1.9	5.0	1.1	28.0	0.9	5	100.0
10/31/2006 02:20	0.0	0.0	6.0	0.7	5.0	0.7	6.0	1.6	5.0	1.1	22.0	0.8	5	100.0
10/31/2006 02:25	1.0	0.1	5.0	0.6	5.0	0.5	7.0	1.9	2.0	0.3	20.0	0.7	5	100.0
10/31/2006 02:30	1.0	0.1	1.0	0.1	4.0	0.6	4.0	0.8	3.0	0.5	13.0	0.4	5	100.0
10/31/2006 02:35	1.0	0.1	4.0	0.4	4.0	0.6	3.0	1.0	4.0	0.6	16.0	0.5	5	100.0
10/31/2006 02:40	0.0	0.0	4.0	0.4	3.0	0.5	3.0	1.0	3.0	0.3	13.0	0.5	5	100.0
10/31/2006 02:45	1.0	0.1	3.0	0.3	6.0	1.0	6.0	2.0	6.0	1.6	22.0	1.0	5	100.0
10/31/2006 02:50	0.0	0.0	3.0	0.3	4.0	0.6	3.0	0.6	3.0	1.0	13.0	0.5	5	100.0
10/31/2006 02:55	1.0	0.1	3.0	0.4	2.0	0.3	4.0	0.9	3.0	0.4	13.0	0.4	5	100.0
10/31/2006 03:00	0.0	0.0	2.0	0.2	4.0	0.7	4.0	0.9	4.0	1.2	14.0	0.6	5	100.0
10/31/2006 03:05	1.0	0.1	2.0	0.2	2.0	0.2	3.0	1.0	2.0	0.2	10.0	0.3	5	100.0
10/31/2006 03:10	0.0	0.0	4.0	0.6	6.0	0.7	4.0	1.2	5.0	1.5	19.0	0.8	5	100.0
10/31/2006 03:15	0.0	0.0	2.0	0.2	3.0	0.5	5.0	1.4	3.0	0.5	13.0	0.5	5	100.0
10/31/2006 03:20	1.0	0.1	1.0	0.1	1.0	0.1	4.0	1.1	2.0	0.3	9.0	0.4	5	100.0
10/31/2006 03:25	1.0	0.1	2.0	0.2	2.0	0.3	5.0	0.7	2.0	0.9	12.0	0.4	5	100.0
10/31/2006 03:30	0.0	0.0	3.0	0.3	3.0	0.6	3.0	1.0	2.0	0.2	11.0	0.4	5	100.0
10/31/2006 03:35	0.0	0.0	4.0	0.4	4.0	0.5	6.0	1.6	3.0	0.7	17.0	0.6	5	100.0
10/31/2006 03:40	1.0	0.1	2.0	0.2	1.0	0.3	4.0	1.1	1.0	0.3	9.0	0.4	5	100.0
10/31/2006 03:45	0.0	0.0	2.0	0.2	5.0	0.5	6.0	1.9	2.0	0.4	15.0	0.6	5	100.0
10/31/2006 03:50	0.0	0.0	3.0	0.4	2.0	0.8	4.0	1.1	1.0	0.1	10.0	0.5	5	100.0
10/31/2006 03:55	0.0	0.0	4.0	0.5	4.0	1.1	5.0	1.6	4.0	1.2	17.0	0.9	5	100.0
10/31/2006 04:00	0.0	0.0	3.0	0.3	5.0	0.6	6.0	1.6	6.0	1.5	20.0	0.8	5	100.0
10/31/2006 04:05	0.0	0.0	5.0	0.5	6.0	1.5	6.0	1.9	5.0	0.8	22.0	0.9	5	100.0
10/31/2006 04:10	0.0	0.0	4.0	0.4	5.0	1.1	4.0	1.5	6.0	1.2	19.0	0.8	5	100.0
10/31/2006 04:15	0.0	0.0	2.0	0.3	5.0	0.6	4.0	1.1	5.0	1.0	16.0	0.6	5	100.0
10/31/2006 04:20	0.0	0.0	2.0	0.2	4.0	1.0	5.0	1.3	4.0	0.7	15.0	0.6	5	100.0
10/31/2006 04:25	0.0	0.0	4.0	0.4	6.0	0.9	6.0	1.9	6.0	1.5	22.0	0.9	5	100.0
10/31/2006 04:30	0.0	0.0	4.0	0.4	7.0	0.9	11.0	2.1	10.0	2.2	32.0	1.1	5	100.0
10/31/2006 04:35	1.0	0.1	5.0	0.6	6.0	1.5	8.0	2.5	8.0	1.5	28.0	1.3	5	100.0
10/31/2006 04:40	1.0	0.1	7.0	0.8	7.0	1.6	9.0	3.1	9.0	1.9	33.0	1.5	5	100.0
10/31/2006 04:45	0.0	0.0	6.0	0.7	7.0	1.7	11.0	2.7	9.0	1.7	33.0	1.4	5	100.0
10/31/2006 04:50	0.0	0.0	7.0	0.9	7.0	1.2	7.0	2.4	10.0	1.8	31.0	1.3	5	100.0
10/31/2006 04:55	0.0	0.0	8.0	0.8	9.0	1.8	5.0	2.2	8.0	1.9	30.0	1.4	5	100.0
10/31/2006 05:00	1.0	0.1	5.0	0.6	7.0	1.7	7.0	1.6	12.0	3.1	32.0	1.4	5	100.0
10/31/2006 05:05	0.0	0.0	6.0	0.7	13.0	2.2	11.0	3.1	9.0	2.1	39.0	1.6	5	100.0
10/31/2006 05:10	1.0	0.1	9.0	1.1	11.0	1.9	11.0	3.0	12.0	1.9	44.0	1.6	5	100.0
10/31/2006 05:15	2.0	0.2	11.0	1.4	13.0	2.3	11.0	3.1	11.0	2.0	48.0	1.8	5	100.0
10/31/2006 05:20	2.0	0.2	13.0	1.6	15.0	2.1	15.0	3.4	13.0	3.0	58.0	2.1	5	100.0
10/31/2006 05:25	1.0	0.1	15.0	1.9	20.0	3.5	16.0	3.0	10.0	2.4	62.0	2.2	5	100.0
10/31/2006 05:30	2.0	0.2	16.0	2.2	16.0	3.1	15.0	3.3	13.0	2.3	62.0	2.2	5	100.0
10/31/2006 05:35	1.0	0.1	11.0	1.4	20.0	2.6	15.0	2.9	16.0	3.5	63.0	2.1	5	100.0
10/31/2006 05:40	3.0	0.3	21.0	2.7	23.0	4.2	20.0	4.9	18.0	3.7	85.0	3.2	5	100.0
10/31/2006 05:45	1.0	0.1	21.0	2.7	20.0	3.7	20.0	4.7	20.0	3.4	82.0	2.9	5	100.0
10/31/2006 05:50	4.0	0.5	23.0	2.9	22.0	4.0	19.0	4.5	13.0	3.1	81.0	3.0	5	100.0
10/31/2006 05:55	1.0	0.1	25.0	3.1	23.0	3.4	26.0	5.1	19.0	3.2	94.0	3.0	5	100.0
10/31/2006 06:00	3.0	0.3	20.0	2.7	23.0	3.7	19.0	4.3	23.0	4.1	88.0	3.0	5	100.0
10/31/2006 06:05	1.0	0.1	27.0	3.2	24.0	4.3	25.0	5.3	19.0	3.5	96.0	3.3	5	100.0
10/31/2006 06:10	2.0	0.3	29.0	3.7	23.0	3.6	23.0	4.7	23.0	4.3	100.0	3.3	5	100.0
10/31/2006 06:15	3.0	0.4	30.0	3.8	28.0	4.5	24.0	4.7	20.0	4.3	105.0	3.5	5	100.0
10/31/2006 06:20	7.0	0.9	31.0	4.1	33.0	4.8	25.0	5.6	25.0	4.8	121.0	4.1	5	100.0
10/31/2006 06:25	3.0	0.5	36.0	4.8	35.0	5.3	33.0	6.5	22.0	4.5	129.0	4.3	5	100.0
10/31/2006 06:30	5.0	0.5	39.0	4.9	34.0	5.5	26.0	5.2	29.0	5.3	133.0	4.3	5	100.0
10/31/2006 06:35	6.0	0.7	40.0	5.4	35.0	5.6	31.0	6.7	30.0	5.8	142.0	4.8	5	100.0
10/31/2006 06:40	6.0	0.6	45.0	6.2	34.0	5.6	32.0	5.9	32.0	5.2	149.0	4.7	5	100.0
10/31/2006 06:45	5.0	0.7	47.0	6.1	35.0	6.1	36.0	6.2	31.0	5.1	154.0	4.8	5	100.0
10/31/2006 06:50	6.0	0.7	47.0	6.2	39.0	6.9	40.0	7.6	31.0	5.7	163.0	5.4	5	100.0
10/31/2006 06:55	5.0	0.8	44.0	5.8	42.0	6.3	33.0	6.3	38.0	5.9	162.0	5.0	5	100.0
10/31/2006 07:00	5.0	0.8	49.0	6.5	39.0	6.3	39.0	6.8	41.0	6.3	173.0	5.3	5	100.0
10/31/2006 07:05	6.0	0.9	45.0	6.3	42.0	6.5	39.0	6.3	34.0	5.7	166.0	5.1	5	100.0
10/31/2006 07:10	8.0	0.9	49.0	6.7	38.0	6.4	38.0	6.5	33.0	6.2	166.0	5.3	5	100.0
10/31/2006 07:15	5.0	0.7	55.0	7.4	37.0	5.9	43.0	7.9	39.0	7.9	179.0	6.0	5	100.0
10/31/2006 07:20	6.0	0.9	55.0	7.9	43.0	7.7	42.0	7.9	41.0	7.5	187.0	6.4	5	100.0
10/31/2006 07:25	8.0	1.3	54.0	7.5	46.0	7.1	44.0	7.8	41.0	7.2	193.0	6.2	5	100.0
10/31/2006 07:30	7.0	0.8	53.0	7.2	43.0	7.3	43.0	7.5	45.0	7.5	191.0	6.1	5	100.0
10/31/2006 07:35	8.0	1.1	51.0	7.1	37.0	6.3	37.0	6.6	47.0	8.3	180.0	5.9	5	100.0
10/31/2006 07:40	7.0	0.9	49.0	6.5	39.0	7.1	39.0	7.3	45.0	8.2	179.0	6.0	5	100.0
10/31/2006 07:45	10.0	1.3	58.0	8.1	44.0	7.5	41.0	7.4	47.0	7.9	200.0	6.5	5	100.0
10/31/2006 07:50	11.0	1.5	57.0	10.6	45.0	11.2	45.0	10.2	54.0	11.3	212.0	9.0	5	100.0
10/31/2006 07:55	13.0	1.9	57.0	9.1	44.0	8.8	41.0	8.8	51.0	10.7	206.0	7.9	5	100.0
10/31/2006 08:00	15.0	1.9	59.0	8.4	45.0	7.9	39.0	7.7	45.0	8.3	203.0	6.9	5	100.0
10/31/2006 08:05	7.0	0.9	55.0	7.7	49.0	7.9	41.0	8.2	49.0	9.3	201.0	6.8	5	100.0
10/31/2006 08:10	9.0	1.3	59.0	8.9	48.0	10.1	45.0	9.5	51.0	10.6	212.0	8.1	5	100.0
10/31/2006 08:15	11.0	1.7	63.0	9.7	49.0	9.3	47.0	10.5	56.0	11.1	226.0	8.5	5	100.0
10/31/2006 08:20	10.0	1.5	59.0	10.2	47.0	10.9	49.0	9.9	46.0	9.6	211.0	8.4	5	100.0
10/31/2006 08:25	11.0	1.5	55.0	8.4	47.0	9.8	43.0	9.4	52.0	11.1	208.0	8.0	5	100.0
10/31/2006 08:30	11.0	1.6	59.0	8.3	43.0	8.2	44.0	8.9	50.0	9.0	207.0	7.2	5	100.0
10/31/2006 08:35	8.0	1.0	59.0	8.9	43.0	9.2	53.0	10.9	56.0	10.6	219.0	8.1	5	100.0
10/31/2006 08:40	6.0	0.9	36.0	5.3	28.0	6.8	33.0	5.7	37.0	6.3	140.0	5.0	5	100.0
10/31/2006 08:45	5.0	0.7	43.0	7.1	36.0	7.0	35.0	6.8	44.0	8.4	163.0	6.0	5	100.0
10/31/2006 08:50	8.0	1.1	55.0	7.6	38.0	8.0	40.0	7.3	53.0	9.5	194.0	6.7	5	100.0
10/31/2006 08:55	9.0	1.3	59.0	8.5	45.0	8.5	48.0	9.0	61.0	12.1	222.0	7.9	5	100.0
10/31/2006 09:00	6.0	1.0	57.0	8.7	39.0	9.1	45.0	9.3	51.0	10.1	198.0	7.7	5	100.0
10/31/2006 09:05	4.0	0.6	34.0	4.7	24.0	5.3	29.0	5.7	25.0	4.9	116.0	4.3	5	100.0
10/31/2006 09:10	5.0	0.6	21.0	3.0	18.0	3.3	18.0	3.4	23.0	3.8	85.0	2.8	5	100.0
10/31/2006 09:15	8.0	1.1	51.0	7.5	37.0	7.3	38.0	8.4	46.0	8.9	180.0	6.6	5	100.0
10/31/2006 09:20	8.0	1.1	56.0	8.4	43.0	8.5	39.0	9.5	41.0	7.4	187.0	7.0	5	100.0
10/31/2006 09:25	5.0	0.6	47.0	6.8	40.0	8.1	45.0	7.9	47.0	8.8	184.0	6.4	5	100.0
10/31/2006 09:30	7.0	1.0	53.0	8.1	44.0	8.8	39.0	8.4	47.0	8.6	190.0	7.0	5	100.0
10/31/2006 09:35	11.0	1.5	52.0	7.1	38.0	7.7	41.0	7.9	47.0	8.2	189.0	6.5	5	100.0
10/31/2006 09:40	9.0	1.1	47.0	6.4	39.0	7.2	39.0	8.3	45.0	8.6	179.0	6.3	5	100.0
10/31/2006 09:45	6.0	0.9	51.0	7.0	37.0	6.4	41.0	7.8	42.0	8.4	177.0	6.1	5	100.0
10/31/2006 09:50	10.0	1.3	45.0	5.9	36.0	7.0	37.0	7.9	47.0	8.9	175.0	6.2	5	100.0
10/31/2006 09:55	15.0	2.0	54.0	7.7	41.0	7.2	37.0	8.1	45.0	7.9	192.0	6.6	5	100.0
10/31/2006 10:00	16.0	2.1	39.0	5.4	35.0	6.6	34.0	6.5	43.0	7.5	167.0	5.6	5	100.0
10/31/2006 10:05	21.0	2.7	35.0	5.2	34.0	7.3	35.0	7.3	41.0	7.8	166.0	6.1	5	100.0
10/31/2006 10:10	29.0	3.6	36.0	4.9	39.0	7.1	40.0	8.1	43.0	9.5	187.0	6.7	5	100.0
10/31/2006 10:15	23.0	2.9	35.0	4.7	31.0	5.7	39.0	8.1	43.0	7.5	171.0	5.8	5	100.0
10/31/2006 10:20	23.0	2.8	41.0	5.5	34.0	6.8	37.0	7.7	46.0	7.9	181.0	6.1	5	100.0
10/31/2006 10:25	14.0	1.7	34.0	4.4	30.0	5.2	37.0	7.5	37.0	6.4	152.0	5.1	5	100.0
10/31/2006 10:30	29.0	3.7	44.0	5.9	33.0	7.1	37.0	8.3	43.0	8.5	186.0	6.7	5	100.0
10/31/2006 10:35	25.0	3.1	37.0	5.2	33.0	5.0	31.0	6.7	40.0	8.1	166.0	5.6	5	100.0
10/31/2006 10:40	29.0	3.5	39.0	5.5	35.0	6.3	38.0	8.5	46.0	9.5	187.0	6.7	5	100.0
10/31/2006 10:45	26.0	3.3	41.0	5.5	33.0	6.7	39.0	8.9	51.0	9.7	190.0	6.8	5	100.0
10/31/2006 10:50	24.0	3.1	37.0	5.1	35.0	7.1	35.0	8.6	46.0	8.7	177.0	6.5	5	100.0
10/31/2006 10:55	27.0	3.5	42.0	5.5	39.0	7.5	41.0	7.9	47.0	8.9	196.0	6.6	5	100.0
10/31/2006 11:00	27.0	3.7	42.0	5.9	35.0	8.0	35.0	7.4	45.0	7.9	184.0	6.6	5	100.0
10/31/2006 11:05	28.0	3.7	40.0	5.7	30.0	7.5	39.0	8.3	37.0	7.3	174.0	6.5	5	100.0
10/31/2006 11:10	25.0	3.3	41.0	5.7	37.0	7.8	38.0	8.0	43.0	8.2	184.0	6.6	5	100.0
10/31/2006 11:15	21.0	2.5	35.0	4.9	38.0	7.4	39.0	7.4	36.0	6.7	169.0	5.8	5	100.0
10/31/2006 11:20	27.0	3.5	45.0	6.0	30.0	7.5	36.0	6.9	42.0	7.6	180.0	6.3	5	100.0
10/31/2006 11:25	29.0	3.7	36.0	4.9	37.0	6.7	37.0	8.0	45.0	8.7	184.0	6.4	5	100.0
10/31/2006 11:30	27.0	3.5	37.0	5.5	31.0	6.6	40.0	7.7	41.0	8.3	176.0	6.3	5	100.0
10/31/2006 11:35	18.0	2.3	23.0	3.5	21.0	4.8	21.0	4.7	21.0	3.9	104.0	3.8	5	100.0
10/31/2006 11:40	26.0	3.4	39.0	5.6	35.0	7.2	37.0	8.4	43.0	7.5	180.0	6.4	5	100.0
10/31/2006 11:45	26.0	3.4	42.0	5.7	31.0	6.9	38.0	8.7	41.0	8.0	178.0	6.5	5	100.0
10/31/2006 11:50	25.0	3.4	38.0	5.1	40.0	7.5	43.0	8.5	46.0	8.9	192.0	6.7	5	100.0
10/31/2006 11:55	29.0	3.7	43.0	5.9	37.0	7.5	35.0	8.2	45.0	8.3	189.0	6.7	5	100.0
10/31/2006 12:00	23.0	3.0	39.0	5.7	35.0	7.5	34.0	6.9	50.0	9.5	181.0	6.5	5	100.0
10/31/2006 12:05	31.0	4.1	43.0	5.9	38.0	6.9	39.0	8.4	45.0	8.2	196.0	6.7	5	100.0
10/31/2006 12:10	27.0	3.5	39.0	5.4	41.0	8.4	43.0	8.3	51.0	8.9	201.0	6.9	5	100.0
10/31/2006 12:15	31.0	4.1	43.0	5.9	37.0	7.0	39.0	7.9	50.0	8.7	200.0	6.7	5	100.0
10/31/2006 12:20	34.0	4.5	49.0	6.9	39.0	8.7	45.0	9.1	48.0	10.1	215.0	7.9	5	100.0
10/31/2006 12:25	35.0	4.5	39.0	5.3	37.0	6.7	39.0	8.0	45.0	8.9	195.0	6.7	5	100.0
10/31/2006 12:30	35.0	4.5	41.0	5.8	39.0	6.9	39.0	8.2	47.0	8.1	201.0	6.7	5	100.0
10/31/2006 12:35	33.0	4.5	41.0	5.7	39.0	7.1	39.0	8.0	47.0	9.3	199.0	6.9	5	100.0
10/31/2006 12:40	31.0	3.9	42.0	5.9	37.0	7.1	39.0	7.3	50.0	9.0	199.0	6.6	5	100.0
10/31/2006 12:45	27.0	3.5	37.0	5.1	37.0	7.2	41.0	7.6	46.0	8.3	188.0	6.4	5	100.0
10/31/2006 12:50	45.0	5.9	47.0	6.7	39.0	7.5	39.0	8.5	45.0	8.4	215.0	7.4	5	100.0
10/31/2006 12:55	33.0	4.1	38.0	5.3	41.0	8.2	38.0	8.0	41.0	7.1	191.0	6.5	5	100.0
10/31/2006 13:00	42.0	5.8	47.0	6.8	38.0	7.6	33.0	5.8	41.0	8.1	201.0	6.8	5	100.0
10/31/2006 13:05	29.0	3.6	36.0	4.9	36.0	6.4	39.0	6.9	40.0	7.4	180.0	5.8	5	100.0
10/31/2006 13:10	33.0	4.3	43.0	6.0	41.0	7.6	40.0	8.5	36.0	6.8	193.0	6.6	5	100.0
10/31/2006 13:15	37.0	5.0	45.0	6.4	37.0	7.5	40.0	7.9	49.0	8.6	208.0	7.1	5	100.0
10/31/2006 13:20	33.0	4.3	45.0	6.3	39.0	7.4	41.0	7.6	47.0	8.5	205.0	6.8	5	100.0
10/31/2006 13:25	39.0	5.1	43.0	5.9	38.0	7.5	41.0	8.3	45.0	8.5	206.0	7.1	5	100.0
10/31/2006 13:30	34.0	4.7	47.0	6.7	41.0	8.7	43.0	8.4	41.0	8.8	206.0	7.5	5	100.0
10/31/2006 13:35	41.0	5.8	43.0	6.4	40.0	7.6	38.0	8.1	48.0	8.9	210.0	7.4	5	100.0
10/31/2006 13:40	37.0	4.9	46.0	6.3	38.0	7.1	40.0	8.2	41.0	7.5	202.0	6.8	5	100.0
10/31/2006 13:45	33.0	4.4	39.0	5.3	37.0	6.8	43.0	7.7	41.0	7.3	193.0	6.3	5	100.0
10/31/2006 13:50	44.0	6.0	47.0	6.9	41.0	7.1	43.0	8.5	45.0	9.0	220.0	7.5	5	100.0
10/31/2006 13:55	37.0	4.7	39.0	5.5	36.0	6.5	41.0	7.7	40.0	7.2	193.0	6.3	5	100.0
10/31/2006 14:00	43.0	5.8	50.0	7.0	43.0	7.9	45.0	9.0	41.0	7.4	222.0	7.4	5	100.0
10/31/2006 14:05	53.0	7.4	51.0	7.7	43.0	8.8	45.0	8.8	47.0	8.5	239.0	8.2	5	100.0
10/31/2006 14:10	54.0	10.3	51.0	10.7	42.0	10.5	46.0	9.8	48.0	9.5	241.0	10.2	5	100.0
10/31/2006 14:15	44.0	6.3	51.0	7.6	44.0	7.7	47.0	9.1	41.0	8.0	227.0	7.8	5	100.0
10/31/2006 14:20	42.0	5.8	47.0	6.8	42.0	7.3	41.0	8.3	43.0	7.7	215.0	7.2	5	100.0
10/31/2006 14:25	33.0	4.5	38.0	5.5	32.0	5.7	35.0	6.1	35.0	6.1	173.0	5.6	5	100.0
10/31/2006 14:30	44.0	5.9	42.0	5.9	36.0	6.7	38.0	7.0	34.0	6.4	194.0	6.4	5	100.0
10/31/2006 14:35	45.0	6.2	46.0	6.5	42.0	7.5	38.0	6.2	40.0	7.2	211.0	6.7	5	100.0
10/31/2006 14:40	56.0	7.9	53.0	8.1	45.0	8.6	41.0	8.1	41.0	7.3	236.0	8.0	5	100.0
10/31/2006 14:45	48.0	6.5	51.0	7.5	43.0	8.5	44.0	8.3	45.0	8.0	231.0	7.8	5	100.0
10/31/2006 14:50	53.0	7.6	56.0	8.3	47.0	8.7	44.0	8.0	45.0	8.7	245.0	8.3	5	100.0
10/31/2006 14:55	48.0	7.0	64.0	9.9	43.0	9.3	52.0	9.5	45.0	8.5	252.0	8.8	5	100.0
10/31/2006 15:00	35.0	5.2	69.0	10.7	53.0	10.3	53.0	10.3	52.0	9.5	262.0	9.2	5	100.0
10/31/2006 15:05	29.0	5.0	48.0	16.3	44.0	15.6	47.0	13.7	47.0	13.4	215.0	12.8	5	100.0
10/31/2006 15:10	27.0	5.3	45.0	13.1	39.0	12.7	42.0	12.3	42.0	12.2	195.0	11.1	5	100.0
10/31/2006 15:15	34.0	5.5	54.0	11.1	47.0	11.3	45.0	10.7	40.0	9.3	220.0	9.6	5	100.0
10/31/2006 15:20	28.0	4.7	48.0	9.4	45.0	9.5	43.0	9.0	42.0	8.9	206.0	8.3	5	100.0
10/31/2006 15:25	39.0	6.7	52.0	11.7	45.0	12.6	45.0	11.8	41.0	10.1	222.0	10.6	5	100.0
10/31/2006 15:30	38.0	6.9	49.0	11.3	42.0	12.2	47.0	13.3	44.0	11.5	220.0	11.0	5	100.0
10/31/2006 15:35	37.0	6.4	59.0	12.1	50.0	11.9	45.0	11.2	45.0	10.5	236.0	10.4	5	100.0
10/31/2006 15:40	36.0	6.4	55.0	10.9	47.0	11.5	49.0	11.2	44.0	9.9	231.0	10.0	5	100.0
10/31/2006 15:45	45.0	8.3	54.0	10.3	49.0	10.9	51.0	11.4	47.0	10.9	246.0	10.4	5	100.0
10/31/2006 15:50	41.0	8.9	52.0	14.2	46.0	14.4	47.0	12.5	42.0	11.6	228.0	12.3	5	100.0
10/31/2006 15:55	45.0	9.9	47.0	14.2	41.0	12.8	47.0	13.9	44.0	12.7	224.0	12.7	5	100.0
10/31/2006 16:00	42.0	9.0	51.0	15.9	43.0	17.7	47.0	15.4	47.0	14.3	230.0	14.5	5	100.0
10/31/2006 16:05	45.0	8.9	49.0	14.0	43.0	13.5	47.0	12.7	47.0	11.5	231.0	12.1	5	100.0
10/31/2006 16:10	43.0	10.3	44.0	15.3	40.0	17.5	43.0	11.9	47.0	12.4	217.0	13.5	5	100.0
10/31/2006 16:15	43.0	11.4	45.0	18.1	40.0	17.6	41.0	13.5	41.0	12.5	210.0	14.6	5	100.0
10/31/2006 16:20	41.0	12.5	43.0	16.6	41.0	17.5	41.0	14.0	45.0	15.3	211.0	15.2	5	100.0
10/31/2006 16:25	45.0	11.1	45.0	16.2	43.0	16.8	46.0	16.8	48.0	14.1	227.0	15.0	5	100.0
10/31/2006 16:30	46.0	10.0	50.0	12.3	40.0	13.0	47.0	13.0	45.0	11.9	228.0	12.0	5	100.0
10/31/2006 16:35	44.0	9.3	45.0	14.2	41.0	15.7	45.0	14.3	46.0	13.1	221.0	13.3	5	100.0
10/31/2006 16:40	47.0	13.0	47.0	15.8	39.0	14.9	44.0	13.8	45.0	11.2	222.0	13.8	5	100.0
10/31/2006 16:45	48.0	13.2	47.0	16.7	41.0	15.6	48.0	13.5	44.0	12.9	228.0	14.4	5	100.0
10/31/2006 16:50	44.0	10.0	48.0	13.5	45.0	15.3	48.0	12.8	47.0	13.1	232.0	13.0	5	100.0
10/31/2006 16:55	43.0	11.7	45.0	17.3	41.0	16.4	45.0	14.1	45.0	14.6	219.0	14.8	5	100.0
10/31/2006 17:00	45.0	11.5	44.0	20.8	41.0	20.2	44.0	15.4	45.0	13.5	219.0	16.3	5	100.0
10/31/2006 17:05	45.0	13.0	45.0	16.5	38.0	18.8	45.0	17.5	44.0	17.4	217.0	16.7	5	100.0
10/31/2006 17:10	48.0	10.5	49.0	15.1	43.0	15.9	47.0	14.0	47.0	14.1	234.0	13.9	5	100.0
10/31/2006 17:15	47.0	14.6	41.0	18.6	37.0	18.1	45.0	17.7	45.0	15.7	215.0	17.0	5	100.0
10/31/2006 17:20	41.0	13.6	38.0	20.5	33.0	23.7	38.0	19.3	42.0	15.5	192.0	18.5	5	100.0
10/31/2006 17:25	44.0	16.7	41.0	19.7	36.0	17.5	43.0	16.9	44.0	17.1	208.0	17.6	5	100.0
10/31/2006 17:30	37.0	14.7	34.0	22.0	33.0	21.1	39.0	21.5	40.0	18.9	183.0	19.6	5	100.0
10/31/2006 17:35	39.0	12.7	39.0	20.7	35.0	21.1	38.0	19.4	43.0	16.5	194.0	18.1	5	100.0
10/31/2006 17:40	37.0	15.7	37.0	20.7	29.0	25.3	33.0	22.7	38.0	16.7	174.0	20.2	5	100.0
10/31/2006 17:45	40.0	16.5	39.0	19.6	35.0	20.5	40.0	16.3	44.0	16.8	198.0	18.0	5	100.0
10/31/2006 17:50	39.0	15.7	39.0	20.4	35.0	23.3	38.0	18.3	41.0	16.3	192.0	18.8	5	100.0
10/31/2006 17:55	39.0	19.3	37.0	21.0	32.0	22.9	36.0	20.8	37.0	15.6	181.0	19.9	5	100.0
10/31/2006 18:00	45.0	16.3	44.0	16.5	40.0	17.1	41.0	15.3	43.0	15.5	213.0	16.2	5	100.0
10/31/2006 18:05	43.0	19.2	41.0	20.0	35.0	19.5	43.0	17.4	44.0	18.5	206.0	18.9	5	100.0
10/31/2006 18:10	41.0	13.9	38.0	20.7	35.0	23.4	38.0	17.2	43.0	20.5	195.0	19.2	5	100.0
10/31/2006 18:15	37.0	17.0	37.0	21.4	33.0	22.6	38.0	21.1	35.0	17.7	180.0	20.0	5	100.0
10/31/2006 18:20	35.0	18.6	33.0	22.3	31.0	25.2	33.0	21.9	33.0	18.5	165.0	21.3	5	100.0
10/31/2006 18:25	40.0	15.5	35.0	25.4	34.0	22.5	32.0	17.7	36.0	15.7	177.0	19.4	5	100.0
10/31/2006 18:30	35.0	19.3	35.0	20.2	33.0	21.6	36.0	19.7	37.0	15.1	176.0	19.2	5	100.0
10/31/2006 18:35	35.0	18.9	34.0	21.0	35.0	21.4	37.0	18.2	37.0	14.3	178.0	18.8	5	100.0
10/31/2006 18:40	39.0	16.8	37.0	19.6	32.0	20.7	40.0	16.9	37.0	12.5	185.0	17.3	5	100.0
10/31/2006 18:45	36.0	18.1	33.0	21.1	32.0	19.7	36.0	18.9	39.0	15.2	176.0	18.6	5	100.0
10/31/2006 18:50	42.0	16.1	43.0	19.0	33.0	16.9	35.0	17.3	39.0	15.6	192.0	17.0	5	100.0
10/31/2006 18:55	39.0	17.7	38.0	19.3	34.0	20.5	37.0	16.1	41.0	17.3	189.0	18.2	5	100.0
10/31/2006 19:00	38.0	18.2	41.0	18.6	37.0	18.5	39.0	18.2	37.0	16.0	192.0	17.9	5	100.0
10/31/2006 19:05	44.0	15.7	40.0	14.6	40.0	17.1	39.0	14.8	38.0	14.1	201.0	15.2	5	100.0
10/31/2006 19:10	50.0	14.6	49.0	13.9	43.0	13.3	43.0	13.5	43.0	13.4	228.0	13.7	5	100.0
10/31/2006 19:15	38.0	6.2	43.0	7.3	39.0	8.0	41.0	8.3	42.0	9.0	203.0	7.8	5	100.0
10/31/2006 19:20	18.0	2.2	26.0	3.7	33.0	4.6	29.0	5.0	34.0	5.7	140.0	4.2	5	100.0
10/31/2006 19:25	12.0	1.5	12.0	1.5	13.0	1.7	16.0	2.3	13.0	1.8	66.0	1.8	5	100.0
10/31/2006 19:30	61.0	11.4	53.0	10.4	53.0	12.1	52.0	10.9	51.0	10.2	270.0	11.0	5	100.0
10/31/2006 19:35	44.0	10.1	45.0	9.5	45.0	9.5	43.0	10.0	44.0	10.6	221.0	10.0	5	100.0
10/31/2006 19:40	33.0	4.5	32.0	4.3	33.0	5.2	34.0	5.5	31.0	5.3	163.0	5.0	5	100.0
10/31/2006 19:45	21.0	2.5	27.0	3.5	32.0	4.3	29.0	4.5	32.0	5.5	141.0	4.1	5	100.0
10/31/2006 19:50	21.0	2.7	27.0	3.6	33.0	4.7	29.0	5.1	29.0	5.1	139.0	4.2	5	100.0
10/31/2006 19:55	18.0	2.2	26.0	3.4	29.0	4.1	32.0	4.8	29.0	5.1	134.0	3.9	5	100.0
10/31/2006 20:00	22.0	2.6	25.0	3.1	25.0	3.7	32.0	4.7	29.0	4.5	133.0	3.7	5	100.0
10/31/2006 20:05	21.0	2.5	26.0	3.5	29.0	4.2	29.0	4.5	24.0	3.5	129.0	3.6	5	100.0
10/31/2006 20:10	20.0	2.6	27.0	3.5	33.0	4.7	31.0	4.9	24.0	4.1	135.0	4.0	5	100.0
10/31/2006 20:15	23.0	2.9	29.0	3.7	28.0	4.1	29.0	4.6	33.0	5.3	142.0	4.1	5	100.0
10/31/2006 20:20	23.0	2.9	24.0	3.3	28.0	4.5	29.0	4.5	27.0	3.9	131.0	3.8	5	100.0
10/31/2006 20:25	25.0	3.1	35.0	4.7	26.0	4.4	31.0	5.3	25.0	4.1	142.0	4.3	5	100.0
10/31/2006 20:30	21.0	2.7	31.0	3.9	29.0	4.6	30.0	5.0	23.0	4.4	134.0	4.1	5	100.0
10/31/2006 20:35	19.0	2.6	23.0	3.0	27.0	4.1	29.0	4.4	28.0	4.3	126.0	3.7	5	100.0
10/31/2006 20:40	7.0	0.9	13.0	1.7	13.0	1.9	14.0	1.9	15.0	2.5	62.0	1.8	5	100.0
10/31/2006 20:45	17.0	2.1	28.0	3.7	25.0	3.9	27.0	4.3	24.0	4.0	121.0	3.6	5	100.0
10/31/2006 20:50	20.0	2.6	28.0	3.7	27.0	4.2	30.0	4.5	31.0	4.9	136.0	4.0	5	100.0
10/31/2006 20:55	23.0	2.9	27.0	3.4	27.0	3.7	27.0	3.9	27.0	4.0	131.0	3.6	5	100.0
10/31/2006 21:00	6.0	0.7	20.0	2.4	16.0	3.1	11.0	2.3	20.0	3.1	73.0	2.3	5	100.0
10/31/2006 21:05	13.0	1.3	13.0	2.0	23.0	3.0	23.0	3.7	23.0	3.7	95.0	2.7	5	100.0
10/31/2006 21:10	20.0	2.5	25.0	3.0	25.0	3.0	20.0	4.0	20.0	3.5	110.0	3.2	5	100.0
10/31/2006 21:15	0.0	0.0	0.0	0.0	0.0	0.0	0.0	0.0	0.0	0.0	0.0	0.0	5	100.0
10/31/2006 21:20	15.0	2.0	30.0	4.0	25.0	3.5	20.0	2.5	20.0	3.0	110.0	3.0	5	100.0
10/31/2006 21:25	0.0	0.0	20.0	2.5	30.0	4.0	20.0	2.5	15.0	2.0	85.0	2.2	5	100.0
10/31/2006 21:30	23.0	3.0	27.0	3.7	27.0	3.7	23.0	3.7	27.0	4.7	127.0	3.7	5	100.0
10/31/2006 21:35	20.0	3.0	35.0	4.5	25.0	3.0	45.0	8.0	35.0	5.5	160.0	4.8	5	100.0
10/31/2006 21:40	0.0	0.0	0.0	0.0	0.0	0.0	0.0	0.0	0.0	0.0	0.0	0.0	5	100.0
10/31/2006 21:45	25.0	4.0	20.0	2.5	20.0	4.5	15.0	2.0	15.0	1.5	95.0	2.9	5	100.0
10/31/2006 21:50	15.0	1.5	15.0	2.0	20.0	3.0	10.0	2.0	25.0	4.0	85.0	2.5	5	100.0
10/31/2006 21:55	10.0	1.5	15.0	2.0	15.0	2.0	20.0	4.0	20.0	3.0	80.0	2.5	5	100.0
10/31/2006 22:00	20.0	2.5	25.0	3.5	20.0	2.5	20.0	2.5	15.0	2.0	100.0	2.6	5	100.0
10/31/2006 22:05	28.0	3.3	25.0	2.8	28.0	4.7	23.0	4.3	22.0	3.8	126.0	3.8	5	100.0
10/31/2006 22:10	10.0	1.0	30.0	3.7	23.0	3.3	23.0	4.0	20.0	2.7	106.0	2.9	5	100.0
10/31/2006 22:15	21.0	2.5	26.0	3.6	27.0	4.3	23.0	3.5	25.0	3.9	122.0	3.6	5	100.0
10/31/2006 22:20	15.0	1.7	26.0	3.3	25.0	3.6	22.0	3.5	21.0	3.7	109.0	3.2	5	100.0
10/31/2006 22:25	16.0	2.0	21.0	2.8	22.0	3.5	23.0	3.9	23.0	3.5	105.0	3.2	5	100.0
10/31/2006 22:30	16.0	2.0	21.0	2.7	23.0	3.3	22.0	3.1	19.0	3.2	101.0	2.9	5	100.0
10/31/2006 22:35	15.0	2.0	22.0	2.9	22.0	3.4	21.0	3.9	19.0	2.8	99.0	3.0	5	100.0
10/31/2006 22:40	13.0	1.4	19.0	2.4	19.0	2.9	22.0	3.5	21.0	3.5	94.0	2.8	5	100.0
10/31/2006 22:45	11.0	1.3	20.0	2.6	19.0	2.9	19.0	3.3	16.0	2.7	85.0	2.6	5	100.0
10/31/2006 22:50	12.0	1.6	22.0	2.9	19.0	2.8	18.0	3.0	14.0	2.8	85.0	2.6	5	100.0
10/31/2006 22:55	15.0	1.9	21.0	2.8	21.0	3.1	17.0	3.4	15.0	2.5	89.0	2.7	5	100.0
10/31/2006 23:00	8.0	0.9	19.0	2.4	13.0	2.1	15.0	2.7	15.0	2.5	70.0	2.1	5	100.0
10/31/2006 23:05	6.0	0.7	9.0	1.1	15.0	2.1	11.0	1.7	10.0	1.8	51.0	1.5	5	100.0
10/31/2006 23:10	8.0	0.9	15.0	2.0	16.0	2.3	15.0	2.2	13.0	2.4	67.0	2.0	5	100.0
10/31/2006 23:15	15.0	1.9	21.0	2.7	23.0	3.5	21.0	3.6	17.0	3.0	97.0	3.0	5	100.0
10/31/2006 23:20	12.0	1.5	21.0	2.7	16.0	2.4	13.0	2.2	14.0	2.5	76.0	2.3	5	100.0
10/31/2006 23:25	8.0	0.9	15.0	1.7	18.0	2.4	15.0	1.9	15.0	2.7	71.0	1.9	5	100.0
10/31/2006 23:30	11.0	1.1	20.0	2.6	17.0	2.6	15.0	2.9	15.0	2.9	78.0	2.4	5	100.0
10/31/2006 23:35	9.0	1.0	16.0	2.2	16.0	2.3	17.0	3.9	14.0	2.2	72.0	2.3	5	100.0
10/31/2006 23:40	8.0	1.0	21.0	2.5	17.0	2.4	17.0	3.3	13.0	2.3	76.0	2.3	5	100.0
10/31/2006 23:45	10.0	1.1	19.0	2.1	19.0	2.7	17.0	2.9	17.0	2.4	82.0	2.3	5	100.0
10/31/2006 23:50	9.0	1.2	17.0	2.1	17.0	2.7	17.0	3.1	13.0	3.1	73.0	2.4	5	100.0
10/31/2006 23:55	8.0	0.9	14.0	1.7	17.0	2.6	14.0	1.7	11.0	1.6	64.0	1.7	5	100.0
