5 Minutes	Lane 1 Flow (Veh/5 Minutes)	Lane 1 Occ (%)	Lane 2 Flow (Veh/5 Minutes)	Lane 2 Occ (%)	Lane 3 Flow (Veh/5 Minutes)	Lane 3 Occ (%)	Lane 4 Flow (Veh/5 Minutes)	Lane 4 Occ (%)	Lane 5 Flow (Veh/5 Minutes)	Lane 5 Occ (%)	Flow (Veh/5 Minutes)	Occupancy (%)	# Lane Points	% Observed
11/29/2006 00:00	7.0	0.9	11.0	1.4	11.0	1.3	11.0	1.3	10.0	1.6	50.0	1.3	5	100.0
11/29/2006 00:05	5.0	0.6	11.0	1.1	10.0	1.3	5.0	1.1	4.0	1.0	35.0	1.0	5	100.0
11/29/2006 00:10	7.0	0.7	15.0	1.9	15.0	1.7	12.0	2.3	7.0	1.3	56.0	1.6	5	100.0
11/29/2006 00:15	5.0	0.5	11.0	1.3	11.0	1.6	11.0	2.2	7.0	1.1	45.0	1.4	5	100.0
11/29/2006 00:20	8.0	0.8	13.0	1.7	11.0	2.0	9.0	1.7	10.0	1.7	51.0	1.6	5	100.0
11/29/2006 00:25	5.0	0.5	14.0	1.7	10.0	1.5	14.0	2.2	9.0	1.5	52.0	1.5	5	100.0
11/29/2006 00:30	5.0	0.6	15.0	1.9	13.0	2.0	11.0	1.9	8.0	1.3	52.0	1.6	5	100.0
11/29/2006 00:35	5.0	0.5	13.0	1.4	11.0	1.5	9.0	1.9	6.0	0.7	44.0	1.2	5	100.0
11/29/2006 00:40	5.0	0.5	11.0	1.5	12.0	1.6	9.0	1.7	9.0	1.9	46.0	1.4	5	100.0
11/29/2006 00:45	1.0	0.1	6.0	0.7	5.0	0.5	7.0	1.9	6.0	1.2	25.0	0.9	5	100.0
11/29/2006 00:50	3.0	0.3	7.0	0.9	6.0	1.1	8.0	1.0	6.0	1.2	30.0	0.9	5	100.0
11/29/2006 00:55	5.0	0.5	14.0	1.8	11.0	1.7	7.0	1.9	6.0	1.3	43.0	1.5	5	100.0
11/29/2006 01:00	3.0	0.3	7.0	0.9	10.0	1.2	7.0	1.1	8.0	1.2	35.0	0.9	5	100.0
11/29/2006 01:05	3.0	0.3	9.0	1.0	9.0	1.5	9.0	1.6	8.0	1.2	38.0	1.1	5	100.0
11/29/2006 01:10	3.0	0.3	8.0	1.0	9.0	1.6	11.0	2.7	6.0	1.5	37.0	1.4	5	100.0
11/29/2006 01:15	3.0	0.3	6.0	0.7	5.0	0.6	9.0	1.5	5.0	0.9	28.0	0.8	5	100.0
11/29/2006 01:20	1.0	0.1	6.0	0.6	7.0	1.1	7.0	1.5	5.0	1.3	26.0	0.9	5	100.0
11/29/2006 01:25	1.0	0.1	5.0	0.5	8.0	1.3	7.0	1.6	3.0	1.0	24.0	0.9	5	100.0
11/29/2006 01:30	1.0	0.1	7.0	0.9	7.0	1.2	5.0	1.4	5.0	0.9	25.0	0.9	5	100.0
11/29/2006 01:35	1.0	0.1	7.0	0.7	7.0	1.2	11.0	2.1	4.0	0.7	30.0	0.9	5	100.0
11/29/2006 01:40	2.0	0.2	7.0	0.7	7.0	1.0	7.0	1.5	5.0	1.3	28.0	1.0	5	100.0
11/29/2006 01:45	1.0	0.1	3.0	0.4	6.0	0.8	4.0	1.0	5.0	0.9	19.0	0.6	5	100.0
11/29/2006 01:50	1.0	0.1	5.0	0.5	3.0	0.4	7.0	1.4	5.0	1.3	21.0	0.7	5	100.0
11/29/2006 01:55	2.0	0.2	8.0	0.8	5.0	0.7	7.0	1.9	4.0	0.5	26.0	0.8	5	100.0
11/29/2006 02:00	1.0	0.1	6.0	0.8	5.0	0.9	3.0	0.7	3.0	0.9	18.0	0.7	5	100.0
11/29/2006 02:05	1.0	0.1	4.0	0.5	5.0	0.9	5.0	1.0	8.0	1.7	23.0	0.8	5	100.0
11/29/2006 02:10	0.0	0.0	6.0	0.8	8.0	1.1	5.0	1.4	5.0	1.2	24.0	0.9	5	100.0
11/29/2006 02:15	1.0	0.1	3.0	0.3	3.0	0.4	5.0	1.0	3.0	0.4	15.0	0.4	5	100.0
11/29/2006 02:20	1.0	0.1	4.0	0.5	7.0	1.2	5.0	0.9	4.0	0.8	21.0	0.7	5	100.0
11/29/2006 02:25	1.0	0.1	5.0	0.5	5.0	0.9	7.0	1.5	3.0	0.5	21.0	0.7	5	100.0
11/29/2006 02:30	1.0	0.1	9.0	1.1	3.0	0.7	5.0	1.3	5.0	0.8	23.0	0.8	5	100.0
11/29/2006 02:35	1.0	0.1	4.0	0.4	6.0	1.0	3.0	0.9	5.0	1.1	19.0	0.7	5	100.0
11/29/2006 02:40	1.0	0.1	3.0	0.3	6.0	1.0	4.0	0.7	4.0	0.7	18.0	0.6	5	100.0
11/29/2006 02:45	0.0	0.0	5.0	0.5	3.0	0.3	3.0	0.7	4.0	1.2	15.0	0.5	5	100.0
11/29/2006 02:50	2.0	0.2	5.0	0.5	2.0	0.5	4.0	0.7	3.0	0.7	16.0	0.5	5	100.0
11/29/2006 02:55	0.0	0.0	3.0	0.3	5.0	1.1	5.0	1.2	4.0	1.3	17.0	0.8	5	100.0
11/29/2006 03:00	1.0	0.1	1.0	0.1	1.0	0.5	4.0	1.2	4.0	0.5	11.0	0.5	5	100.0
11/29/2006 03:05	0.0	0.0	3.0	0.3	4.0	1.0	4.0	1.1	2.0	0.5	13.0	0.6	5	100.0
11/29/2006 03:10	0.0	0.0	1.0	0.1	2.0	0.2	4.0	1.0	3.0	0.4	10.0	0.3	5	100.0
11/29/2006 03:15	0.0	0.0	3.0	0.3	3.0	0.4	3.0	0.9	4.0	0.7	13.0	0.4	5	100.0
11/29/2006 03:20	0.0	0.0	5.0	0.5	5.0	0.8	3.0	0.6	1.0	0.1	14.0	0.4	5	100.0
11/29/2006 03:25	1.0	0.1	1.0	0.1	2.0	0.5	3.0	1.0	0.0	0.0	7.0	0.4	5	100.0
11/29/2006 03:30	0.0	0.0	0.0	0.0	0.0	0.0	0.0	0.0	0.0	0.0	0.0	0.0	5	100.0
11/29/2006 03:35	0.0	0.0	0.0	0.0	0.0	0.0	0.0	0.0	0.0	0.0	0.0	0.0	5	100.0
11/29/2006 03:40	0.0	0.0	0.0	0.0	0.0	0.0	0.0	0.0	0.0	0.0	0.0	0.0	5	100.0
11/29/2006 03:45	0.0	0.0	0.0	0.0	0.0	0.0	0.0	0.0	0.0	0.0	0.0	0.0	5	100.0
11/29/2006 03:50	0.0	0.0	0.0	0.0	0.0	0.0	0.0	0.0	0.0	0.0	0.0	0.0	5	100.0
11/29/2006 03:55	0.0	0.0	0.0	0.0	0.0	0.0	0.0	0.0	0.0	0.0	0.0	0.0	5	100.0
11/29/2006 04:00	0.0	0.0	1.0	0.1	5.0	0.8	6.0	1.8	3.0	0.6	15.0	0.6	5	100.0
11/29/2006 04:05	0.0	0.0	3.0	0.3	4.0	0.6	5.0	1.3	5.0	1.3	17.0	0.7	5	100.0
11/29/2006 04:10	1.0	0.1	5.0	0.6	4.0	0.8	5.0	1.2	2.0	0.2	17.0	0.6	5	100.0
11/29/2006 04:15	0.0	0.0	4.0	0.5	3.0	0.5	5.0	2.2	4.0	0.6	16.0	0.7	5	100.0
11/29/2006 04:20	0.0	0.0	3.0	0.5	9.0	1.6	5.0	1.6	9.0	1.4	26.0	1.0	5	100.0
11/29/2006 04:25	0.0	0.0	3.0	0.6	5.0	1.1	7.0	2.4	5.0	1.3	20.0	1.1	5	100.0
11/29/2006 04:30	0.0	0.0	2.0	0.2	3.0	0.8	4.0	1.4	5.0	1.6	14.0	0.8	5	100.0
11/29/2006 04:35	1.0	0.1	4.0	0.4	6.0	1.1	4.0	0.9	6.0	1.1	21.0	0.7	5	100.0
11/29/2006 04:40	1.0	0.1	5.0	0.7	9.0	2.4	8.0	2.2	9.0	1.5	32.0	1.4	5	100.0
11/29/2006 04:45	1.0	0.1	5.0	0.6	7.0	1.8	11.0	2.9	7.0	1.2	31.0	1.3	5	100.0
11/29/2006 04:50	1.0	0.1	8.0	0.9	9.0	1.9	9.0	2.3	11.0	2.6	38.0	1.6	5	100.0
11/29/2006 04:55	1.0	0.1	7.0	0.9	9.0	1.9	9.0	3.2	8.0	1.3	34.0	1.5	5	100.0
11/29/2006 05:00	0.0	0.0	5.0	0.5	9.0	1.9	9.0	3.6	11.0	2.9	34.0	1.8	5	100.0
11/29/2006 05:05	1.0	0.1	5.0	0.6	10.0	2.1	9.0	2.2	9.0	1.3	34.0	1.3	5	100.0
11/29/2006 05:10	0.0	0.0	6.0	0.7	11.0	1.8	12.0	2.5	7.0	2.1	36.0	1.4	5	100.0
11/29/2006 05:15	0.0	0.0	7.0	0.9	11.0	2.0	14.0	3.0	9.0	2.2	41.0	1.6	5	100.0
11/29/2006 05:20	0.0	0.0	13.0	1.3	12.0	2.0	13.0	2.7	11.0	2.2	49.0	1.6	5	100.0
11/29/2006 05:25	0.0	0.0	15.0	1.8	16.0	2.5	13.0	3.1	12.0	2.9	56.0	2.1	5	100.0
11/29/2006 05:30	3.0	0.3	16.0	2.1	16.0	2.9	16.0	3.4	13.0	2.3	64.0	2.2	5	100.0
11/29/2006 05:35	2.0	0.2	18.0	2.3	18.0	3.1	16.0	3.9	16.0	3.2	70.0	2.6	5	100.0
11/29/2006 05:40	1.0	0.1	21.0	2.7	19.0	3.0	20.0	4.4	13.0	2.3	74.0	2.5	5	100.0
11/29/2006 05:45	2.0	0.2	22.0	2.8	22.0	3.8	21.0	4.7	21.0	4.2	88.0	3.2	5	100.0
11/29/2006 05:50	4.0	0.4	29.0	3.5	24.0	4.5	21.0	4.7	23.0	4.1	101.0	3.4	5	100.0
11/29/2006 05:55	3.0	0.3	22.0	2.8	21.0	3.7	23.0	5.1	20.0	3.5	89.0	3.1	5	100.0
11/29/2006 06:00	4.0	0.4	21.0	2.7	22.0	3.7	19.0	4.6	21.0	4.0	87.0	3.1	5	100.0
11/29/2006 06:05	1.0	0.1	22.0	2.8	20.0	3.5	19.0	4.0	17.0	3.5	79.0	2.8	5	100.0
11/29/2006 06:10	2.0	0.2	31.0	4.1	27.0	4.3	28.0	6.3	21.0	4.1	109.0	3.8	5	100.0
11/29/2006 06:15	3.0	0.3	33.0	4.4	27.0	5.3	25.0	5.7	30.0	5.9	118.0	4.3	5	100.0
11/29/2006 06:20	4.0	0.5	31.0	4.0	25.0	4.4	27.0	5.1	22.0	4.7	109.0	3.8	5	100.0
11/29/2006 06:25	2.0	0.2	38.0	5.0	30.0	5.7	28.0	5.1	26.0	4.7	124.0	4.1	5	100.0
11/29/2006 06:30	3.0	0.4	36.0	4.9	33.0	5.5	33.0	6.6	28.0	5.6	133.0	4.6	5	100.0
11/29/2006 06:35	2.0	0.2	34.0	4.9	31.0	5.7	30.0	5.4	24.0	4.5	121.0	4.2	5	100.0
11/29/2006 06:40	4.0	0.6	42.0	5.9	36.0	6.0	33.0	6.6	35.0	5.8	150.0	5.0	5	0.0
11/29/2006 06:45	9.0	1.2	48.0	6.4	40.0	6.8	35.0	6.9	33.0	5.7	165.0	5.4	5	0.0
11/29/2006 06:50	7.0	1.1	46.0	6.1	36.0	6.5	37.0	6.9	37.0	6.4	163.0	5.4	5	0.0
11/29/2006 06:55	8.0	1.1	45.0	6.0	38.0	5.9	35.0	6.2	38.0	6.1	164.0	5.1	5	0.0
11/29/2006 07:00	6.0	0.6	49.0	6.6	38.0	6.2	38.0	6.7	40.0	7.0	171.0	5.4	5	0.0
11/29/2006 07:05	5.0	0.7	42.0	5.5	40.0	6.3	35.0	6.2	34.0	6.0	156.0	4.9	5	0.0
11/29/2006 07:10	6.0	0.8	46.0	6.3	37.0	6.1	37.0	6.9	36.0	6.5	162.0	5.3	5	0.0
11/29/2006 07:15	9.0	1.0	51.0	6.9	41.0	6.7	41.0	7.3	40.0	6.9	182.0	5.8	5	0.0
11/29/2006 07:20	7.0	0.9	58.0	8.0	44.0	7.5	44.0	8.2	44.0	7.6	197.0	6.4	5	0.0
11/29/2006 07:25	9.0	1.1	55.0	7.4	46.0	7.3	40.0	7.0	42.0	7.5	192.0	6.1	5	0.0
11/29/2006 07:30	8.0	0.9	51.0	7.3	42.0	7.1	42.0	7.7	45.0	8.3	188.0	6.3	5	0.0
11/29/2006 07:35	8.0	1.0	58.0	8.2	46.0	7.9	44.0	8.5	46.0	8.7	202.0	6.9	5	0.0
11/29/2006 07:40	9.0	1.1	59.0	8.6	47.0	8.7	46.0	8.6	51.0	9.2	212.0	7.2	5	0.0
11/29/2006 07:45	9.0	1.2	63.0	9.1	47.0	8.0	47.0	8.3	53.0	9.5	219.0	7.2	5	0.0
11/29/2006 07:50	11.0	1.5	56.0	8.2	47.0	8.6	46.0	8.6	49.0	8.7	209.0	7.1	5	0.0
11/29/2006 07:55	11.0	1.4	57.0	8.1	46.0	8.1	45.0	8.1	52.0	8.8	211.0	6.9	5	0.0
11/29/2006 08:00	8.0	1.0	57.0	8.2	42.0	7.6	41.0	7.7	51.0	8.8	199.0	6.7	5	0.0
11/29/2006 08:05	8.0	1.0	53.0	7.4	39.0	7.8	42.0	8.1	45.0	8.2	187.0	6.5	5	0.0
11/29/2006 08:10	10.0	1.6	56.0	8.3	41.0	7.8	41.0	7.8	49.0	9.2	197.0	6.9	5	0.0
11/29/2006 08:15	11.0	1.6	54.0	8.1	45.0	8.6	42.0	8.4	48.0	9.0	200.0	7.1	5	0.0
11/29/2006 08:20	9.0	1.4	55.0	8.3	41.0	8.2	43.0	8.6	48.0	8.8	196.0	7.1	5	0.0
11/29/2006 08:25	11.0	1.5	57.0	8.2	40.0	7.8	42.0	8.5	48.0	8.9	198.0	7.0	5	0.0
11/29/2006 08:30	3.0	0.3	50.0	9.3	40.0	9.0	50.0	12.7	47.0	12.3	190.0	8.7	5	100.0
11/29/2006 08:35	8.0	1.2	53.0	8.9	37.0	9.5	43.0	10.0	52.0	12.9	193.0	8.5	5	100.0
11/29/2006 08:40	8.0	1.3	57.0	9.2	38.0	9.3	45.0	9.1	53.0	11.3	201.0	8.0	5	100.0
11/29/2006 08:45	8.0	1.1	53.0	7.5	36.0	7.3	39.0	8.2	43.0	7.8	179.0	6.4	5	100.0
11/29/2006 08:50	6.0	0.9	45.0	6.1	37.0	7.1	41.0	8.0	49.0	8.9	178.0	6.2	5	100.0
11/29/2006 08:55	6.0	1.0	45.0	6.3	41.0	7.5	42.0	8.8	48.0	8.3	182.0	6.4	5	100.0
11/29/2006 09:00	6.0	0.9	39.0	5.3	36.0	6.8	28.0	5.3	44.0	6.9	153.0	5.0	5	100.0
11/29/2006 09:05	4.0	0.5	51.0	7.3	33.0	6.5	35.0	7.3	43.0	8.7	166.0	6.1	5	100.0
11/29/2006 09:10	5.0	0.8	53.0	7.6	38.0	7.3	39.0	7.7	46.0	8.8	181.0	6.5	5	100.0
11/29/2006 09:15	8.0	1.1	53.0	7.7	35.0	7.3	42.0	7.1	45.0	7.9	183.0	6.2	5	100.0
11/29/2006 09:20	7.0	1.0	57.0	8.7	37.0	8.7	43.0	8.0	47.0	9.5	191.0	7.2	5	100.0
11/29/2006 09:25	9.0	1.3	53.0	7.7	41.0	7.8	41.0	8.1	43.0	8.2	187.0	6.6	5	100.0
11/29/2006 09:30	9.0	1.2	55.0	7.9	39.0	8.2	41.0	9.1	45.0	9.4	189.0	7.2	5	100.0
11/29/2006 09:35	9.0	1.2	54.0	7.8	32.0	7.9	44.0	8.2	49.0	9.2	188.0	6.9	5	100.0
11/29/2006 09:40	9.0	1.1	45.0	6.3	39.0	7.0	38.0	8.3	49.0	9.6	180.0	6.5	5	100.0
11/29/2006 09:45	7.0	1.0	50.0	7.0	38.0	7.1	37.0	8.2	42.0	8.3	174.0	6.3	5	100.0
11/29/2006 09:50	9.0	0.9	53.0	7.6	40.0	8.0	37.0	8.4	49.0	10.9	188.0	7.2	5	100.0
11/29/2006 09:55	11.0	1.4	44.0	6.3	31.0	6.2	37.0	7.0	42.0	7.6	165.0	5.7	5	100.0
11/29/2006 10:00	29.0	3.8	45.0	6.3	39.0	7.5	40.0	8.9	48.0	9.0	201.0	7.1	5	100.0
11/29/2006 10:05	30.0	4.0	37.0	5.5	37.0	8.3	37.0	8.9	53.0	10.7	194.0	7.5	5	100.0
11/29/2006 10:10	21.0	3.1	39.0	5.5	26.0	5.5	34.0	7.3	41.0	7.7	161.0	5.8	5	100.0
11/29/2006 10:15	33.0	4.1	48.0	6.7	37.0	7.1	43.0	9.9	47.0	9.3	208.0	7.4	5	100.0
11/29/2006 10:20	32.0	4.1	38.0	5.5	34.0	7.6	34.0	6.6	44.0	9.1	182.0	6.6	5	100.0
11/29/2006 10:25	25.0	3.2	34.0	4.6	30.0	6.9	36.0	6.8	42.0	8.6	167.0	6.0	5	100.0
11/29/2006 10:30	28.0	3.9	43.0	6.0	37.0	8.2	37.0	7.8	36.0	7.1	181.0	6.6	5	100.0
11/29/2006 10:35	23.0	2.9	40.0	5.5	38.0	7.8	38.0	8.1	45.0	8.8	184.0	6.6	5	100.0
11/29/2006 10:40	32.0	3.9	45.0	6.2	37.0	7.4	43.0	7.7	45.0	8.4	202.0	6.7	5	100.0
11/29/2006 10:45	25.0	3.1	40.0	5.7	36.0	6.5	33.0	8.1	41.0	7.7	175.0	6.2	5	100.0
11/29/2006 10:50	33.0	4.7	45.0	6.6	34.0	8.2	38.0	8.1	41.0	7.4	191.0	7.0	5	100.0
11/29/2006 10:55	24.0	3.1	41.0	5.7	34.0	6.5	36.0	7.7	43.0	8.0	178.0	6.2	5	100.0
11/29/2006 11:00	35.0	4.9	39.0	5.9	37.0	8.1	39.0	8.7	45.0	8.4	195.0	7.2	5	100.0
11/29/2006 11:05	27.0	3.5	41.0	5.5	34.0	6.9	38.0	7.7	47.0	9.5	187.0	6.6	5	100.0
11/29/2006 11:10	27.0	3.5	39.0	5.5	32.0	7.1	41.0	8.6	48.0	8.9	187.0	6.7	5	100.0
11/29/2006 11:15	24.0	3.0	41.0	5.6	38.0	7.6	42.0	7.7	47.0	8.3	192.0	6.4	5	100.0
11/29/2006 11:20	20.0	2.5	37.0	5.1	35.0	7.1	39.0	7.5	47.0	8.9	178.0	6.2	5	100.0
11/29/2006 11:25	32.0	4.1	41.0	5.7	36.0	8.1	41.0	8.5	45.0	8.3	195.0	7.0	5	100.0
11/29/2006 11:30	25.0	3.5	39.0	5.3	39.0	7.3	41.0	8.1	42.0	8.4	186.0	6.5	5	100.0
11/29/2006 11:35	23.0	2.7	37.0	5.2	31.0	6.5	40.0	7.6	47.0	8.0	178.0	6.0	5	100.0
11/29/2006 11:40	25.0	3.1	39.0	5.4	35.0	7.5	39.0	7.5	45.0	8.1	183.0	6.3	5	100.0
11/29/2006 11:45	19.0	2.4	41.0	5.7	33.0	7.7	35.0	7.1	51.0	9.7	179.0	6.5	5	100.0
11/29/2006 11:50	34.0	4.5	43.0	6.1	38.0	7.1	43.0	9.2	50.0	9.5	208.0	7.3	5	100.0
11/29/2006 11:55	28.0	3.5	42.0	5.8	37.0	7.5	38.0	7.0	48.0	8.4	193.0	6.5	5	100.0
11/29/2006 12:00	30.0	3.8	45.0	6.1	39.0	7.8	39.0	8.5	51.0	9.9	204.0	7.2	5	100.0
11/29/2006 12:05	24.0	3.1	40.0	5.2	38.0	6.5	39.0	8.7	50.0	9.2	191.0	6.5	5	100.0
11/29/2006 12:10	31.0	4.0	43.0	5.9	39.0	7.9	42.0	8.1	38.0	7.0	193.0	6.6	5	100.0
11/29/2006 12:15	31.0	4.3	42.0	6.1	43.0	7.9	48.0	9.3	47.0	8.9	211.0	7.3	5	100.0
11/29/2006 12:20	29.0	3.7	42.0	5.7	33.0	7.1	44.0	8.0	49.0	9.0	197.0	6.7	5	100.0
11/29/2006 12:25	24.0	3.0	43.0	5.9	39.0	7.2	42.0	7.2	46.0	9.5	194.0	6.6	5	100.0
11/29/2006 12:30	29.0	3.8	38.0	5.5	33.0	6.8	43.0	8.5	47.0	8.7	190.0	6.7	5	100.0
11/29/2006 12:35	28.0	3.7	36.0	5.2	34.0	7.9	43.0	8.4	44.0	7.2	185.0	6.5	5	100.0
11/29/2006 12:40	34.0	4.4	43.0	6.2	37.0	7.3	40.0	7.7	53.0	10.1	207.0	7.1	5	100.0
11/29/2006 12:45	44.0	5.9	49.0	7.1	42.0	9.8	48.0	9.0	51.0	9.7	234.0	8.3	5	100.0
11/29/2006 12:50	39.0	5.4	55.0	8.0	48.0	9.9	51.0	9.9	49.0	9.0	242.0	8.4	5	100.0
11/29/2006 12:55	36.0	4.8	42.0	6.3	41.0	8.9	39.0	8.6	49.0	9.6	207.0	7.7	5	100.0
11/29/2006 13:00	25.0	3.4	43.0	5.9	41.0	7.3	39.0	7.5	42.0	7.3	190.0	6.3	5	100.0
11/29/2006 13:05	34.0	4.5	41.0	5.8	40.0	8.4	40.0	8.7	50.0	9.8	205.0	7.4	5	100.0
11/29/2006 13:10	37.0	5.1	45.0	6.3	37.0	7.3	44.0	7.9	49.0	8.4	212.0	7.0	5	100.0
11/29/2006 13:15	34.0	4.5	46.0	6.3	45.0	8.4	39.0	8.7	45.0	8.7	209.0	7.3	5	100.0
11/29/2006 13:20	38.0	5.1	46.0	6.5	39.0	8.0	47.0	8.4	41.0	7.6	211.0	7.1	5	100.0
11/29/2006 13:25	46.0	6.4	49.0	7.2	47.0	10.3	39.0	8.0	43.0	8.6	224.0	8.1	5	100.0
11/29/2006 13:30	31.0	4.1	46.0	6.6	41.0	7.7	41.0	8.4	40.0	8.6	199.0	7.1	5	100.0
11/29/2006 13:35	31.0	3.9	43.0	5.7	41.0	7.2	43.0	8.5	41.0	8.9	199.0	6.8	5	100.0
11/29/2006 13:40	39.0	5.2	46.0	6.7	42.0	8.4	47.0	9.0	47.0	9.6	221.0	7.8	5	100.0
11/29/2006 13:45	34.0	4.3	41.0	5.4	44.0	7.8	35.0	6.4	49.0	9.1	203.0	6.6	5	100.0
11/29/2006 13:50	37.0	4.9	44.0	6.1	41.0	7.9	42.0	8.0	46.0	8.4	210.0	7.1	5	100.0
11/29/2006 13:55	35.0	4.5	50.0	7.0	39.0	7.1	44.0	8.2	44.0	8.2	212.0	7.0	5	100.0
11/29/2006 14:00	43.0	5.8	38.0	5.5	43.0	7.6	43.0	7.8	42.0	7.7	209.0	6.9	5	100.0
11/29/2006 14:05	44.0	5.7	51.0	7.1	39.0	8.0	45.0	8.6	45.0	8.2	224.0	7.5	5	100.0
11/29/2006 14:10	49.0	7.0	52.0	7.5	43.0	8.2	47.0	8.5	41.0	7.3	232.0	7.7	5	100.0
11/29/2006 14:15	54.0	7.4	53.0	7.6	49.0	9.5	50.0	9.6	54.0	10.9	260.0	9.0	5	100.0
11/29/2006 14:20	47.0	6.3	51.0	7.0	41.0	7.1	45.0	8.3	43.0	7.9	227.0	7.3	5	100.0
11/29/2006 14:25	56.0	7.6	51.0	7.8	46.0	8.6	42.0	7.9	42.0	7.9	237.0	7.9	5	100.0
11/29/2006 14:30	49.0	6.8	54.0	7.7	46.0	8.4	47.0	8.7	45.0	8.1	241.0	7.9	5	100.0
11/29/2006 14:35	49.0	6.9	56.0	8.2	45.0	9.5	48.0	9.3	43.0	8.5	241.0	8.5	5	100.0
11/29/2006 14:40	63.0	9.1	59.0	9.3	53.0	9.8	51.0	8.8	49.0	8.7	275.0	9.1	5	100.0
11/29/2006 14:45	60.0	8.2	59.0	8.4	51.0	10.2	54.0	10.5	58.0	11.5	282.0	9.8	5	100.0
11/29/2006 14:50	50.0	7.1	52.0	7.5	46.0	9.1	46.0	8.7	51.0	10.3	245.0	8.6	5	100.0
11/29/2006 14:55	44.0	6.3	55.0	8.1	43.0	8.9	49.0	8.8	48.0	8.8	239.0	8.2	5	100.0
11/29/2006 15:00	26.0	3.6	59.0	8.9	54.0	9.6	45.0	9.8	46.0	8.1	230.0	8.0	5	100.0
11/29/2006 15:05	28.0	4.1	57.0	10.1	42.0	8.8	42.0	9.5	41.0	7.8	210.0	8.0	5	100.0
11/29/2006 15:10	23.0	3.7	57.0	10.9	43.0	10.4	46.0	9.9	46.0	9.9	215.0	9.0	5	100.0
11/29/2006 15:15	31.0	4.7	54.0	10.2	46.0	10.4	46.0	9.9	45.0	10.1	222.0	9.1	5	100.0
11/29/2006 15:20	31.0	4.9	61.0	11.7	52.0	12.1	50.0	11.4	44.0	10.1	238.0	10.1	5	100.0
11/29/2006 15:25	31.0	5.2	52.0	11.8	41.0	11.4	40.0	11.6	41.0	11.1	205.0	10.2	5	100.0
11/29/2006 15:30	31.0	4.9	51.0	9.4	42.0	9.7	48.0	10.7	48.0	10.5	220.0	9.1	5	100.0
11/29/2006 15:35	40.0	7.5	54.0	13.1	44.0	14.8	45.0	13.5	46.0	12.5	229.0	12.3	5	100.0
11/29/2006 15:40	34.0	5.8	51.0	11.2	42.0	11.5	44.0	10.3	45.0	10.9	216.0	9.9	5	100.0
11/29/2006 15:45	33.0	6.7	53.0	14.9	47.0	14.4	43.0	14.1	47.0	13.2	223.0	12.7	5	100.0
11/29/2006 15:50	36.0	6.7	49.0	12.4	42.0	12.3	44.0	11.9	44.0	13.0	215.0	11.3	5	100.0
11/29/2006 15:55	38.0	7.9	48.0	11.1	42.0	12.4	45.0	11.9	42.0	11.2	215.0	10.9	5	100.0
11/29/2006 16:00	38.0	6.6	47.0	13.5	42.0	13.6	46.0	13.6	45.0	13.9	218.0	12.2	5	100.0
11/29/2006 16:05	37.0	5.9	49.0	9.9	41.0	10.0	46.0	10.5	43.0	10.4	216.0	9.3	5	100.0
11/29/2006 16:10	36.0	6.8	49.0	12.0	40.0	13.6	51.0	12.5	44.0	11.6	220.0	11.3	5	100.0
11/29/2006 16:15	40.0	7.6	46.0	17.1	37.0	13.1	45.0	12.8	45.0	15.3	213.0	13.2	5	100.0
11/29/2006 16:20	36.0	7.3	49.0	13.8	41.0	12.4	49.0	13.1	43.0	12.0	218.0	11.7	5	100.0
11/29/2006 16:25	38.0	7.4	49.0	11.3	41.0	11.6	45.0	12.4	44.0	13.5	217.0	11.2	5	100.0
11/29/2006 16:30	39.0	8.4	48.0	12.7	39.0	11.9	44.0	11.3	45.0	11.5	215.0	11.1	5	100.0
11/29/2006 16:35	41.0	9.9	46.0	16.0	37.0	13.5	42.0	12.5	43.0	12.5	209.0	12.9	5	100.0
11/29/2006 16:40	43.0	11.0	47.0	13.7	39.0	14.9	46.0	13.9	47.0	13.7	222.0	13.4	5	100.0
11/29/2006 16:45	41.0	15.8	40.0	19.1	35.0	19.6	39.0	19.7	41.0	18.8	196.0	18.6	5	100.0
11/29/2006 16:50	48.0	13.3	49.0	22.4	37.0	18.3	49.0	18.1	46.0	15.5	229.0	17.5	5	100.0
11/29/2006 16:55	51.0	11.4	54.0	14.6	43.0	15.0	51.0	13.7	51.0	13.5	250.0	13.6	5	100.0
11/29/2006 17:00	39.0	8.9	41.0	17.3	39.0	16.2	41.0	15.4	44.0	14.6	204.0	14.5	5	100.0
11/29/2006 17:05	41.0	10.5	47.0	16.9	43.0	15.9	43.0	13.3	43.0	11.9	217.0	13.7	5	100.0
11/29/2006 17:10	46.0	14.9	37.0	22.3	37.0	21.6	39.0	18.1	42.0	17.0	201.0	18.8	5	100.0
11/29/2006 17:15	47.0	15.6	46.0	18.5	40.0	17.1	46.0	16.1	46.0	14.0	225.0	16.3	5	100.0
11/29/2006 17:20	43.0	11.0	47.0	16.5	41.0	16.9	45.0	14.3	41.0	12.1	217.0	14.2	5	100.0
11/29/2006 17:25	41.0	13.9	36.0	20.4	31.0	19.4	34.0	19.0	39.0	15.9	181.0	17.7	5	100.0
11/29/2006 17:30	44.0	12.6	44.0	20.1	39.0	18.8	43.0	15.9	45.0	15.6	215.0	16.6	5	100.0
11/29/2006 17:35	40.0	13.0	37.0	17.9	34.0	17.5	40.0	16.0	40.0	13.8	191.0	15.6	5	100.0
11/29/2006 17:40	44.0	14.7	44.0	18.3	39.0	15.4	44.0	13.7	41.0	12.9	212.0	15.0	5	100.0
11/29/2006 17:45	45.0	15.1	40.0	15.9	37.0	16.2	43.0	16.7	41.0	15.8	206.0	15.9	5	100.0
11/29/2006 17:50	39.0	9.6	42.0	17.4	38.0	18.5	41.0	17.6	41.0	13.6	201.0	15.4	5	100.0
11/29/2006 17:55	41.0	15.4	36.0	20.2	34.0	18.7	36.0	18.3	35.0	13.1	182.0	17.2	5	100.0
11/29/2006 18:00	44.0	11.1	44.0	13.6	41.0	13.1	44.0	12.1	41.0	11.9	214.0	12.4	5	100.0
11/29/2006 18:05	43.0	9.7	48.0	15.1	42.0	13.0	41.0	11.8	44.0	13.1	218.0	12.5	5	100.0
11/29/2006 18:10	44.0	12.7	41.0	17.3	37.0	15.0	40.0	14.4	45.0	15.2	207.0	14.9	5	100.0
11/29/2006 18:15	41.0	20.6	43.0	22.9	37.0	18.7	38.0	15.7	41.0	17.5	200.0	19.1	5	100.0
11/29/2006 18:20	48.0	13.9	48.0	19.9	43.0	17.4	46.0	16.3	45.0	16.0	230.0	16.7	5	100.0
11/29/2006 18:25	43.0	17.1	42.0	20.1	37.0	21.8	44.0	18.6	42.0	16.2	208.0	18.8	5	100.0
11/29/2006 18:30	43.0	12.2	46.0	13.4	48.0	15.5	47.0	13.5	40.0	11.3	224.0	13.2	5	100.0
11/29/2006 18:35	42.0	9.2	51.0	12.6	47.0	12.8	47.0	12.6	45.0	12.2	232.0	11.9	5	100.0
11/29/2006 18:40	48.0	10.3	61.0	14.3	49.0	13.6	51.0	13.9	48.0	13.4	257.0	13.1	5	100.0
11/29/2006 18:45	46.0	11.1	56.0	13.5	43.0	14.1	44.0	12.8	43.0	11.8	232.0	12.7	5	100.0
11/29/2006 18:50	41.0	9.9	47.0	13.7	44.0	12.6	43.0	12.1	40.0	11.8	215.0	12.0	5	100.0
11/29/2006 18:55	46.0	11.4	44.0	11.6	42.0	11.1	41.0	11.1	46.0	13.1	219.0	11.7	5	100.0
11/29/2006 19:00	46.0	11.3	46.0	10.7	43.0	11.8	41.0	9.9	39.0	10.7	215.0	10.9	5	100.0
11/29/2006 19:05	54.0	11.2	50.0	10.3	43.0	10.6	47.0	11.2	47.0	12.1	241.0	11.1	5	100.0
11/29/2006 19:10	43.0	6.2	47.0	6.8	41.0	7.3	36.0	6.6	43.0	8.1	210.0	7.0	5	100.0
11/29/2006 19:15	40.0	5.4	39.0	5.5	39.0	6.1	39.0	6.2	44.0	7.5	201.0	6.1	5	100.0
11/29/2006 19:20	37.0	4.9	44.0	5.7	41.0	6.6	46.0	7.0	46.0	7.8	214.0	6.4	5	100.0
11/29/2006 19:25	33.0	4.0	38.0	5.0	34.0	4.8	42.0	6.5	41.0	7.2	188.0	5.5	5	100.0
11/29/2006 19:30	31.0	4.2	39.0	5.0	37.0	5.7	43.0	6.3	34.0	5.6	184.0	5.4	5	100.0
11/29/2006 19:35	39.0	5.3	41.0	5.7	40.0	6.5	42.0	6.7	37.0	6.5	199.0	6.2	5	100.0
11/29/2006 19:40	48.0	6.5	45.0	6.2	45.0	7.8	41.0	7.5	45.0	8.2	224.0	7.2	5	100.0
11/29/2006 19:45	54.0	8.7	59.0	9.5	49.0	9.9	46.0	11.3	46.0	9.3	254.0	9.7	5	100.0
11/29/2006 19:50	33.0	5.0	30.0	4.6	26.0	4.9	26.0	4.4	23.0	4.5	138.0	4.7	5	100.0
11/29/2006 19:55	43.0	5.9	46.0	6.5	41.0	6.2	46.0	7.6	44.0	7.6	220.0	6.8	5	100.0
11/29/2006 20:00	22.0	3.1	26.0	3.6	24.0	3.9	26.0	4.2	23.0	4.1	121.0	3.8	5	100.0
11/29/2006 20:05	36.0	4.5	40.0	5.5	39.0	6.8	36.0	5.7	38.0	6.3	189.0	5.8	5	100.0
11/29/2006 20:10	32.0	4.1	39.0	5.3	37.0	6.0	32.0	5.3	38.0	6.7	178.0	5.5	5	100.0
11/29/2006 20:15	25.0	3.1	30.0	3.8	38.0	5.7	33.0	5.3	29.0	5.2	155.0	4.6	5	100.0
11/29/2006 20:20	31.0	3.7	35.0	4.6	33.0	5.1	35.0	5.8	35.0	5.5	169.0	5.0	5	100.0
11/29/2006 20:25	26.0	3.4	37.0	4.6	33.0	4.4	38.0	5.8	31.0	5.1	165.0	4.7	5	100.0
11/29/2006 20:30	19.0	2.2	28.0	3.6	24.0	3.9	30.0	5.1	29.0	5.2	130.0	4.0	5	100.0
11/29/2006 20:35	24.0	2.8	29.0	3.7	31.0	4.7	35.0	5.7	31.0	5.0	150.0	4.4	5	100.0
11/29/2006 20:40	25.0	3.3	35.0	4.7	31.0	4.8	32.0	5.3	30.0	5.3	153.0	4.7	5	100.0
11/29/2006 20:45	27.0	3.4	27.0	3.5	34.0	5.2	31.0	5.3	27.0	4.7	146.0	4.4	5	100.0
11/29/2006 20:50	28.0	3.4	35.0	4.6	34.0	5.0	29.0	5.2	33.0	5.5	159.0	4.7	5	100.0
11/29/2006 20:55	27.0	3.4	35.0	5.0	30.0	4.7	34.0	5.6	29.0	4.6	155.0	4.7	5	100.0
11/29/2006 21:00	23.0	2.9	31.0	4.1	34.0	4.9	29.0	4.2	29.0	4.6	146.0	4.1	5	100.0
11/29/2006 21:05	24.0	2.8	31.0	4.2	31.0	4.7	32.0	5.5	33.0	5.0	151.0	4.4	5	100.0
11/29/2006 21:10	24.0	2.9	33.0	4.3	28.0	4.8	33.0	4.7	33.0	5.4	151.0	4.4	5	100.0
11/29/2006 21:15	26.0	3.1	38.0	4.9	34.0	4.9	32.0	5.4	29.0	4.5	159.0	4.5	5	100.0
11/29/2006 21:20	22.0	2.6	33.0	4.3	34.0	5.8	35.0	5.4	34.0	5.6	158.0	4.8	5	100.0
11/29/2006 21:25	22.0	2.8	31.0	4.1	31.0	4.6	30.0	4.9	32.0	5.5	146.0	4.4	5	100.0
11/29/2006 21:30	29.0	3.7	28.0	3.6	28.0	4.2	33.0	5.3	35.0	6.1	153.0	4.6	5	100.0
11/29/2006 21:35	24.0	2.9	29.0	3.8	30.0	4.5	28.0	4.1	28.0	4.7	139.0	4.0	5	100.0
11/29/2006 21:40	21.0	2.7	30.0	3.9	31.0	4.5	30.0	5.0	27.0	4.7	139.0	4.2	5	100.0
11/29/2006 21:45	17.0	2.2	29.0	3.9	26.0	4.0	33.0	4.9	25.0	4.3	130.0	3.8	5	100.0
11/29/2006 21:50	25.0	2.9	29.0	4.0	25.0	4.1	29.0	4.7	23.0	3.6	131.0	3.9	5	100.0
11/29/2006 21:55	23.0	2.9	30.0	4.2	33.0	5.5	29.0	5.3	23.0	4.1	138.0	4.4	5	100.0
11/29/2006 22:00	23.0	2.7	33.0	4.5	31.0	4.7	31.0	5.1	21.0	3.3	139.0	4.1	5	100.0
11/29/2006 22:05	23.0	3.0	37.0	5.2	34.0	5.5	30.0	4.8	21.0	3.9	145.0	4.5	5	100.0
11/29/2006 22:10	25.0	3.3	33.0	4.3	30.0	4.7	27.0	4.5	29.0	4.3	144.0	4.2	5	100.0
11/29/2006 22:15	30.0	3.7	33.0	4.4	31.0	4.5	30.0	4.7	27.0	4.3	151.0	4.3	5	100.0
11/29/2006 22:20	33.0	4.3	36.0	4.7	31.0	4.8	31.0	4.7	31.0	5.4	162.0	4.8	5	100.0
11/29/2006 22:25	29.0	3.3	36.0	4.6	32.0	4.5	25.0	3.8	29.0	4.6	151.0	4.2	5	100.0
11/29/2006 22:30	28.0	3.5	35.0	4.6	30.0	4.1	31.0	4.6	28.0	4.2	152.0	4.2	5	100.0
11/29/2006 22:35	15.0	1.8	25.0	3.2	24.0	3.5	23.0	4.5	22.0	3.6	109.0	3.3	5	100.0
11/29/2006 22:40	11.0	1.3	16.0	2.1	15.0	2.2	13.0	2.3	13.0	2.5	68.0	2.1	5	100.0
11/29/2006 22:45	9.0	0.9	13.0	1.6	12.0	1.8	11.0	1.6	9.0	1.4	54.0	1.5	5	100.0
11/29/2006 22:50	13.0	1.6	16.0	2.1	21.0	3.2	17.0	2.7	13.0	2.3	80.0	2.4	5	100.0
11/29/2006 22:55	15.0	1.9	22.0	2.8	25.0	3.6	17.0	3.2	15.0	2.7	94.0	2.8	5	100.0
11/29/2006 23:00	12.0	1.5	19.0	2.5	22.0	3.4	21.0	3.5	16.0	2.8	90.0	2.7	5	100.0
11/29/2006 23:05	11.0	1.4	17.0	2.1	16.0	2.2	18.0	2.8	12.0	2.1	74.0	2.1	5	100.0
11/29/2006 23:10	7.0	0.8	15.0	1.7	17.0	3.1	15.0	2.7	17.0	2.5	71.0	2.2	5	100.0
11/29/2006 23:15	13.0	1.6	21.0	2.6	18.0	2.5	15.0	2.4	16.0	2.6	83.0	2.3	5	100.0
11/29/2006 23:20	10.0	1.3	21.0	2.6	17.0	3.0	18.0	3.3	12.0	1.5	78.0	2.4	5	100.0
11/29/2006 23:25	7.0	0.8	14.0	1.7	16.0	2.7	11.0	2.8	12.0	2.3	60.0	2.0	5	100.0
11/29/2006 23:30	9.0	1.1	16.0	1.9	16.0	2.2	13.0	2.4	9.0	1.6	63.0	1.9	5	100.0
11/29/2006 23:35	13.0	1.4	17.0	2.1	19.0	2.6	16.0	2.7	12.0	1.9	77.0	2.2	5	100.0
11/29/2006 23:40	7.0	0.7	22.0	2.6	15.0	2.5	13.0	2.9	13.0	2.1	70.0	2.2	5	100.0
11/29/2006 23:45	10.0	1.1	17.0	2.0	16.0	2.7	16.0	3.0	12.0	2.1	71.0	2.2	5	100.0
11/29/2006 23:50	7.0	0.9	11.0	1.4	15.0	1.9	15.0	2.5	14.0	2.2	62.0	1.8	5	100.0
11/29/2006 23:55	9.0	1.0	14.0	1.5	13.0	2.3	13.0	2.4	13.0	2.2	62.0	1.9	5	100.0
11/30/2006 00:00	6.0	0.6	15.0	2.0	17.0	2.1	15.0	2.1	13.0	2.0	66.0	1.8	5	100.0
11/30/2006 00:05	8.0	1.0	15.0	1.7	18.0	2.4	13.0	2.9	13.0	2.1	67.0	2.0	5	100.0
11/30/2006 00:10	5.0	0.6	7.0	0.9	7.0	1.0	7.0	1.0	8.0	1.1	34.0	0.9	5	100.0
11/30/2006 00:15	4.0	0.5	10.0	1.2	8.0	1.1	6.0	0.8	7.0	1.0	35.0	0.9	5	100.0
11/30/2006 00:20	9.0	1.1	13.0	1.6	11.0	1.3	9.0	1.6	8.0	1.6	50.0	1.5	5	100.0
11/30/2006 00:25	4.0	0.4	12.0	1.4	13.0	2.1	14.0	2.4	9.0	1.3	52.0	1.5	5	100.0
11/30/2006 00:30	4.0	0.4	11.0	1.3	13.0	1.8	9.0	2.1	10.0	1.4	47.0	1.4	5	100.0
11/30/2006 00:35	4.0	0.5	12.0	1.4	12.0	1.8	13.0	2.5	8.0	1.4	49.0	1.5	5	100.0
11/30/2006 00:40	3.0	0.3	11.0	1.4	9.0	1.3	7.0	1.6	9.0	1.5	39.0	1.2	5	100.0
11/30/2006 00:45	6.0	0.6	9.0	0.9	13.0	2.1	11.0	1.9	6.0	0.9	45.0	1.3	5	100.0
11/30/2006 00:50	5.0	0.5	11.0	1.3	7.0	1.3	10.0	2.1	8.0	2.0	41.0	1.4	5	100.0
11/30/2006 00:55	5.0	0.5	7.0	0.8	9.0	1.7	9.0	1.6	4.0	0.6	34.0	1.0	5	100.0
11/30/2006 01:00	3.0	0.3	10.0	1.0	6.0	1.1	11.0	1.7	6.0	1.3	36.0	1.1	5	100.0
11/30/2006 01:05	2.0	0.3	7.0	0.9	8.0	1.3	10.0	2.2	6.0	1.0	33.0	1.1	5	100.0
11/30/2006 01:10	2.0	0.2	10.0	1.2	7.0	1.2	5.0	1.0	6.0	1.2	30.0	1.0	5	100.0
11/30/2006 01:15	3.0	0.3	8.0	0.9	9.0	1.2	8.0	1.2	4.0	0.7	32.0	0.9	5	100.0
11/30/2006 01:20	2.0	0.2	8.0	0.9	8.0	1.3	7.0	1.9	4.0	0.8	29.0	1.0	5	100.0
11/30/2006 01:25	0.0	0.0	7.0	0.9	6.0	1.1	6.0	1.4	8.0	1.4	27.0	0.9	5	100.0
11/30/2006 01:30	3.0	0.3	5.0	0.5	6.0	0.8	5.0	1.3	4.0	0.6	23.0	0.7	5	100.0
11/30/2006 01:35	3.0	0.3	5.0	0.6	8.0	1.0	6.0	1.5	5.0	1.3	27.0	1.0	5	100.0
11/30/2006 01:40	1.0	0.1	7.0	0.9	6.0	0.8	6.0	1.7	1.0	0.3	21.0	0.8	5	100.0
11/30/2006 01:45	2.0	0.2	8.0	1.1	4.0	0.6	7.0	1.3	5.0	0.7	26.0	0.8	5	100.0
11/30/2006 01:50	4.0	0.4	6.0	0.6	8.0	0.9	6.0	2.1	6.0	1.4	30.0	1.1	5	100.0
11/30/2006 01:55	2.0	0.2	5.0	0.6	9.0	1.1	6.0	1.9	7.0	1.8	29.0	1.1	5	100.0
11/30/2006 02:00	0.0	0.0	4.0	0.5	6.0	0.8	6.0	1.5	4.0	0.7	20.0	0.7	5	100.0
11/30/2006 02:05	1.0	0.1	5.0	0.7	5.0	0.9	6.0	1.5	4.0	1.1	21.0	0.9	5	100.0
11/30/2006 02:10	2.0	0.3	8.0	0.8	6.0	1.1	4.0	1.1	8.0	1.4	28.0	0.9	5	100.0
11/30/2006 02:15	1.0	0.1	6.0	0.6	5.0	1.2	6.0	1.7	2.0	0.2	20.0	0.8	5	100.0
11/30/2006 02:20	0.0	0.0	4.0	0.4	4.0	0.5	5.0	1.2	3.0	0.5	16.0	0.5	5	100.0
11/30/2006 02:25	1.0	0.1	3.0	0.3	4.0	0.6	5.0	1.0	5.0	0.9	18.0	0.6	5	100.0
11/30/2006 02:30	1.0	0.1	2.0	0.3	5.0	0.9	5.0	0.8	7.0	1.3	20.0	0.7	5	100.0
11/30/2006 02:35	0.0	0.0	3.0	0.3	4.0	0.4	4.0	1.3	3.0	0.8	14.0	0.6	5	100.0
11/30/2006 02:40	0.0	0.0	2.0	0.3	4.0	0.6	5.0	1.9	4.0	0.6	15.0	0.7	5	100.0
11/30/2006 02:45	1.0	0.1	4.0	0.4	4.0	0.6	4.0	0.8	2.0	0.2	15.0	0.4	5	100.0
11/30/2006 02:50	0.0	0.0	3.0	0.3	4.0	0.9	6.0	1.5	4.0	1.3	17.0	0.8	5	100.0
11/30/2006 02:55	1.0	0.1	3.0	0.3	5.0	0.9	4.0	0.7	3.0	0.3	16.0	0.5	5	100.0
11/30/2006 03:00	0.0	0.0	2.0	0.3	1.0	0.1	5.0	1.5	2.0	0.4	10.0	0.5	5	100.0
11/30/2006 03:05	0.0	0.0	1.0	0.1	3.0	0.3	4.0	0.8	4.0	0.6	12.0	0.4	5	100.0
11/30/2006 03:10	0.0	0.0	1.0	0.1	3.0	0.4	5.0	1.1	4.0	0.9	13.0	0.5	5	100.0
11/30/2006 03:15	0.0	0.0	4.0	0.4	2.0	0.4	3.0	0.9	3.0	0.6	12.0	0.5	5	100.0
11/30/2006 03:20	0.0	0.0	0.0	0.0	0.0	0.0	0.0	0.0	2.0	0.6	2.0	0.1	5	100.0
11/30/2006 03:25	0.0	0.0	0.0	0.0	0.0	0.0	0.0	0.0	0.0	0.0	0.0	0.0	5	100.0
11/30/2006 03:30	0.0	0.0	0.0	0.0	0.0	0.0	0.0	0.0	0.0	0.0	0.0	0.0	5	100.0
11/30/2006 03:35	0.0	0.0	0.0	0.0	0.0	0.0	0.0	0.0	0.0	0.0	0.0	0.0	5	100.0
11/30/2006 03:40	0.0	0.0	0.0	0.0	0.0	0.0	0.0	0.0	0.0	0.0	0.0	0.0	5	100.0
11/30/2006 03:45	0.0	0.0	0.0	0.0	0.0	0.0	0.0	0.0	0.0	0.0	0.0	0.0	5	100.0
11/30/2006 03:50	0.0	0.0	0.0	0.0	0.0	0.0	0.0	0.0	0.0	0.0	0.0	0.0	5	100.0
11/30/2006 03:55	1.0	0.1	2.0	0.2	4.0	0.6	3.0	0.9	2.0	0.9	12.0	0.5	5	100.0
11/30/2006 04:00	0.0	0.0	2.0	0.2	1.0	0.3	4.0	1.5	1.0	0.1	8.0	0.4	5	100.0
11/30/2006 04:05	0.0	0.0	3.0	0.4	2.0	0.4	6.0	2.1	5.0	1.4	16.0	0.9	5	100.0
11/30/2006 04:10	0.0	0.0	5.0	0.5	9.0	1.5	5.0	1.2	7.0	1.6	26.0	1.0	5	100.0
11/30/2006 04:15	0.0	0.0	1.0	0.1	1.0	0.3	3.0	0.9	3.0	0.9	8.0	0.4	5	100.0
11/30/2006 04:20	1.0	0.1	3.0	0.3	7.0	1.5	8.0	2.1	5.0	1.0	24.0	1.0	5	100.0
11/30/2006 04:25	1.0	0.1	3.0	0.4	7.0	1.1	6.0	1.7	7.0	1.7	24.0	1.0	5	100.0
11/30/2006 04:30	0.0	0.0	6.0	0.7	5.0	1.1	7.0	2.2	9.0	2.1	27.0	1.2	5	100.0
11/30/2006 04:35	1.0	0.1	4.0	0.4	8.0	2.0	6.0	2.3	9.0	2.4	28.0	1.4	5	100.0
11/30/2006 04:40	1.0	0.1	5.0	0.6	7.0	1.1	8.0	2.5	5.0	1.1	26.0	1.1	5	100.0
11/30/2006 04:45	0.0	0.0	3.0	0.3	7.0	1.1	7.0	1.3	7.0	1.3	24.0	0.8	5	100.0
11/30/2006 04:50	1.0	0.1	7.0	0.7	9.0	2.1	9.0	2.5	8.0	1.9	34.0	1.5	5	100.0
11/30/2006 04:55	1.0	0.1	10.0	1.1	8.0	1.7	9.0	2.9	9.0	2.7	37.0	1.7	5	100.0
11/30/2006 05:00	1.0	0.1	6.0	0.6	9.0	1.3	9.0	2.5	10.0	2.9	35.0	1.5	5	100.0
11/30/2006 05:05	0.0	0.0	8.0	1.0	11.0	2.0	12.0	2.7	9.0	2.0	40.0	1.5	5	100.0
11/30/2006 05:10	0.0	0.0	11.0	1.3	13.0	2.2	13.0	3.2	10.0	1.9	47.0	1.7	5	100.0
11/30/2006 05:15	1.0	0.1	6.0	0.7	9.0	1.4	7.0	1.4	8.0	1.7	31.0	1.1	5	100.0
11/30/2006 05:20	1.0	0.1	11.0	1.4	13.0	2.7	13.0	2.5	9.0	2.1	47.0	1.8	5	100.0
11/30/2006 05:25	1.0	0.1	13.0	1.5	14.0	2.2	15.0	2.9	13.0	2.8	56.0	1.9	5	100.0
11/30/2006 05:30	0.0	0.0	13.0	1.8	11.0	1.8	11.0	2.6	10.0	1.9	45.0	1.6	5	100.0
11/30/2006 05:35	2.0	0.2	17.0	2.1	16.0	2.8	19.0	4.1	16.0	3.3	70.0	2.5	5	100.0
11/30/2006 05:40	3.0	0.3	20.0	2.6	23.0	3.7	18.0	4.3	16.0	3.4	80.0	2.9	5	100.0
11/30/2006 05:45	1.0	0.1	18.0	2.2	20.0	2.9	19.0	3.5	19.0	3.4	77.0	2.4	5	100.0
11/30/2006 05:50	1.0	0.1	21.0	2.5	21.0	4.3	21.0	4.3	19.0	3.4	83.0	2.9	5	100.0
11/30/2006 05:55	5.0	0.5	26.0	3.2	23.0	4.1	26.0	5.4	21.0	3.7	101.0	3.4	5	100.0
11/30/2006 06:00	3.0	0.3	19.0	2.4	19.0	3.3	18.0	4.5	16.0	3.0	75.0	2.7	5	100.0
11/30/2006 06:05	1.0	0.1	21.0	2.5	19.0	3.2	23.0	4.1	17.0	3.3	81.0	2.7	5	100.0
11/30/2006 06:10	3.0	0.3	29.0	3.8	22.0	4.3	27.0	4.9	25.0	4.9	106.0	3.6	5	100.0
11/30/2006 06:15	2.0	0.3	24.0	3.2	27.0	4.7	27.0	5.3	21.0	4.3	101.0	3.6	5	100.0
11/30/2006 06:20	2.0	0.3	31.0	4.0	28.0	4.9	29.0	5.6	24.0	4.8	114.0	3.9	5	100.0
11/30/2006 06:25	4.0	0.4	39.0	5.1	33.0	5.5	27.0	5.5	23.0	4.7	126.0	4.2	5	100.0
11/30/2006 06:30	4.0	0.6	25.0	3.3	23.0	4.3	23.0	4.4	21.0	4.2	96.0	3.4	5	100.0
11/30/2006 06:35	0.0	0.0	4.0	0.5	3.0	0.4	3.0	0.7	1.0	0.2	11.0	0.4	5	100.0
11/30/2006 06:40	4.0	0.5	39.0	5.3	34.0	6.1	27.0	4.9	27.0	5.3	131.0	4.4	5	100.0
11/30/2006 06:45	4.0	0.6	39.0	5.5	34.0	5.4	35.0	7.1	40.0	7.3	152.0	5.2	5	100.0
11/30/2006 06:50	4.0	0.6	47.0	6.5	40.0	7.0	36.0	6.3	41.0	7.0	168.0	5.5	5	100.0
11/30/2006 06:55	7.0	1.1	43.0	5.7	37.0	6.5	36.0	6.1	38.0	6.5	161.0	5.2	5	100.0
11/30/2006 07:00	6.0	0.7	46.0	6.1	43.0	7.2	41.0	7.3	39.0	7.6	175.0	5.8	5	100.0
11/30/2006 07:05	8.0	1.1	45.0	6.1	35.0	6.7	38.0	6.3	38.0	6.7	164.0	5.4	5	100.0
11/30/2006 07:10	4.0	0.6	48.0	6.4	38.0	6.5	37.0	7.5	33.0	6.3	160.0	5.5	5	100.0
11/30/2006 07:15	7.0	1.0	57.0	7.9	45.0	8.8	39.0	7.8	45.0	9.4	193.0	7.0	5	100.0
11/30/2006 07:20	7.0	0.8	46.0	6.3	40.0	6.1	41.0	7.9	41.0	6.9	175.0	5.6	5	100.0
11/30/2006 07:25	7.0	0.8	53.0	7.1	42.0	6.5	45.0	7.7	45.0	7.9	192.0	6.0	5	100.0
11/30/2006 07:30	7.0	0.9	54.0	7.3	39.0	7.9	45.0	7.3	40.0	6.9	185.0	6.1	5	100.0
11/30/2006 07:35	7.0	1.0	47.0	6.8	40.0	6.4	39.0	7.3	45.0	8.6	178.0	6.0	5	100.0
11/30/2006 07:40	6.0	0.8	51.0	7.4	41.0	7.6	41.0	8.4	49.0	8.9	188.0	6.6	5	100.0
11/30/2006 07:45	7.0	0.7	54.0	7.6	43.0	7.3	41.0	7.2	44.0	8.3	189.0	6.2	5	100.0
11/30/2006 07:50	8.0	1.1	50.0	8.0	39.0	8.8	44.0	7.9	44.0	7.6	185.0	6.7	5	100.0
11/30/2006 07:55	13.0	2.2	55.0	9.9	48.0	10.2	43.0	9.6	53.0	12.1	212.0	8.8	5	100.0
11/30/2006 08:00	7.0	0.9	52.0	7.5	41.0	8.1	42.0	8.9	51.0	9.1	193.0	6.9	5	100.0
11/30/2006 08:05	10.0	1.4	61.0	9.0	44.0	8.9	46.0	7.8	51.0	9.6	212.0	7.3	5	100.0
11/30/2006 08:10	7.0	0.9	53.0	7.8	47.0	8.5	41.0	8.3	50.0	9.1	198.0	6.9	5	100.0
11/30/2006 08:15	5.0	0.8	33.0	5.1	24.0	5.2	28.0	4.9	28.0	5.0	118.0	4.2	5	100.0
11/30/2006 08:20	13.0	1.9	57.0	10.1	46.0	12.3	44.0	11.3	50.0	12.1	210.0	9.5	5	100.0
11/30/2006 08:25	6.0	0.8	56.0	8.3	44.0	8.1	42.0	9.1	53.0	13.2	201.0	7.9	5	100.0
11/30/2006 08:30	6.0	0.7	51.0	7.3	39.0	6.9	41.0	7.7	51.0	9.7	188.0	6.5	5	100.0
11/30/2006 08:35	7.0	0.8	48.0	6.9	40.0	7.8	41.0	7.7	43.0	7.2	179.0	6.1	5	100.0
11/30/2006 08:40	7.0	1.3	53.0	7.6	42.0	8.2	47.0	8.3	53.0	10.2	202.0	7.1	5	100.0
11/30/2006 08:45	5.0	0.8	55.0	8.2	37.0	7.5	39.0	8.6	49.0	9.7	185.0	7.0	5	100.0
11/30/2006 08:50	6.0	0.9	50.0	7.1	39.0	7.8	42.0	8.6	49.0	8.9	186.0	6.7	5	100.0
11/30/2006 08:55	11.0	1.4	58.0	8.1	38.0	7.3	45.0	8.9	48.0	8.2	200.0	6.8	5	100.0
11/30/2006 09:00	7.0	0.9	44.0	6.1	37.0	7.4	38.0	7.4	43.0	8.4	169.0	6.1	5	100.0
11/30/2006 09:05	11.0	1.5	49.0	7.3	35.0	7.2	42.0	8.1	52.0	9.4	189.0	6.7	5	100.0
11/30/2006 09:10	12.0	1.9	53.0	7.9	37.0	8.1	43.0	8.5	58.0	10.7	203.0	7.4	5	100.0
11/30/2006 09:15	11.0	1.5	51.0	7.6	42.0	8.0	43.0	8.7	47.0	9.6	194.0	7.1	5	100.0
11/30/2006 09:20	9.0	1.1	53.0	7.4	40.0	7.4	43.0	9.0	50.0	9.1	195.0	6.8	5	100.0
11/30/2006 09:25	8.0	1.2	56.0	8.2	44.0	8.5	43.0	9.4	55.0	11.0	206.0	7.7	5	100.0
11/30/2006 09:30	9.0	1.3	61.0	9.7	45.0	9.9	47.0	11.1	49.0	10.9	211.0	8.6	5	100.0
11/30/2006 09:35	14.0	1.9	59.0	9.6	49.0	10.9	48.0	8.9	54.0	11.1	224.0	8.5	5	100.0
11/30/2006 09:40	9.0	1.2	48.0	6.6	38.0	6.7	37.0	7.8	47.0	9.2	179.0	6.3	5	100.0
11/30/2006 09:45	9.0	1.2	51.0	7.2	41.0	8.0	41.0	8.3	51.0	9.8	193.0	6.9	5	100.0
11/30/2006 09:50	13.0	1.6	49.0	6.7	44.0	8.4	45.0	8.1	42.0	8.1	193.0	6.6	5	100.0
11/30/2006 09:55	11.0	1.3	45.0	6.6	35.0	7.6	41.0	9.3	49.0	9.7	181.0	6.9	5	100.0
11/30/2006 10:00	25.0	3.2	45.0	6.3	37.0	8.2	38.0	8.6	41.0	8.1	186.0	6.9	5	100.0
11/30/2006 10:05	25.0	3.1	37.0	5.3	37.0	7.4	40.0	8.3	46.0	9.1	185.0	6.6	5	100.0
11/30/2006 10:10	25.0	3.2	47.0	6.6	35.0	7.5	37.0	7.3	44.0	8.0	188.0	6.5	5	100.0
11/30/2006 10:15	27.0	3.4	41.0	5.7	33.0	6.5	34.0	7.9	47.0	8.7	182.0	6.4	5	100.0
11/30/2006 10:20	26.0	3.1	40.0	5.3	35.0	6.5	39.0	8.4	45.0	9.7	185.0	6.6	5	100.0
11/30/2006 10:25	26.0	3.4	42.0	5.7	34.0	6.0	41.0	8.3	49.0	9.9	192.0	6.6	5	100.0
11/30/2006 10:30	20.0	2.6	39.0	5.4	39.0	7.2	40.0	8.9	44.0	8.7	182.0	6.6	5	100.0
11/30/2006 10:35	25.0	3.4	43.0	5.7	39.0	8.1	41.0	8.0	52.0	9.1	200.0	6.9	5	100.0
11/30/2006 10:40	16.0	2.1	27.0	3.7	21.0	5.2	24.0	4.7	31.0	5.6	119.0	4.3	5	100.0
11/30/2006 10:45	0.0	0.0	0.0	0.0	0.0	0.0	0.0	0.0	0.0	0.0	0.0	0.0	5	100.0
11/30/2006 10:50	19.0	2.4	40.0	5.9	29.0	6.9	36.0	7.1	43.0	7.9	167.0	6.1	5	100.0
11/30/2006 10:55	34.0	4.6	43.0	6.1	39.0	7.7	39.0	8.3	52.0	10.5	207.0	7.4	5	100.0
11/30/2006 11:00	26.0	3.5	38.0	5.3	32.0	6.6	35.0	6.6	39.0	7.2	170.0	5.8	5	100.0
11/30/2006 11:05	32.0	4.4	39.0	5.4	33.0	7.1	39.0	7.9	43.0	8.3	186.0	6.6	5	100.0
11/30/2006 11:10	15.0	1.9	26.0	3.6	22.0	4.8	19.0	4.3	23.0	4.1	105.0	3.8	5	100.0
11/30/2006 11:15	27.0	3.3	37.0	5.1	37.0	7.3	37.0	7.3	44.0	8.2	182.0	6.3	5	100.0
11/30/2006 11:20	31.0	4.0	41.0	5.8	39.0	6.8	40.0	8.2	43.0	9.1	194.0	6.8	5	100.0
11/30/2006 11:25	30.0	4.1	42.0	6.0	34.0	7.2	37.0	7.9	46.0	7.9	189.0	6.6	5	100.0
11/30/2006 11:30	27.0	3.6	43.0	5.9	36.0	7.6	43.0	8.1	44.0	8.6	193.0	6.8	5	100.0
11/30/2006 11:35	26.0	3.4	45.0	6.3	39.0	6.7	41.0	8.5	47.0	8.7	198.0	6.7	5	100.0
11/30/2006 11:40	22.0	2.8	37.0	5.2	35.0	7.3	37.0	7.5	48.0	9.1	179.0	6.4	5	100.0
11/30/2006 11:45	31.0	3.7	44.0	6.3	33.0	7.4	42.0	8.4	46.0	8.1	196.0	6.8	5	100.0
11/30/2006 11:50	31.0	4.1	45.0	5.9	35.0	6.9	44.0	10.0	48.0	9.2	203.0	7.2	5	100.0
11/30/2006 11:55	32.0	4.1	41.0	5.7	37.0	7.8	42.0	8.8	46.0	9.4	198.0	7.2	5	100.0
11/30/2006 12:00	33.0	4.3	43.0	6.1	43.0	8.2	43.0	9.0	51.0	10.4	213.0	7.6	5	100.0
11/30/2006 12:05	28.0	3.9	45.0	6.5	39.0	8.1	41.0	7.8	47.0	8.3	200.0	6.9	5	100.0
11/30/2006 12:10	35.0	4.9	42.0	6.3	42.0	8.1	41.0	8.1	49.0	9.3	209.0	7.4	5	100.0
11/30/2006 12:15	31.0	4.1	42.0	5.9	39.0	6.5	37.0	7.9	42.0	8.5	191.0	6.6	5	100.0
11/30/2006 12:20	37.0	4.9	43.0	6.2	39.0	7.9	41.0	9.3	51.0	10.0	211.0	7.7	5	100.0
11/30/2006 12:25	32.0	4.4	41.0	5.8	42.0	7.3	43.0	9.1	51.0	9.7	209.0	7.3	5	100.0
11/30/2006 12:30	28.0	3.8	45.0	6.3	37.0	7.4	48.0	9.9	49.0	9.5	207.0	7.4	5	100.0
11/30/2006 12:35	37.0	5.0	46.0	6.5	47.0	8.3	45.0	9.4	51.0	10.1	226.0	7.9	5	100.0
11/30/2006 12:40	27.0	3.6	46.0	6.3	35.0	7.2	38.0	7.2	49.0	8.5	195.0	6.6	5	100.0
11/30/2006 12:45	33.0	4.4	44.0	6.2	39.0	7.7	41.0	7.9	51.0	10.8	208.0	7.4	5	100.0
11/30/2006 12:50	36.0	4.5	47.0	6.9	43.0	8.5	43.0	8.8	49.0	9.7	218.0	7.7	5	100.0
11/30/2006 12:55	31.0	4.0	42.0	6.0	43.0	7.2	37.0	7.5	46.0	9.0	199.0	6.8	5	100.0
11/30/2006 13:00	33.0	4.3	43.0	5.9	39.0	6.9	41.0	7.9	45.0	8.3	201.0	6.7	5	100.0
11/30/2006 13:05	37.0	4.9	46.0	6.6	44.0	8.4	39.0	7.9	47.0	8.5	213.0	7.3	5	100.0
11/30/2006 13:10	37.0	4.9	47.0	6.5	44.0	8.1	45.0	8.7	47.0	9.3	220.0	7.5	5	100.0
11/30/2006 13:15	35.0	4.5	42.0	6.0	39.0	7.5	40.0	8.1	56.0	10.5	212.0	7.3	5	100.0
11/30/2006 13:20	39.0	5.3	43.0	5.9	37.0	6.8	41.0	8.1	47.0	9.5	207.0	7.1	5	100.0
11/30/2006 13:25	35.0	4.7	41.0	6.0	43.0	7.5	41.0	8.7	52.0	10.9	212.0	7.6	5	100.0
11/30/2006 13:30	35.0	4.5	41.0	5.7	37.0	6.9	37.0	7.3	44.0	8.4	194.0	6.6	5	100.0
11/30/2006 13:35	33.0	4.6	46.0	6.4	35.0	7.2	43.0	8.5	45.0	8.5	202.0	7.0	5	100.0
11/30/2006 13:40	39.0	5.0	45.0	6.4	40.0	7.5	41.0	8.1	42.0	7.7	207.0	7.0	5	100.0
11/30/2006 13:45	35.0	4.4	47.0	6.5	38.0	7.6	43.0	7.7	45.0	8.1	208.0	6.9	5	100.0
11/30/2006 13:50	36.0	4.7	52.0	7.3	43.0	8.2	46.0	8.9	50.0	9.6	227.0	7.8	5	100.0
11/30/2006 13:55	45.0	6.1	49.0	7.0	41.0	7.4	44.0	8.6	48.0	8.7	227.0	7.5	5	100.0
11/30/2006 14:00	40.0	5.5	48.0	6.9	44.0	8.7	43.0	8.3	47.0	8.3	222.0	7.5	5	100.0
11/30/2006 14:05	53.0	7.5	57.0	8.5	39.0	8.6	48.0	8.9	44.0	8.4	241.0	8.4	5	100.0
11/30/2006 14:10	58.0	8.2	53.0	7.9	43.0	8.5	45.0	9.6	50.0	9.8	249.0	8.8	5	100.0
11/30/2006 14:15	55.0	8.1	53.0	7.9	49.0	9.5	44.0	8.7	48.0	9.3	249.0	8.7	5	100.0
11/30/2006 14:20	53.0	7.1	49.0	7.3	45.0	9.1	43.0	8.3	39.0	7.5	229.0	7.9	5	100.0
11/30/2006 14:25	55.0	8.1	51.0	7.6	45.0	9.5	47.0	8.9	50.0	9.3	248.0	8.7	5	100.0
11/30/2006 14:30	50.0	6.7	48.0	6.7	43.0	7.7	43.0	8.2	45.0	8.4	229.0	7.5	5	100.0
11/30/2006 14:35	59.0	7.8	47.0	6.9	46.0	9.1	44.0	8.3	44.0	7.9	240.0	8.0	5	100.0
11/30/2006 14:40	59.0	8.9	57.0	8.9	50.0	9.6	53.0	10.1	52.0	9.7	271.0	9.4	5	100.0
11/30/2006 14:45	45.0	6.2	52.0	7.4	45.0	9.4	41.0	7.7	42.0	7.6	225.0	7.7	5	100.0
11/30/2006 14:50	56.0	7.9	54.0	8.2	45.0	8.9	48.0	8.7	46.0	9.3	249.0	8.6	5	100.0
11/30/2006 14:55	49.0	6.6	59.0	8.7	45.0	9.1	45.0	9.1	51.0	9.4	249.0	8.6	5	100.0
11/30/2006 15:00	28.0	3.7	67.0	10.3	47.0	8.7	47.0	8.6	47.0	8.7	236.0	8.0	5	100.0
11/30/2006 15:05	24.0	3.8	55.0	12.8	47.0	12.7	45.0	11.2	45.0	11.1	216.0	10.3	5	100.0
11/30/2006 15:10	26.0	4.4	49.0	9.2	44.0	9.4	46.0	9.9	41.0	9.1	206.0	8.4	5	100.0
11/30/2006 15:15	31.0	4.7	54.0	10.5	47.0	10.7	46.0	10.2	45.0	9.7	223.0	9.2	5	100.0
11/30/2006 15:20	34.0	5.7	54.0	10.7	48.0	11.1	49.0	11.5	44.0	10.6	229.0	9.9	5	100.0
11/30/2006 15:25	29.0	4.6	51.0	9.2	44.0	9.7	45.0	10.0	42.0	9.8	211.0	8.7	5	100.0
11/30/2006 15:30	32.0	5.3	56.0	11.2	41.0	10.9	45.0	9.8	41.0	9.4	215.0	9.3	5	100.0
11/30/2006 15:35	35.0	5.6	53.0	10.8	45.0	12.1	44.0	10.3	45.0	10.1	222.0	9.8	5	100.0
11/30/2006 15:40	35.0	6.1	48.0	11.3	44.0	11.9	41.0	10.6	42.0	11.1	210.0	10.2	5	100.0
11/30/2006 15:45	36.0	6.3	54.0	10.7	47.0	10.6	44.0	9.7	45.0	10.3	226.0	9.5	5	100.0
11/30/2006 15:50	35.0	6.3	49.0	11.1	42.0	12.0	46.0	11.5	43.0	10.1	215.0	10.2	5	100.0
11/30/2006 15:55	37.0	7.1	51.0	12.5	47.0	12.8	45.0	11.1	47.0	11.5	227.0	11.0	5	100.0
11/30/2006 16:00	39.0	7.3	53.0	11.0	46.0	11.2	46.0	11.5	49.0	12.1	233.0	10.6	5	100.0
11/30/2006 16:05	43.0	9.7	46.0	13.1	46.0	14.0	43.0	11.6	43.0	11.6	221.0	12.0	5	100.0
11/30/2006 16:10	39.0	8.5	44.0	14.3	39.0	16.3	43.0	13.9	40.0	12.1	205.0	13.0	5	100.0
11/30/2006 16:15	42.0	8.5	46.0	10.7	41.0	11.6	45.0	11.1	43.0	10.7	217.0	10.5	5	100.0
11/30/2006 16:20	47.0	11.3	54.0	14.4	39.0	13.6	51.0	12.9	44.0	10.3	235.0	12.5	5	100.0
11/30/2006 16:25	37.0	8.3	45.0	14.4	39.0	13.7	40.0	11.1	39.0	10.1	200.0	11.5	5	100.0
11/30/2006 16:30	31.0	7.0	33.0	12.0	30.0	12.8	33.0	10.5	35.0	10.4	162.0	10.6	5	100.0
11/30/2006 16:35	39.0	10.3	44.0	21.0	37.0	17.5	42.0	15.7	46.0	15.5	208.0	16.0	5	100.0
11/30/2006 16:40	47.0	13.5	41.0	16.9	39.0	17.6	45.0	15.6	44.0	15.0	216.0	15.7	5	100.0
11/30/2006 16:45	40.0	10.4	40.0	17.9	37.0	16.5	40.0	15.9	42.0	15.1	199.0	15.2	5	100.0
11/30/2006 16:50	42.0	16.1	40.0	20.5	39.0	21.0	42.0	15.5	41.0	14.0	204.0	17.4	5	100.0
11/30/2006 16:55	46.0	14.9	45.0	19.4	39.0	20.3	42.0	17.1	43.0	16.6	215.0	17.7	5	100.0
11/30/2006 17:00	38.0	8.9	46.0	20.9	34.0	16.3	45.0	14.9	47.0	14.2	210.0	15.1	5	100.0
11/30/2006 17:05	42.0	11.2	43.0	14.8	33.0	14.2	43.0	13.5	45.0	13.7	206.0	13.5	5	100.0
11/30/2006 17:10	42.0	10.7	42.0	18.0	38.0	18.7	42.0	16.4	41.0	13.5	205.0	15.5	5	100.0
11/30/2006 17:15	42.0	19.1	40.0	16.4	37.0	19.2	41.0	14.7	46.0	13.3	206.0	16.6	5	100.0
11/30/2006 17:20	45.0	11.3	49.0	13.5	45.0	14.3	45.0	13.7	45.0	13.1	229.0	13.2	5	100.0
11/30/2006 17:25	28.0	6.6	29.0	10.0	24.0	8.8	25.0	7.8	25.0	7.1	131.0	8.1	5	100.0
11/30/2006 17:30	41.0	13.7	39.0	20.9	37.0	22.5	39.0	19.3	42.0	16.9	198.0	18.7	5	100.0
11/30/2006 17:35	42.0	14.3	41.0	21.2	37.0	19.5	37.0	19.5	40.0	17.6	197.0	18.4	5	100.0
11/30/2006 17:40	43.0	17.7	39.0	18.5	39.0	21.1	41.0	14.2	41.0	13.3	203.0	17.0	5	100.0
11/30/2006 17:45	43.0	10.9	42.0	18.7	40.0	14.5	41.0	13.3	41.0	12.1	207.0	13.9	5	100.0
11/30/2006 17:50	45.0	9.7	46.0	12.4	46.0	14.2	43.0	11.9	45.0	12.9	225.0	12.2	5	100.0
11/30/2006 17:55	41.0	9.9	41.0	20.5	38.0	16.0	41.0	13.6	45.0	14.9	206.0	15.0	5	100.0
11/30/2006 18:00	37.0	10.3	41.0	20.5	36.0	21.3	39.0	18.2	43.0	17.7	196.0	17.6	5	100.0
11/30/2006 18:05	43.0	12.8	41.0	17.9	35.0	18.8	37.0	17.2	41.0	17.9	197.0	16.9	5	100.0
11/30/2006 18:10	41.0	15.3	40.0	20.0	37.0	18.1	41.0	16.6	41.0	14.3	200.0	16.9	5	100.0
11/30/2006 18:15	44.0	14.2	43.0	19.5	39.0	18.2	41.0	18.5	43.0	16.4	210.0	17.4	5	100.0
11/30/2006 18:20	39.0	12.0	41.0	18.1	40.0	18.5	42.0	15.7	41.0	14.7	203.0	15.8	5	100.0
11/30/2006 18:25	42.0	10.7	49.0	13.8	44.0	13.8	45.0	12.8	43.0	12.5	223.0	12.7	5	100.0
11/30/2006 18:30	39.0	13.9	41.0	18.3	39.0	15.6	43.0	14.8	45.0	14.8	207.0	15.5	5	100.0
11/30/2006 18:35	43.0	11.0	49.0	15.4	42.0	13.1	42.0	13.1	39.0	12.3	215.0	13.0	5	100.0
11/30/2006 18:40	43.0	13.5	43.0	16.9	42.0	16.1	43.0	13.7	42.0	13.6	213.0	14.8	5	100.0
11/30/2006 18:45	43.0	13.3	43.0	21.9	39.0	17.1	43.0	15.1	41.0	14.1	209.0	16.3	5	100.0
11/30/2006 18:50	44.0	10.5	51.0	12.7	40.0	12.1	43.0	12.0	44.0	11.1	222.0	11.7	5	100.0
11/30/2006 18:55	49.0	10.1	51.0	11.3	41.0	11.7	47.0	11.0	45.0	11.2	233.0	11.1	5	100.0
11/30/2006 19:00	53.0	12.2	47.0	10.9	44.0	12.1	40.0	10.7	42.0	11.0	226.0	11.4	5	100.0
11/30/2006 19:05	49.0	11.5	48.0	11.4	40.0	11.3	44.0	11.4	42.0	10.7	223.0	11.2	5	100.0
11/30/2006 19:10	51.0	11.3	45.0	10.5	43.0	11.4	46.0	11.6	41.0	11.1	226.0	11.2	5	100.0
11/30/2006 19:15	53.0	13.1	51.0	12.9	45.0	13.8	41.0	12.1	47.0	13.5	237.0	13.1	5	100.0
11/30/2006 19:20	51.0	12.8	48.0	13.1	43.0	13.9	43.0	12.7	46.0	13.3	231.0	13.2	5	100.0
11/30/2006 19:25	50.0	13.3	47.0	12.1	44.0	12.9	43.0	12.3	43.0	12.5	227.0	12.6	5	100.0
11/30/2006 19:30	52.0	11.1	50.0	10.6	46.0	11.0	42.0	10.6	48.0	12.0	238.0	11.1	5	100.0
11/30/2006 19:35	52.0	10.9	48.0	10.1	44.0	10.9	44.0	10.6	47.0	11.1	235.0	10.7	5	100.0
11/30/2006 19:40	56.0	11.5	50.0	10.3	50.0	12.1	45.0	10.7	46.0	11.8	247.0	11.3	5	100.0
11/30/2006 19:45	39.0	5.7	41.0	5.9	45.0	8.3	46.0	8.1	45.0	9.2	216.0	7.5	5	100.0
11/30/2006 19:50	37.0	4.9	43.0	5.9	37.0	5.4	42.0	6.6	40.0	6.1	199.0	5.8	5	100.0
11/30/2006 19:55	35.0	4.5	37.0	5.1	34.0	5.9	39.0	6.1	40.0	6.7	185.0	5.7	5	100.0
11/30/2006 20:00	33.0	4.3	34.0	4.4	34.0	5.4	38.0	6.6	34.0	5.5	173.0	5.2	5	100.0
11/30/2006 20:05	34.0	4.7	37.0	4.9	37.0	5.7	36.0	5.6	34.0	5.5	178.0	5.3	5	100.0
11/30/2006 20:10	33.0	4.5	39.0	5.2	36.0	5.2	37.0	5.9	33.0	5.7	178.0	5.3	5	100.0
11/30/2006 20:15	28.0	3.6	34.0	4.4	36.0	5.6	34.0	5.5	36.0	6.1	168.0	5.0	5	100.0
11/30/2006 20:20	35.0	4.7	35.0	4.5	36.0	6.2	37.0	6.5	34.0	5.9	177.0	5.6	5	100.0
11/30/2006 20:25	34.0	4.4	39.0	5.3	35.0	5.5	39.0	6.8	37.0	6.1	184.0	5.6	5	100.0
11/30/2006 20:30	35.0	4.6	39.0	5.2	36.0	5.5	33.0	5.1	33.0	4.8	176.0	5.0	5	100.0
11/30/2006 20:35	29.0	3.6	33.0	4.5	34.0	4.9	35.0	5.3	29.0	4.8	160.0	4.6	5	100.0
11/30/2006 20:40	31.0	3.7	34.0	4.6	33.0	5.1	30.0	5.4	29.0	5.0	157.0	4.8	5	100.0
11/30/2006 20:45	23.0	2.9	27.0	3.6	37.0	5.3	39.0	6.1	33.0	5.6	159.0	4.7	5	100.0
11/30/2006 20:50	24.0	2.9	34.0	4.3	33.0	4.6	35.0	6.5	35.0	5.8	161.0	4.8	5	100.0
11/30/2006 20:55	28.0	3.5	30.0	4.1	32.0	4.5	29.0	4.9	32.0	5.3	151.0	4.5	5	100.0
11/30/2006 21:00	21.0	2.8	27.0	3.9	26.0	4.1	29.0	4.4	29.0	4.5	132.0	3.9	5	100.0
11/30/2006 21:05	21.0	2.7	29.0	3.7	29.0	4.1	37.0	5.9	27.0	4.5	143.0	4.2	5	100.0
11/30/2006 21:10	27.0	3.5	36.0	4.7	35.0	5.5	37.0	5.7	35.0	5.7	170.0	5.0	5	100.0
11/30/2006 21:15	27.0	3.5	38.0	5.1	33.0	5.5	32.0	5.2	31.0	4.7	161.0	4.8	5	100.0
11/30/2006 21:20	23.0	2.9	31.0	4.3	35.0	4.9	35.0	5.6	32.0	5.1	156.0	4.6	5	100.0
11/30/2006 21:25	30.0	3.9	36.0	4.8	39.0	5.8	29.0	4.5	33.0	4.9	167.0	4.8	5	100.0
11/30/2006 21:30	25.0	3.3	33.0	4.2	31.0	4.6	33.0	5.4	35.0	5.7	157.0	4.6	5	100.0
11/30/2006 21:35	21.0	2.6	29.0	3.9	30.0	4.4	31.0	5.3	28.0	4.8	139.0	4.2	5	100.0
11/30/2006 21:40	25.0	3.1	31.0	4.1	31.0	4.2	35.0	5.3	31.0	5.1	153.0	4.4	5	100.0
11/30/2006 21:45	21.0	2.8	26.0	3.7	30.0	4.7	29.0	4.5	32.0	4.9	138.0	4.1	5	100.0
11/30/2006 21:50	29.0	3.9	35.0	4.7	33.0	5.5	31.0	5.0	29.0	4.9	157.0	4.8	5	100.0
11/30/2006 21:55	22.0	2.8	28.0	3.5	29.0	4.4	31.0	5.3	30.0	4.9	140.0	4.2	5	100.0
11/30/2006 22:00	23.0	2.9	27.0	3.5	29.0	4.1	27.0	4.4	27.0	4.1	133.0	3.8	5	100.0
11/30/2006 22:05	19.0	2.3	29.0	3.7	26.0	4.1	27.0	4.4	27.0	4.6	128.0	3.8	5	100.0
11/30/2006 22:10	18.0	2.3	24.0	3.1	23.0	3.3	29.0	4.6	27.0	4.7	121.0	3.6	5	100.0
11/30/2006 22:15	19.0	2.2	26.0	3.5	30.0	4.5	27.0	4.5	26.0	4.1	128.0	3.8	5	100.0
11/30/2006 22:20	23.0	3.1	28.0	3.7	28.0	4.1	23.0	3.8	26.0	4.6	128.0	3.9	5	100.0
11/30/2006 22:25	19.0	2.3	31.0	3.9	27.0	4.2	31.0	4.5	27.0	4.3	135.0	3.8	5	100.0
11/30/2006 22:30	17.0	2.3	27.0	3.5	25.0	3.9	29.0	4.7	23.0	3.8	121.0	3.6	5	100.0
11/30/2006 22:35	16.0	2.0	25.0	3.2	24.0	3.6	29.0	5.3	20.0	3.3	114.0	3.5	5	100.0
11/30/2006 22:40	19.0	2.3	25.0	3.3	23.0	3.1	25.0	4.3	23.0	3.8	115.0	3.4	5	100.0
11/30/2006 22:45	15.0	1.9	29.0	3.7	25.0	3.2	21.0	3.7	21.0	3.7	111.0	3.2	5	100.0
11/30/2006 22:50	19.0	2.3	23.0	2.9	26.0	3.9	22.0	3.9	25.0	3.9	115.0	3.4	5	100.0
11/30/2006 22:55	16.0	2.3	25.0	3.4	25.0	4.4	26.0	4.5	20.0	3.3	112.0	3.6	5	100.0
11/30/2006 23:00	11.0	1.2	20.0	2.7	19.0	3.1	19.0	3.0	19.0	3.3	88.0	2.7	5	100.0
11/30/2006 23:05	3.0	0.3	14.0	1.7	11.0	1.7	12.0	2.0	11.0	1.7	51.0	1.5	5	100.0
11/30/2006 23:10	10.0	1.1	15.0	1.9	17.0	2.3	15.0	2.5	15.0	2.3	72.0	2.0	5	100.0
11/30/2006 23:15	10.0	1.2	16.0	2.0	15.0	2.1	16.0	2.6	13.0	2.2	70.0	2.0	5	100.0
11/30/2006 23:20	13.0	1.5	18.0	2.3	17.0	2.7	17.0	3.2	14.0	2.6	79.0	2.5	5	100.0
11/30/2006 23:25	6.0	0.6	16.0	1.9	11.0	1.6	11.0	1.9	13.0	1.7	57.0	1.6	5	100.0
11/30/2006 23:30	6.0	0.7	15.0	1.8	13.0	2.1	12.0	2.3	13.0	2.3	59.0	1.9	5	100.0
11/30/2006 23:35	10.0	1.1	21.0	2.7	18.0	2.9	16.0	3.3	15.0	2.5	80.0	2.5	5	100.0
11/30/2006 23:40	10.0	1.2	18.0	2.1	17.0	2.4	15.0	2.9	11.0	1.9	71.0	2.1	5	100.0
11/30/2006 23:45	6.0	0.6	13.0	1.4	16.0	2.2	16.0	2.4	11.0	1.9	62.0	1.7	5	100.0
11/30/2006 23:50	6.0	0.6	9.0	1.2	9.0	1.2	9.0	1.5	7.0	1.0	40.0	1.1	5	100.0
11/30/2006 23:55	9.0	1.0	15.0	1.8	13.0	2.5	14.0	2.7	15.0	2.3	66.0	2.1	5	100.0
