5 Minutes	Lane 1 Flow (Veh/5 Minutes)	Lane 1 Occ (%)	Lane 2 Flow (Veh/5 Minutes)	Lane 2 Occ (%)	Lane 3 Flow (Veh/5 Minutes)	Lane 3 Occ (%)	Lane 4 Flow (Veh/5 Minutes)	Lane 4 Occ (%)	Lane 5 Flow (Veh/5 Minutes)	Lane 5 Occ (%)	Flow (Veh/5 Minutes)	Occupancy (%)	# Lane Points	% Observed
12/29/2006 00:00	7.0	0.9	17.0	2.1	17.0	2.1	13.0	2.4	13.0	1.9	67.0	1.9	5	100.0
12/29/2006 00:05	11.0	1.3	21.0	2.6	20.0	2.8	15.0	2.5	11.0	1.7	78.0	2.2	5	100.0
12/29/2006 00:10	9.0	1.1	17.0	2.1	19.0	2.6	16.0	2.5	14.0	2.4	75.0	2.1	5	100.0
12/29/2006 00:15	9.0	1.1	24.0	3.0	15.0	2.0	15.0	2.4	11.0	1.8	74.0	2.1	5	100.0
12/29/2006 00:20	8.0	0.9	20.0	2.4	18.0	2.4	12.0	2.4	11.0	2.4	69.0	2.1	5	100.0
12/29/2006 00:25	7.0	0.7	13.0	1.7	16.0	2.4	13.0	2.5	12.0	1.9	61.0	1.9	5	100.0
12/29/2006 00:30	4.0	0.4	15.0	1.9	16.0	2.5	12.0	1.8	8.0	1.4	55.0	1.6	5	100.0
12/29/2006 00:35	0.0	0.0	7.0	0.9	11.0	1.4	7.0	1.8	6.0	0.7	31.0	1.0	5	100.0
12/29/2006 00:40	3.0	0.4	11.0	1.5	16.0	2.6	14.0	2.5	11.0	1.8	55.0	1.8	5	100.0
12/29/2006 00:45	7.0	0.9	12.0	1.4	13.0	2.0	11.0	2.5	9.0	1.3	52.0	1.6	5	100.0
12/29/2006 00:50	6.0	0.7	15.0	1.8	11.0	1.4	11.0	1.8	9.0	1.4	52.0	1.4	5	100.0
12/29/2006 00:55	6.0	0.6	11.0	1.1	9.0	1.2	9.0	2.4	10.0	1.5	45.0	1.4	5	100.0
12/29/2006 01:00	5.0	0.5	11.0	1.4	10.0	1.5	11.0	1.8	7.0	1.4	44.0	1.3	5	100.0
12/29/2006 01:05	5.0	0.5	8.0	0.9	13.0	1.9	12.0	2.3	11.0	1.5	49.0	1.4	5	100.0
12/29/2006 01:10	2.0	0.2	7.0	0.9	9.0	1.1	12.0	2.2	7.0	0.8	37.0	1.0	5	100.0
12/29/2006 01:15	3.0	0.3	11.0	1.3	10.0	1.4	8.0	1.5	9.0	1.6	41.0	1.2	5	100.0
12/29/2006 01:20	1.0	0.1	7.0	1.1	9.0	1.3	11.0	2.5	9.0	1.7	37.0	1.3	5	100.0
12/29/2006 01:25	0.0	0.0	8.0	0.9	10.0	1.6	11.0	1.7	7.0	1.2	36.0	1.1	5	100.0
12/29/2006 01:30	1.0	0.1	7.0	0.7	6.0	0.7	10.0	1.3	9.0	1.1	33.0	0.8	5	100.0
12/29/2006 01:35	1.0	0.1	9.0	1.0	9.0	1.4	8.0	1.5	9.0	1.3	36.0	1.1	5	100.0
12/29/2006 01:40	1.0	0.1	8.0	0.9	9.0	1.1	7.0	1.7	8.0	1.4	33.0	1.0	5	100.0
12/29/2006 01:45	1.0	0.1	9.0	0.9	9.0	1.4	9.0	1.8	7.0	0.9	35.0	1.0	5	100.0
12/29/2006 01:50	1.0	0.1	8.0	0.8	7.0	1.1	9.0	2.1	7.0	1.6	32.0	1.2	5	100.0
12/29/2006 01:55	3.0	0.3	9.0	1.1	10.0	1.3	11.0	1.7	4.0	0.8	37.0	1.1	5	100.0
12/29/2006 02:00	1.0	0.1	9.0	1.0	9.0	1.0	13.0	2.8	6.0	1.3	38.0	1.2	5	100.0
12/29/2006 02:05	3.0	0.3	6.0	0.7	9.0	0.9	11.0	2.4	5.0	1.0	34.0	1.1	5	100.0
12/29/2006 02:10	2.0	0.3	3.0	0.3	5.0	0.6	5.0	0.9	4.0	0.5	19.0	0.5	5	100.0
12/29/2006 02:15	3.0	0.3	9.0	1.0	7.0	0.9	9.0	1.9	6.0	0.9	34.0	1.0	5	100.0
12/29/2006 02:20	0.0	0.0	1.0	0.1	4.0	0.4	2.0	0.4	1.0	0.2	8.0	0.2	5	100.0
12/29/2006 02:25	1.0	0.1	8.0	1.0	9.0	1.3	9.0	3.3	6.0	0.9	33.0	1.3	5	100.0
12/29/2006 02:30	1.0	0.1	5.0	0.6	7.0	0.8	6.0	1.2	6.0	0.9	25.0	0.7	5	100.0
12/29/2006 02:35	1.0	0.1	3.0	0.3	5.0	0.9	3.0	0.6	5.0	1.0	17.0	0.6	5	100.0
12/29/2006 02:40	1.0	0.1	5.0	0.5	7.0	1.1	7.0	2.1	3.0	0.4	23.0	0.8	5	100.0
12/29/2006 02:45	0.0	0.0	7.0	0.8	5.0	0.5	7.0	1.3	5.0	1.0	24.0	0.7	5	100.0
12/29/2006 02:50	2.0	0.3	3.0	0.4	4.0	0.6	5.0	1.0	6.0	1.1	20.0	0.7	5	100.0
12/29/2006 02:55	1.0	0.1	3.0	0.4	5.0	0.5	4.0	0.8	5.0	0.6	18.0	0.5	5	100.0
12/29/2006 03:00	2.0	0.2	6.0	0.6	4.0	0.6	5.0	0.6	3.0	0.6	20.0	0.5	5	100.0
12/29/2006 03:05	1.0	0.1	5.0	0.5	3.0	0.3	8.0	1.2	6.0	1.0	23.0	0.6	5	100.0
12/29/2006 03:10	1.0	0.1	4.0	0.4	5.0	0.9	4.0	1.2	3.0	0.5	17.0	0.6	5	100.0
12/29/2006 03:15	0.0	0.0	5.0	0.5	3.0	0.6	4.0	1.1	4.0	0.4	16.0	0.5	5	100.0
12/29/2006 03:20	0.0	0.0	3.0	0.3	3.0	0.4	6.0	1.9	3.0	1.0	15.0	0.7	5	100.0
12/29/2006 03:25	0.0	0.0	3.0	0.5	3.0	0.3	6.0	0.9	3.0	0.7	15.0	0.5	5	100.0
12/29/2006 03:30	1.0	0.1	4.0	0.4	4.0	1.0	8.0	2.0	5.0	0.9	22.0	0.9	5	100.0
12/29/2006 03:35	1.0	0.1	4.0	0.4	6.0	0.9	5.0	1.0	5.0	0.9	21.0	0.7	5	100.0
12/29/2006 03:40	0.0	0.0	5.0	0.5	6.0	0.8	5.0	1.0	2.0	0.3	18.0	0.5	5	100.0
12/29/2006 03:45	0.0	0.0	1.0	0.1	4.0	0.8	8.0	2.0	5.0	0.9	18.0	0.8	5	100.0
12/29/2006 03:50	3.0	0.3	4.0	0.4	7.0	0.7	3.0	1.1	4.0	1.1	21.0	0.7	5	100.0
12/29/2006 03:55	0.0	0.0	2.0	0.2	5.0	0.6	6.0	1.8	7.0	1.8	20.0	0.9	5	100.0
12/29/2006 04:00	1.0	0.1	4.0	0.4	3.0	0.6	5.0	1.2	5.0	1.1	18.0	0.7	5	100.0
12/29/2006 04:05	0.0	0.0	4.0	0.5	6.0	0.8	3.0	0.9	4.0	0.6	17.0	0.6	5	100.0
12/29/2006 04:10	0.0	0.0	2.0	0.2	3.0	0.5	3.0	0.7	2.0	0.5	10.0	0.4	5	100.0
12/29/2006 04:15	0.0	0.0	3.0	0.3	3.0	0.6	5.0	1.1	4.0	0.8	15.0	0.6	5	100.0
12/29/2006 04:20	0.0	0.0	6.0	0.7	6.0	0.8	9.0	2.2	4.0	0.7	25.0	0.9	5	100.0
12/29/2006 04:25	1.0	0.1	2.0	0.2	8.0	1.2	5.0	1.1	4.0	0.5	20.0	0.6	5	100.0
12/29/2006 04:30	1.0	0.1	3.0	0.3	5.0	0.9	6.0	2.1	5.0	1.2	20.0	0.9	5	100.0
12/29/2006 04:35	0.0	0.0	5.0	0.6	6.0	1.2	6.0	1.9	7.0	1.4	24.0	1.0	5	100.0
12/29/2006 04:40	0.0	0.0	4.0	0.6	8.0	1.4	8.0	1.8	8.0	1.6	28.0	1.1	5	100.0
12/29/2006 04:45	0.0	0.0	8.0	1.0	7.0	0.9	6.0	1.4	6.0	1.2	27.0	0.9	5	100.0
12/29/2006 04:50	1.0	0.1	5.0	0.5	7.0	1.0	8.0	1.7	9.0	1.9	30.0	1.0	5	100.0
12/29/2006 04:55	0.0	0.0	5.0	0.5	8.0	1.3	8.0	1.7	7.0	1.2	28.0	0.9	5	100.0
12/29/2006 05:00	0.0	0.0	5.0	0.6	6.0	0.9	8.0	1.5	6.0	1.6	25.0	0.9	5	100.0
12/29/2006 05:05	0.0	0.0	9.0	1.0	9.0	1.6	7.0	1.6	6.0	1.7	31.0	1.2	5	100.0
12/29/2006 05:10	0.0	0.0	7.0	0.8	7.0	1.2	7.0	1.9	7.0	1.4	28.0	1.1	5	100.0
12/29/2006 05:15	0.0	0.0	9.0	0.9	9.0	1.5	12.0	1.8	8.0	1.6	38.0	1.2	5	100.0
12/29/2006 05:20	3.0	0.3	12.0	1.5	10.0	2.1	12.0	2.5	11.0	2.1	48.0	1.7	5	100.0
12/29/2006 05:25	2.0	0.2	15.0	1.8	15.0	2.4	14.0	2.7	12.0	2.9	58.0	2.0	5	100.0
12/29/2006 05:30	3.0	0.3	16.0	1.9	16.0	2.3	15.0	2.9	11.0	1.7	61.0	1.8	5	100.0
12/29/2006 05:35	1.0	0.1	10.0	1.2	13.0	2.3	14.0	2.8	10.0	2.4	48.0	1.8	5	100.0
12/29/2006 05:40	1.0	0.1	17.0	2.3	20.0	3.5	17.0	3.4	13.0	2.4	68.0	2.3	5	100.0
12/29/2006 05:45	2.0	0.2	19.0	2.4	21.0	3.6	20.0	3.7	15.0	2.9	77.0	2.6	5	100.0
12/29/2006 05:50	1.0	0.1	16.0	1.9	22.0	3.5	17.0	3.1	17.0	2.6	73.0	2.2	5	100.0
12/29/2006 05:55	3.0	0.3	18.0	2.2	20.0	3.7	19.0	3.8	15.0	2.7	75.0	2.6	5	100.0
12/29/2006 06:00	3.0	0.3	15.0	2.0	17.0	2.7	19.0	3.8	17.0	2.8	71.0	2.3	5	100.0
12/29/2006 06:05	3.0	0.3	23.0	3.1	17.0	3.0	19.0	3.6	13.0	3.0	75.0	2.6	5	100.0
12/29/2006 06:10	2.0	0.2	21.0	2.5	21.0	3.4	22.0	4.7	17.0	3.9	83.0	2.9	5	100.0
12/29/2006 06:15	4.0	0.6	27.0	3.7	18.0	3.7	17.0	3.3	14.0	2.8	80.0	2.8	5	100.0
12/29/2006 06:20	7.0	0.9	27.0	3.5	28.0	3.9	25.0	5.2	21.0	3.7	108.0	3.4	5	100.0
12/29/2006 06:25	6.0	0.7	25.0	3.3	26.0	4.1	27.0	5.1	23.0	4.7	107.0	3.6	5	100.0
12/29/2006 06:30	7.0	0.9	30.0	4.0	24.0	4.3	26.0	5.8	22.0	4.0	109.0	3.8	5	100.0
12/29/2006 06:35	4.0	0.4	28.0	3.6	29.0	5.0	28.0	5.3	26.0	4.8	115.0	3.8	5	100.0
12/29/2006 06:40	6.0	0.9	29.0	3.9	29.0	4.2	24.0	4.5	21.0	3.7	109.0	3.4	5	100.0
12/29/2006 06:45	7.0	1.1	30.0	4.0	25.0	4.0	29.0	4.4	27.0	5.2	118.0	3.8	5	100.0
12/29/2006 06:50	7.0	0.9	30.0	4.0	33.0	5.2	21.0	5.1	23.0	4.5	114.0	4.0	5	100.0
12/29/2006 06:55	8.0	1.0	34.0	4.6	27.0	4.6	31.0	6.0	29.0	5.5	129.0	4.3	5	100.0
12/29/2006 07:00	5.0	0.5	29.0	3.8	31.0	5.1	29.0	5.3	27.0	5.1	121.0	4.0	5	100.0
12/29/2006 07:05	8.0	1.1	26.0	3.6	31.0	4.5	28.0	5.4	25.0	4.4	118.0	3.8	5	100.0
12/29/2006 07:10	6.0	0.7	35.0	4.5	27.0	4.2	26.0	5.5	24.0	3.7	118.0	3.7	5	100.0
12/29/2006 07:15	7.0	0.7	37.0	4.7	33.0	5.3	28.0	5.3	19.0	3.7	124.0	4.0	5	100.0
12/29/2006 07:20	9.0	1.2	39.0	5.2	31.0	4.9	30.0	4.9	24.0	5.5	133.0	4.3	5	100.0
12/29/2006 07:25	7.0	0.9	36.0	4.9	35.0	5.3	27.0	4.8	29.0	4.9	134.0	4.2	5	100.0
12/29/2006 07:30	6.0	0.8	39.0	5.4	37.0	5.5	32.0	5.9	29.0	5.7	143.0	4.7	5	100.0
12/29/2006 07:35	4.0	0.6	38.0	4.9	31.0	5.7	30.0	5.3	30.0	5.1	133.0	4.3	5	100.0
12/29/2006 07:40	9.0	1.5	43.0	6.0	37.0	6.1	38.0	7.1	34.0	6.1	161.0	5.4	5	100.0
12/29/2006 07:45	7.0	0.9	45.0	6.3	34.0	5.8	32.0	6.1	38.0	6.8	156.0	5.2	5	100.0
12/29/2006 07:50	6.0	0.8	34.0	4.5	28.0	5.3	27.0	5.2	26.0	4.5	121.0	4.1	5	100.0
12/29/2006 07:55	8.0	0.9	38.0	4.9	27.0	4.9	29.0	5.3	29.0	4.7	131.0	4.2	5	100.0
12/29/2006 08:00	7.0	0.9	42.0	5.8	32.0	6.1	29.0	6.2	35.0	5.8	145.0	5.0	5	100.0
12/29/2006 08:05	11.0	1.5	45.0	6.3	39.0	7.6	40.0	7.9	42.0	7.0	177.0	6.1	5	100.0
12/29/2006 08:10	7.0	1.0	46.0	6.1	35.0	6.6	33.0	6.7	37.0	6.5	158.0	5.4	5	100.0
12/29/2006 08:15	10.0	1.5	43.0	6.0	37.0	6.5	35.0	6.9	35.0	6.1	160.0	5.4	5	100.0
12/29/2006 08:20	8.0	1.2	45.0	6.1	37.0	6.7	31.0	6.5	38.0	7.4	159.0	5.6	5	100.0
12/29/2006 08:25	8.0	1.0	37.0	5.1	32.0	5.7	35.0	6.3	35.0	5.9	147.0	4.8	5	100.0
12/29/2006 08:30	6.0	0.9	40.0	5.4	35.0	5.8	33.0	6.9	31.0	5.5	145.0	4.9	5	100.0
12/29/2006 08:35	11.0	1.4	41.0	5.7	35.0	7.0	36.0	7.3	41.0	7.4	164.0	5.8	5	100.0
12/29/2006 08:40	11.0	1.4	45.0	6.3	35.0	6.5	35.0	6.3	38.0	6.6	164.0	5.4	5	100.0
12/29/2006 08:45	9.0	1.1	48.0	6.3	37.0	7.5	32.0	6.5	34.0	5.9	160.0	5.5	5	100.0
12/29/2006 08:50	7.0	0.7	40.0	5.5	33.0	5.0	29.0	7.1	37.0	5.9	146.0	4.8	5	100.0
12/29/2006 08:55	11.0	1.5	41.0	5.6	35.0	6.3	34.0	6.7	38.0	6.3	159.0	5.3	5	100.0
12/29/2006 09:00	9.0	1.2	47.0	6.1	38.0	6.9	41.0	7.2	41.0	7.9	176.0	5.9	5	100.0
12/29/2006 09:05	12.0	1.7	46.0	6.3	38.0	6.4	35.0	6.5	35.0	5.8	166.0	5.4	5	100.0
12/29/2006 09:10	8.0	0.9	40.0	5.3	33.0	6.0	36.0	6.5	39.0	6.3	156.0	5.0	5	100.0
12/29/2006 09:15	11.0	1.5	39.0	5.2	39.0	6.5	34.0	6.9	35.0	6.7	158.0	5.4	5	100.0
12/29/2006 09:20	10.0	1.1	46.0	6.5	39.0	7.3	32.0	6.6	40.0	6.8	167.0	5.7	5	100.0
12/29/2006 09:25	12.0	1.5	43.0	5.7	36.0	6.1	31.0	6.4	37.0	6.7	159.0	5.3	5	100.0
12/29/2006 09:30	13.0	1.9	42.0	5.7	39.0	6.9	38.0	6.9	38.0	6.8	170.0	5.6	5	100.0
12/29/2006 09:35	12.0	1.5	48.0	6.9	37.0	6.7	39.0	7.4	35.0	6.4	171.0	5.8	5	100.0
12/29/2006 09:40	19.0	2.5	50.0	6.9	41.0	7.0	45.0	8.2	52.0	9.2	207.0	6.7	5	100.0
12/29/2006 09:45	13.0	1.7	44.0	5.8	37.0	6.1	39.0	7.0	39.0	6.1	172.0	5.4	5	100.0
12/29/2006 09:50	18.0	2.3	46.0	6.3	39.0	6.6	39.0	6.7	41.0	7.1	183.0	5.8	5	100.0
12/29/2006 09:55	25.0	3.4	48.0	6.8	38.0	7.5	42.0	7.6	41.0	7.2	194.0	6.5	5	100.0
12/29/2006 10:00	26.0	3.3	40.0	5.6	38.0	6.1	34.0	6.0	35.0	6.4	173.0	5.5	5	100.0
12/29/2006 10:05	31.0	4.2	49.0	6.9	40.0	8.3	42.0	8.3	43.0	8.0	205.0	7.1	5	100.0
12/29/2006 10:10	30.0	4.0	44.0	6.3	36.0	6.5	42.0	7.8	43.0	7.7	195.0	6.4	5	100.0
12/29/2006 10:15	35.0	4.5	41.0	5.7	39.0	6.4	43.0	8.6	48.0	9.2	206.0	6.9	5	100.0
12/29/2006 10:20	32.0	4.1	45.0	6.0	39.0	7.3	39.0	7.0	42.0	7.4	197.0	6.4	5	100.0
12/29/2006 10:25	30.0	4.2	37.0	5.3	37.0	6.8	39.0	6.5	42.0	7.1	185.0	6.0	5	100.0
12/29/2006 10:30	31.0	4.0	46.0	6.3	43.0	7.6	44.0	8.3	45.0	7.9	209.0	6.8	5	100.0
12/29/2006 10:35	35.0	4.5	49.0	6.8	43.0	7.8	42.0	7.8	46.0	7.9	215.0	7.0	5	100.0
12/29/2006 10:40	33.0	4.2	51.0	7.0	46.0	7.5	43.0	7.7	44.0	7.6	217.0	6.8	5	100.0
12/29/2006 10:45	41.0	5.3	47.0	6.9	41.0	7.8	46.0	9.1	48.0	9.3	223.0	7.7	5	100.0
12/29/2006 10:50	39.0	5.3	51.0	7.3	47.0	8.1	47.0	8.9	50.0	9.7	234.0	7.9	5	100.0
12/29/2006 10:55	39.0	5.1	48.0	6.7	38.0	7.1	41.0	8.1	55.0	10.0	221.0	7.4	5	100.0
12/29/2006 11:00	33.0	4.4	46.0	6.3	34.0	6.9	46.0	8.1	42.0	7.4	201.0	6.6	5	100.0
12/29/2006 11:05	31.0	3.9	47.0	6.5	36.0	6.7	37.0	7.0	51.0	8.9	202.0	6.6	5	100.0
12/29/2006 11:10	48.0	6.7	51.0	7.3	46.0	7.9	43.0	8.1	47.0	7.9	235.0	7.6	5	100.0
12/29/2006 11:15	47.0	6.3	47.0	6.7	41.0	7.9	48.0	8.7	49.0	9.5	232.0	7.8	5	100.0
12/29/2006 11:20	45.0	6.1	52.0	7.5	44.0	8.0	49.0	9.2	53.0	9.7	243.0	8.1	5	100.0
12/29/2006 11:25	37.0	4.9	48.0	6.9	43.0	7.7	47.0	8.1	49.0	8.5	224.0	7.2	5	100.0
12/29/2006 11:30	24.0	3.1	29.0	3.9	26.0	4.6	32.0	5.8	28.0	5.1	139.0	4.5	5	100.0
12/29/2006 11:35	49.0	6.6	52.0	7.6	42.0	7.5	47.0	8.1	52.0	9.1	242.0	7.8	5	100.0
12/29/2006 11:40	53.0	8.5	59.0	9.7	47.0	9.3	44.0	9.7	51.0	10.8	254.0	9.6	5	100.0
12/29/2006 11:45	46.0	6.2	50.0	7.5	47.0	8.1	47.0	8.5	50.0	9.4	240.0	7.9	5	100.0
12/29/2006 11:50	49.0	6.7	50.0	6.7	46.0	8.3	46.0	7.9	48.0	8.1	239.0	7.5	5	100.0
12/29/2006 11:55	44.0	5.9	49.0	6.9	41.0	7.5	46.0	8.1	48.0	9.2	228.0	7.5	5	100.0
12/29/2006 12:00	49.0	6.7	54.0	7.7	41.0	7.1	48.0	9.1	53.0	9.9	245.0	8.1	5	100.0
12/29/2006 12:05	36.0	4.9	46.0	6.6	40.0	6.8	45.0	8.1	49.0	8.6	216.0	7.0	5	100.0
12/29/2006 12:10	46.0	6.3	48.0	6.7	47.0	7.7	47.0	8.2	46.0	8.1	234.0	7.4	5	100.0
12/29/2006 12:15	49.0	6.7	51.0	7.6	47.0	9.3	45.0	8.0	51.0	9.4	243.0	8.2	5	100.0
12/29/2006 12:20	51.0	6.9	52.0	7.9	52.0	10.0	57.0	10.2	51.0	9.9	263.0	9.0	5	100.0
12/29/2006 12:25	45.0	6.2	51.0	7.3	37.0	7.2	43.0	7.1	47.0	8.6	223.0	7.3	5	100.0
12/29/2006 12:30	53.0	7.7	58.0	8.9	49.0	10.8	49.0	10.3	50.0	10.1	259.0	9.6	5	100.0
12/29/2006 12:35	52.0	7.7	52.0	8.0	49.0	9.5	49.0	9.5	50.0	9.1	252.0	8.8	5	100.0
12/29/2006 12:40	57.0	8.0	55.0	8.0	45.0	8.4	49.0	8.3	52.0	9.3	258.0	8.4	5	100.0
12/29/2006 12:45	49.0	6.8	50.0	7.6	51.0	9.1	47.0	9.4	54.0	9.9	251.0	8.6	5	100.0
12/29/2006 12:50	55.0	7.7	53.0	7.9	49.0	8.5	47.0	8.7	54.0	9.6	258.0	8.5	5	100.0
12/29/2006 12:55	60.0	9.0	57.0	8.5	49.0	9.2	48.0	9.5	53.0	9.6	267.0	9.2	5	100.0
12/29/2006 13:00	53.0	10.7	48.0	10.2	41.0	11.4	44.0	10.2	44.0	10.5	230.0	10.6	5	100.0
12/29/2006 13:05	60.0	9.6	57.0	10.0	55.0	11.2	49.0	10.1	54.0	11.7	275.0	10.5	5	100.0
12/29/2006 13:10	58.0	8.4	60.0	8.9	49.0	9.6	46.0	10.1	53.0	9.3	266.0	9.2	5	100.0
12/29/2006 13:15	54.0	7.5	53.0	7.6	48.0	8.9	46.0	8.6	50.0	10.2	251.0	8.5	5	100.0
12/29/2006 13:20	52.0	7.9	52.0	8.5	49.0	9.2	48.0	9.5	52.0	10.5	253.0	9.1	5	100.0
12/29/2006 13:25	47.0	9.5	47.0	9.7	41.0	10.1	43.0	10.7	45.0	10.6	223.0	10.1	5	100.0
12/29/2006 13:30	54.0	9.9	45.0	8.9	41.0	10.7	47.0	10.0	46.0	9.8	233.0	9.9	5	100.0
12/29/2006 13:35	57.0	10.3	53.0	9.9	43.0	10.3	45.0	9.7	47.0	10.3	245.0	10.1	5	100.0
12/29/2006 13:40	51.0	9.0	46.0	8.6	40.0	9.5	42.0	9.2	43.0	9.4	222.0	9.1	5	100.0
12/29/2006 13:45	57.0	10.6	49.0	9.8	43.0	11.9	44.0	9.5	46.0	11.1	239.0	10.6	5	100.0
12/29/2006 13:50	53.0	10.7	51.0	10.1	39.0	10.6	44.0	10.7	45.0	11.9	232.0	10.8	5	100.0
12/29/2006 13:55	58.0	11.1	50.0	9.9	44.0	11.7	44.0	10.3	49.0	11.9	245.0	11.0	5	100.0
12/29/2006 14:00	52.0	9.6	51.0	10.1	38.0	10.4	40.0	9.7	42.0	10.9	223.0	10.1	5	100.0
12/29/2006 14:05	51.0	10.2	51.0	10.6	38.0	12.1	47.0	10.2	45.0	10.5	232.0	10.7	5	100.0
12/29/2006 14:10	51.0	11.0	49.0	11.1	48.0	13.3	42.0	9.9	43.0	10.7	233.0	11.2	5	100.0
12/29/2006 14:15	53.0	11.1	49.0	10.5	41.0	10.9	44.0	10.7	49.0	11.3	236.0	10.9	5	100.0
12/29/2006 14:20	53.0	11.6	49.0	10.8	41.0	11.8	41.0	10.5	45.0	10.7	229.0	11.1	5	100.0
12/29/2006 14:25	57.0	11.0	53.0	10.8	39.0	11.6	47.0	10.6	42.0	8.7	238.0	10.5	5	100.0
12/29/2006 14:30	59.0	10.8	52.0	10.0	42.0	10.6	49.0	10.0	43.0	9.4	245.0	10.2	5	100.0
12/29/2006 14:35	60.0	10.6	56.0	9.8	46.0	10.8	44.0	9.2	49.0	11.1	255.0	10.3	5	100.0
12/29/2006 14:40	56.0	10.4	47.0	8.6	44.0	10.6	50.0	10.5	38.0	8.1	235.0	9.6	5	100.0
12/29/2006 14:45	54.0	9.6	51.0	9.3	43.0	9.7	44.0	9.0	45.0	9.3	237.0	9.4	5	100.0
12/29/2006 14:50	52.0	9.1	51.0	9.2	45.0	9.6	51.0	9.9	43.0	8.9	242.0	9.3	5	100.0
12/29/2006 14:55	53.0	9.8	59.0	11.4	50.0	11.4	49.0	11.2	48.0	10.0	259.0	10.8	5	100.0
12/29/2006 15:00	51.0	9.8	57.0	11.9	49.0	12.0	47.0	9.6	44.0	9.5	248.0	10.6	5	100.0
12/29/2006 15:05	43.0	8.7	57.0	11.8	47.0	12.1	47.0	11.1	45.0	10.9	239.0	10.9	5	100.0
12/29/2006 15:10	48.0	10.1	56.0	13.5	45.0	12.3	45.0	10.9	45.0	11.8	239.0	11.7	5	100.0
12/29/2006 15:15	48.0	10.5	55.0	13.5	47.0	12.6	49.0	12.1	43.0	10.8	242.0	11.9	5	100.0
12/29/2006 15:20	44.0	9.6	58.0	13.9	45.0	12.5	47.0	12.7	52.0	13.6	246.0	12.5	5	100.0
12/29/2006 15:25	44.0	9.1	54.0	11.6	47.0	11.3	47.0	11.0	45.0	9.9	237.0	10.6	5	100.0
12/29/2006 15:30	46.0	9.6	49.0	11.9	42.0	12.3	47.0	11.4	46.0	10.8	230.0	11.2	5	100.0
12/29/2006 15:35	44.0	8.9	53.0	11.9	48.0	12.3	48.0	10.9	45.0	10.9	238.0	11.0	5	100.0
12/29/2006 15:40	46.0	8.9	55.0	11.9	47.0	10.5	53.0	11.7	45.0	10.7	246.0	10.7	5	100.0
12/29/2006 15:45	45.0	9.1	53.0	11.2	48.0	11.1	47.0	9.8	43.0	9.4	236.0	10.1	5	100.0
12/29/2006 15:50	39.0	7.1	53.0	11.1	43.0	11.6	47.0	10.7	45.0	10.1	227.0	10.1	5	100.0
12/29/2006 15:55	44.0	8.8	54.0	12.0	42.0	11.7	53.0	12.1	48.0	11.5	241.0	11.2	5	100.0
12/29/2006 16:00	47.0	9.3	47.0	10.1	39.0	10.1	48.0	11.5	41.0	9.8	222.0	10.2	5	100.0
12/29/2006 16:05	48.0	10.6	51.0	12.7	43.0	13.3	48.0	12.1	47.0	12.6	237.0	12.3	5	100.0
12/29/2006 16:10	44.0	9.2	53.0	12.4	43.0	12.0	45.0	11.1	45.0	10.7	230.0	11.1	5	100.0
12/29/2006 16:15	41.0	8.3	50.0	11.5	41.0	10.3	40.0	9.8	45.0	11.1	217.0	10.2	5	100.0
12/29/2006 16:20	43.0	9.1	51.0	12.1	41.0	11.7	45.0	10.9	46.0	12.3	226.0	11.2	5	100.0
12/29/2006 16:25	41.0	10.2	47.0	13.5	39.0	13.1	41.0	12.3	43.0	12.9	211.0	12.4	5	100.0
12/29/2006 16:30	40.0	9.9	49.0	12.8	42.0	11.9	41.0	11.1	43.0	11.1	215.0	11.4	5	100.0
12/29/2006 16:35	43.0	8.9	51.0	10.5	39.0	11.3	44.0	10.3	43.0	9.9	220.0	10.2	5	100.0
12/29/2006 16:40	41.0	8.2	48.0	9.5	38.0	9.2	37.0	8.6	38.0	9.3	202.0	9.0	5	100.0
12/29/2006 16:45	47.0	10.3	51.0	12.3	45.0	12.5	44.0	10.6	44.0	11.6	231.0	11.5	5	100.0
12/29/2006 16:50	49.0	10.2	54.0	11.8	44.0	10.5	49.0	11.1	44.0	10.5	240.0	10.8	5	100.0
12/29/2006 16:55	49.0	10.2	53.0	11.9	49.0	11.7	47.0	10.4	43.0	10.3	241.0	10.9	5	100.0
12/29/2006 17:00	44.0	9.7	51.0	11.9	45.0	11.8	42.0	11.5	45.0	12.4	227.0	11.5	5	100.0
12/29/2006 17:05	40.0	9.0	55.0	12.3	48.0	12.1	41.0	10.8	44.0	10.8	228.0	11.0	5	100.0
12/29/2006 17:10	45.0	10.2	51.0	11.7	49.0	13.3	45.0	11.3	42.0	10.4	232.0	11.4	5	100.0
12/29/2006 17:15	47.0	11.0	51.0	12.1	46.0	12.2	45.0	11.4	46.0	11.7	235.0	11.7	5	100.0
12/29/2006 17:20	47.0	12.3	52.0	14.3	46.0	14.6	49.0	14.7	47.0	14.5	241.0	14.1	5	100.0
12/29/2006 17:25	45.0	11.0	52.0	14.9	41.0	12.8	47.0	13.1	40.0	13.7	225.0	13.1	5	100.0
12/29/2006 17:30	45.0	12.1	54.0	14.0	42.0	13.2	46.0	12.9	45.0	12.8	232.0	13.0	5	100.0
12/29/2006 17:35	41.0	8.8	53.0	12.5	46.0	12.9	43.0	10.9	43.0	10.9	226.0	11.2	5	100.0
12/29/2006 17:40	40.0	7.6	51.0	10.2	41.0	9.8	43.0	10.1	31.0	6.7	206.0	8.9	5	100.0
12/29/2006 17:45	46.0	8.6	59.0	11.1	49.0	10.7	55.0	11.6	49.0	10.8	258.0	10.6	5	100.0
12/29/2006 17:50	47.0	9.2	49.0	10.0	50.0	10.8	47.0	10.6	38.0	8.9	231.0	9.9	5	100.0
12/29/2006 17:55	45.0	9.7	54.0	13.0	47.0	11.7	44.0	11.7	42.0	10.9	232.0	11.4	5	100.0
12/29/2006 18:00	39.0	9.3	50.0	14.4	43.0	12.1	47.0	12.6	45.0	13.3	224.0	12.4	5	100.0
12/29/2006 18:05	38.0	7.8	47.0	12.3	45.0	13.1	39.0	12.2	43.0	13.2	212.0	11.7	5	100.0
12/29/2006 18:10	38.0	7.4	51.0	13.1	44.0	12.6	37.0	10.8	41.0	10.6	211.0	10.9	5	100.0
12/29/2006 18:15	42.0	7.7	50.0	9.9	45.0	10.8	41.0	9.1	42.0	9.7	220.0	9.4	5	100.0
12/29/2006 18:20	40.0	6.5	55.0	9.8	45.0	8.7	49.0	10.1	43.0	9.2	232.0	8.8	5	100.0
12/29/2006 18:25	28.0	3.6	46.0	6.7	44.0	6.9	45.0	7.1	42.0	7.7	205.0	6.4	5	100.0
12/29/2006 18:30	29.0	4.1	45.0	6.6	44.0	6.7	46.0	7.4	40.0	6.7	204.0	6.3	5	100.0
12/29/2006 18:35	22.0	3.1	43.0	6.0	43.0	6.2	37.0	5.9	40.0	7.2	185.0	5.7	5	100.0
12/29/2006 18:40	24.0	3.5	46.0	6.5	38.0	5.8	44.0	7.1	44.0	7.5	196.0	6.1	5	100.0
12/29/2006 18:45	30.0	4.0	50.0	7.3	40.0	6.9	48.0	7.9	40.0	7.4	208.0	6.7	5	100.0
12/29/2006 18:50	26.0	3.3	45.0	6.5	49.0	7.3	47.0	7.4	39.0	6.5	206.0	6.2	5	100.0
12/29/2006 18:55	28.0	3.7	44.0	6.0	39.0	5.9	43.0	7.0	39.0	6.5	193.0	5.8	5	100.0
12/29/2006 19:00	29.0	4.1	43.0	6.4	43.0	6.8	43.0	7.1	43.0	7.7	201.0	6.4	5	100.0
12/29/2006 19:05	32.0	4.4	39.0	5.3	41.0	6.5	38.0	6.7	35.0	6.3	185.0	5.8	5	100.0
12/29/2006 19:10	30.0	3.9	37.0	5.2	38.0	5.7	37.0	5.9	40.0	6.9	182.0	5.5	5	100.0
12/29/2006 19:15	40.0	5.3	46.0	6.4	43.0	6.8	40.0	6.1	39.0	6.1	208.0	6.1	5	100.0
12/29/2006 19:20	30.0	4.1	36.0	4.8	37.0	5.3	37.0	5.6	35.0	5.4	175.0	5.1	5	100.0
12/29/2006 19:25	37.0	4.7	36.0	4.9	35.0	5.7	41.0	7.0	37.0	6.4	186.0	5.8	5	100.0
12/29/2006 19:30	33.0	4.5	42.0	5.6	37.0	5.4	38.0	6.1	37.0	5.9	187.0	5.5	5	100.0
12/29/2006 19:35	36.0	4.8	43.0	6.1	40.0	5.9	39.0	6.3	37.0	6.1	195.0	5.8	5	100.0
12/29/2006 19:40	33.0	4.4	37.0	5.3	37.0	5.8	43.0	6.3	33.0	5.7	183.0	5.5	5	100.0
12/29/2006 19:45	39.0	5.4	40.0	5.5	35.0	5.3	37.0	6.4	35.0	6.0	186.0	5.7	5	100.0
12/29/2006 19:50	39.0	4.9	38.0	5.2	45.0	6.4	46.0	7.1	42.0	6.9	210.0	6.1	5	100.0
12/29/2006 19:55	37.0	4.8	41.0	5.5	34.0	5.1	39.0	6.1	41.0	7.1	192.0	5.7	5	100.0
12/29/2006 20:00	31.0	4.1	38.0	4.9	39.0	5.6	39.0	6.0	35.0	5.9	182.0	5.3	5	100.0
12/29/2006 20:05	31.0	4.2	38.0	5.3	39.0	5.9	39.0	6.5	36.0	5.6	183.0	5.5	5	100.0
12/29/2006 20:10	32.0	4.1	37.0	5.1	37.0	5.3	34.0	5.5	35.0	6.1	175.0	5.2	5	100.0
12/29/2006 20:15	32.0	4.2	38.0	4.9	37.0	5.4	39.0	7.0	31.0	4.9	177.0	5.3	5	100.0
12/29/2006 20:20	34.0	4.3	42.0	5.9	39.0	6.0	44.0	6.5	40.0	6.9	199.0	5.9	5	100.0
12/29/2006 20:25	33.0	4.2	33.0	4.5	34.0	5.2	37.0	5.3	29.0	4.7	166.0	4.8	5	100.0
12/29/2006 20:30	24.0	3.0	37.0	5.0	32.0	4.6	36.0	5.3	36.0	5.8	165.0	4.7	5	100.0
12/29/2006 20:35	34.0	4.5	38.0	5.1	35.0	5.3	37.0	5.6	31.0	5.4	175.0	5.2	5	100.0
12/29/2006 20:40	26.0	3.5	38.0	5.1	34.0	5.7	41.0	6.2	36.0	5.9	175.0	5.3	5	100.0
12/29/2006 20:45	17.0	2.2	23.0	3.0	21.0	2.9	19.0	3.1	23.0	3.5	103.0	2.9	5	100.0
12/29/2006 20:50	28.0	3.4	29.0	4.1	26.0	4.1	29.0	4.2	25.0	3.9	137.0	3.9	5	100.0
12/29/2006 20:55	29.0	3.9	37.0	5.1	35.0	5.1	33.0	5.1	29.0	4.9	163.0	4.8	5	100.0
12/29/2006 21:00	23.0	3.0	32.0	4.3	29.0	4.5	27.0	4.4	31.0	5.1	142.0	4.3	5	100.0
12/29/2006 21:05	29.0	3.7	39.0	5.2	35.0	5.3	32.0	4.8	34.0	5.6	169.0	4.9	5	100.0
12/29/2006 21:10	13.0	1.6	22.0	3.0	20.0	3.1	19.0	2.7	16.0	2.5	90.0	2.6	5	100.0
12/29/2006 21:15	27.0	3.6	33.0	4.3	33.0	5.0	35.0	5.1	29.0	5.0	157.0	4.6	5	100.0
12/29/2006 21:20	27.0	3.2	35.0	4.7	32.0	4.6	35.0	5.5	29.0	4.5	158.0	4.5	5	100.0
12/29/2006 21:25	24.0	2.9	33.0	4.1	35.0	5.1	35.0	5.4	30.0	4.9	157.0	4.5	5	100.0
12/29/2006 21:30	28.0	3.3	33.0	4.3	35.0	5.1	34.0	5.4	30.0	5.0	160.0	4.6	5	100.0
12/29/2006 21:35	27.0	3.5	33.0	4.5	31.0	4.6	30.0	4.7	31.0	5.0	152.0	4.5	5	100.0
12/29/2006 21:40	23.0	2.9	33.0	4.2	31.0	4.4	26.0	4.0	33.0	5.1	146.0	4.1	5	100.0
12/29/2006 21:45	27.0	3.3	37.0	5.0	31.0	4.5	34.0	5.1	31.0	5.0	160.0	4.6	5	100.0
12/29/2006 21:50	22.0	2.8	33.0	4.1	31.0	4.5	34.0	4.9	29.0	4.9	149.0	4.2	5	100.0
12/29/2006 21:55	21.0	2.7	31.0	3.9	32.0	4.9	31.0	5.2	29.0	4.4	144.0	4.2	5	100.0
12/29/2006 22:00	24.0	3.2	35.0	4.7	31.0	4.9	30.0	4.7	30.0	4.9	150.0	4.5	5	100.0
12/29/2006 22:05	25.0	3.1	36.0	4.6	33.0	4.9	36.0	5.1	30.0	4.9	160.0	4.5	5	100.0
12/29/2006 22:10	35.0	4.7	35.0	4.6	34.0	4.9	32.0	4.7	33.0	4.9	169.0	4.8	5	100.0
12/29/2006 22:15	33.0	4.2	41.0	5.5	39.0	5.7	37.0	5.6	31.0	5.0	181.0	5.2	5	100.0
12/29/2006 22:20	33.0	4.2	36.0	4.8	37.0	5.6	35.0	5.5	31.0	4.5	172.0	4.9	5	100.0
12/29/2006 22:25	36.0	4.8	39.0	5.1	35.0	4.9	36.0	5.5	29.0	4.9	175.0	5.1	5	100.0
12/29/2006 22:30	29.0	3.7	35.0	4.9	38.0	5.8	36.0	5.8	28.0	4.3	166.0	4.9	5	100.0
12/29/2006 22:35	37.0	4.8	41.0	5.7	37.0	5.9	30.0	4.8	27.0	4.3	172.0	5.1	5	100.0
12/29/2006 22:40	34.0	4.5	41.0	5.7	37.0	5.1	35.0	6.2	38.0	5.8	185.0	5.5	5	100.0
12/29/2006 22:45	28.0	3.6	37.0	5.0	35.0	5.5	34.0	5.5	28.0	4.7	162.0	4.9	5	100.0
12/29/2006 22:50	25.0	3.3	29.0	3.8	31.0	4.5	31.0	4.9	24.0	4.1	140.0	4.1	5	100.0
12/29/2006 22:55	25.0	3.3	37.0	4.7	28.0	4.8	29.0	4.6	26.0	4.0	145.0	4.3	5	100.0
12/29/2006 23:00	22.0	2.9	29.0	3.7	29.0	4.1	26.0	4.0	17.0	2.7	123.0	3.5	5	100.0
12/29/2006 23:05	17.0	2.1	31.0	3.8	27.0	3.5	19.0	3.7	24.0	3.5	118.0	3.3	5	100.0
12/29/2006 23:10	17.0	2.0	29.0	3.5	27.0	4.2	25.0	4.0	23.0	3.7	121.0	3.5	5	100.0
12/29/2006 23:15	16.0	1.9	21.0	2.8	24.0	3.3	25.0	3.3	17.0	2.7	103.0	2.8	5	100.0
12/29/2006 23:20	23.0	2.7	31.0	3.9	29.0	4.5	25.0	4.3	22.0	3.3	130.0	3.7	5	100.0
12/29/2006 23:25	15.0	1.7	27.0	3.5	19.0	3.0	22.0	3.6	21.0	3.5	104.0	3.1	5	100.0
12/29/2006 23:30	16.0	1.9	22.0	2.8	27.0	3.5	27.0	4.3	15.0	2.4	107.0	3.0	5	100.0
12/29/2006 23:35	19.0	2.3	28.0	3.6	29.0	4.6	27.0	4.8	19.0	2.9	122.0	3.6	5	100.0
12/29/2006 23:40	12.0	1.5	21.0	2.6	21.0	3.1	22.0	4.5	16.0	2.6	92.0	2.9	5	100.0
12/29/2006 23:45	14.0	1.6	21.0	2.7	23.0	3.3	22.0	3.3	23.0	3.4	103.0	2.9	5	100.0
12/29/2006 23:50	14.0	1.5	21.0	2.5	19.0	2.8	21.0	3.1	15.0	2.6	90.0	2.5	5	100.0
12/29/2006 23:55	13.0	1.4	23.0	2.9	20.0	2.9	20.0	3.1	13.0	1.7	89.0	2.4	5	100.0
12/30/2006 00:00	13.0	1.5	23.0	2.6	19.0	2.8	19.0	2.6	16.0	2.3	90.0	2.4	5	100.0
12/30/2006 00:05	11.0	1.3	22.0	2.7	23.0	3.1	20.0	3.1	18.0	2.5	94.0	2.5	5	100.0
12/30/2006 00:10	13.0	1.5	21.0	2.6	21.0	3.3	19.0	2.8	19.0	2.5	93.0	2.5	5	100.0
12/30/2006 00:15	10.0	1.1	18.0	2.4	21.0	3.1	19.0	2.9	20.0	2.7	88.0	2.4	5	100.0
12/30/2006 00:20	9.0	1.1	18.0	2.3	17.0	2.4	15.0	2.7	17.0	2.5	76.0	2.2	5	100.0
12/30/2006 00:25	8.0	0.9	19.0	2.3	22.0	3.1	19.0	2.9	20.0	2.7	88.0	2.4	5	100.0
12/30/2006 00:30	8.0	0.8	13.0	1.7	15.0	2.3	16.0	2.4	15.0	2.3	67.0	1.9	5	100.0
12/30/2006 00:35	9.0	1.0	18.0	2.3	17.0	2.5	16.0	2.7	13.0	2.3	73.0	2.2	5	100.0
12/30/2006 00:40	8.0	0.9	13.0	1.8	15.0	2.0	13.0	2.3	15.0	2.6	64.0	1.9	5	100.0
12/30/2006 00:45	5.0	0.6	14.0	1.9	19.0	2.8	13.0	1.9	13.0	2.1	64.0	1.9	5	100.0
12/30/2006 00:50	9.0	1.1	17.0	2.0	15.0	2.0	15.0	2.7	15.0	2.2	71.0	2.0	5	100.0
12/30/2006 00:55	8.0	1.0	11.0	1.5	15.0	2.1	15.0	1.9	15.0	2.3	64.0	1.8	5	100.0
12/30/2006 01:00	5.0	0.5	16.0	2.1	14.0	2.0	15.0	2.4	11.0	1.9	61.0	1.8	5	100.0
12/30/2006 01:05	5.0	0.5	14.0	1.5	15.0	2.2	14.0	2.1	11.0	2.0	59.0	1.7	5	100.0
12/30/2006 01:10	6.0	0.7	13.0	1.7	14.0	2.0	16.0	2.5	12.0	2.0	61.0	1.8	5	100.0
12/30/2006 01:15	3.0	0.3	12.0	1.5	10.0	1.4	11.0	1.1	9.0	1.2	45.0	1.1	5	100.0
12/30/2006 01:20	6.0	0.6	13.0	1.5	12.0	1.8	11.0	1.8	9.0	1.7	51.0	1.5	5	100.0
12/30/2006 01:25	4.0	0.4	13.0	1.5	11.0	1.3	13.0	2.1	13.0	1.9	54.0	1.4	5	100.0
12/30/2006 01:30	2.0	0.2	6.0	0.7	11.0	1.6	11.0	1.6	15.0	2.6	45.0	1.3	5	100.0
12/30/2006 01:35	4.0	0.4	13.0	1.7	13.0	1.6	14.0	2.3	12.0	1.9	56.0	1.6	5	100.0
12/30/2006 01:40	3.0	0.3	11.0	1.5	15.0	1.9	13.0	2.2	9.0	1.7	51.0	1.5	5	100.0
12/30/2006 01:45	6.0	0.6	11.0	1.3	11.0	1.6	13.0	2.1	11.0	1.6	52.0	1.4	5	100.0
12/30/2006 01:50	3.0	0.3	13.0	1.5	13.0	1.9	14.0	2.1	11.0	1.6	54.0	1.5	5	100.0
12/30/2006 01:55	5.0	0.5	11.0	1.4	10.0	1.3	13.0	1.9	10.0	1.5	49.0	1.3	5	100.0
12/30/2006 02:00	3.0	0.3	7.0	0.8	8.0	0.9	11.0	1.5	10.0	1.8	39.0	1.1	5	100.0
12/30/2006 02:05	1.0	0.1	6.0	0.7	6.0	0.7	7.0	0.9	6.0	1.1	26.0	0.7	5	100.0
12/30/2006 02:10	3.0	0.3	8.0	0.8	11.0	1.3	11.0	2.1	11.0	1.2	44.0	1.1	5	100.0
12/30/2006 02:15	6.0	0.6	12.0	1.5	14.0	1.8	12.0	1.7	15.0	2.4	59.0	1.6	5	100.0
12/30/2006 02:20	5.0	0.6	11.0	1.3	10.0	1.4	13.0	2.1	8.0	1.4	47.0	1.4	5	100.0
12/30/2006 02:25	6.0	0.7	15.0	1.9	10.0	1.2	11.0	1.8	10.0	1.3	52.0	1.4	5	100.0
12/30/2006 02:30	6.0	0.7	11.0	1.3	13.0	1.7	11.0	1.7	12.0	1.7	53.0	1.4	5	100.0
12/30/2006 02:35	4.0	0.5	10.0	1.1	11.0	1.6	12.0	1.9	12.0	1.7	49.0	1.4	5	100.0
12/30/2006 02:40	3.0	0.3	14.0	1.6	9.0	1.3	9.0	1.9	9.0	1.5	44.0	1.3	5	100.0
12/30/2006 02:45	4.0	0.4	11.0	1.3	9.0	1.2	10.0	1.8	7.0	1.1	41.0	1.2	5	100.0
12/30/2006 02:50	2.0	0.2	7.0	0.9	7.0	0.9	10.0	1.4	8.0	1.3	34.0	0.9	5	100.0
12/30/2006 02:55	1.0	0.2	3.0	0.3	7.0	0.8	7.0	1.0	5.0	0.8	23.0	0.6	5	100.0
12/30/2006 03:00	3.0	0.3	7.0	0.8	7.0	0.7	9.0	1.2	5.0	1.0	31.0	0.8	5	100.0
12/30/2006 03:05	1.0	0.1	8.0	0.9	7.0	1.0	9.0	1.5	7.0	1.3	32.0	1.0	5	100.0
12/30/2006 03:10	1.0	0.1	7.0	0.9	8.0	0.9	10.0	1.5	6.0	1.1	32.0	0.9	5	100.0
12/30/2006 03:15	2.0	0.3	4.0	0.5	7.0	1.1	9.0	1.0	6.0	1.0	28.0	0.8	5	100.0
12/30/2006 03:20	1.0	0.1	5.0	0.5	7.0	1.0	7.0	1.1	5.0	0.7	25.0	0.7	5	100.0
12/30/2006 03:25	1.0	0.1	6.0	0.8	9.0	1.2	7.0	1.4	4.0	0.6	27.0	0.8	5	100.0
12/30/2006 03:30	0.0	0.0	4.0	0.5	7.0	0.9	6.0	1.1	5.0	0.6	22.0	0.6	5	100.0
12/30/2006 03:35	1.0	0.1	6.0	0.8	9.0	0.9	8.0	1.6	5.0	0.9	29.0	0.9	5	100.0
12/30/2006 03:40	1.0	0.2	5.0	0.6	8.0	0.9	8.0	1.5	6.0	1.1	28.0	0.9	5	100.0
12/30/2006 03:45	0.0	0.0	4.0	0.4	4.0	0.6	4.0	0.8	4.0	0.6	16.0	0.5	5	100.0
12/30/2006 03:50	1.0	0.1	3.0	0.3	7.0	0.9	9.0	1.9	4.0	0.7	24.0	0.8	5	100.0
12/30/2006 03:55	1.0	0.1	4.0	0.5	5.0	0.6	7.0	1.4	4.0	0.9	21.0	0.7	5	100.0
12/30/2006 04:00	1.0	0.1	5.0	0.5	5.0	0.8	5.0	1.0	2.0	0.3	18.0	0.5	5	100.0
12/30/2006 04:05	0.0	0.0	3.0	0.4	6.0	0.6	6.0	1.6	5.0	0.5	20.0	0.6	5	100.0
12/30/2006 04:10	0.0	0.0	3.0	0.3	5.0	0.5	5.0	0.9	2.0	0.3	15.0	0.4	5	100.0
12/30/2006 04:15	1.0	0.1	6.0	0.7	7.0	1.5	5.0	1.1	5.0	0.5	24.0	0.8	5	100.0
12/30/2006 04:20	0.0	0.0	2.0	0.2	5.0	0.6	6.0	1.4	5.0	0.7	18.0	0.6	5	100.0
12/30/2006 04:25	0.0	0.0	3.0	0.4	3.0	0.3	4.0	0.9	2.0	0.3	12.0	0.4	5	100.0
12/30/2006 04:30	1.0	0.1	3.0	0.4	5.0	0.6	4.0	0.9	5.0	0.9	18.0	0.6	5	100.0
12/30/2006 04:35	1.0	0.1	3.0	0.3	5.0	0.8	6.0	1.1	3.0	0.6	18.0	0.6	5	100.0
12/30/2006 04:40	1.0	0.1	6.0	0.6	7.0	0.9	6.0	1.2	4.0	0.4	24.0	0.6	5	100.0
12/30/2006 04:45	1.0	0.1	7.0	0.7	9.0	1.5	8.0	1.5	2.0	0.4	27.0	0.8	5	100.0
12/30/2006 04:50	2.0	0.2	4.0	0.5	3.0	0.4	4.0	1.0	3.0	0.5	16.0	0.5	5	100.0
12/30/2006 04:55	0.0	0.0	4.0	0.5	6.0	0.9	5.0	0.7	5.0	0.6	20.0	0.5	5	100.0
12/30/2006 05:00	0.0	0.0	5.0	0.5	7.0	0.7	7.0	1.1	3.0	0.4	22.0	0.6	5	100.0
12/30/2006 05:05	0.0	0.0	5.0	0.5	5.0	0.7	6.0	1.3	4.0	0.7	20.0	0.6	5	100.0
12/30/2006 05:10	1.0	0.1	5.0	0.5	7.0	0.7	7.0	1.2	5.0	1.1	25.0	0.7	5	100.0
12/30/2006 05:15	1.0	0.1	6.0	0.7	7.0	1.1	6.0	1.1	5.0	0.7	25.0	0.8	5	100.0
12/30/2006 05:20	3.0	0.3	8.0	0.9	9.0	1.3	10.0	1.6	6.0	1.2	36.0	1.1	5	100.0
12/30/2006 05:25	5.0	0.5	5.0	0.7	11.0	1.7	9.0	1.5	6.0	1.1	36.0	1.1	5	100.0
12/30/2006 05:30	1.0	0.1	7.0	0.8	7.0	0.8	9.0	1.4	6.0	0.8	30.0	0.8	5	100.0
12/30/2006 05:35	3.0	0.3	11.0	1.2	8.0	1.3	12.0	1.6	5.0	0.8	39.0	1.0	5	100.0
12/30/2006 05:40	2.0	0.2	6.0	0.9	8.0	1.2	9.0	1.4	6.0	1.1	31.0	0.9	5	100.0
12/30/2006 05:45	3.0	0.4	9.0	1.3	11.0	1.7	7.0	1.3	6.0	0.9	36.0	1.1	5	100.0
12/30/2006 05:50	4.0	0.4	9.0	0.9	9.0	1.2	11.0	2.1	5.0	0.8	38.0	1.1	5	100.0
12/30/2006 05:55	5.0	0.5	11.0	1.3	7.0	1.1	9.0	1.9	7.0	1.3	39.0	1.2	5	100.0
12/30/2006 06:00	4.0	0.4	10.0	1.3	7.0	1.2	11.0	1.6	7.0	1.3	39.0	1.1	5	100.0
12/30/2006 06:05	3.0	0.4	8.0	0.9	13.0	1.9	8.0	1.4	11.0	1.8	43.0	1.3	5	100.0
12/30/2006 06:10	2.0	0.2	12.0	1.4	8.0	1.2	10.0	1.5	10.0	1.7	42.0	1.2	5	100.0
12/30/2006 06:15	3.0	0.3	10.0	1.1	10.0	1.3	9.0	1.2	6.0	0.9	38.0	1.0	5	100.0
12/30/2006 06:20	3.0	0.4	18.0	2.2	14.0	2.1	10.0	1.8	9.0	1.7	54.0	1.7	5	100.0
12/30/2006 06:25	5.0	0.6	15.0	1.9	11.0	1.8	9.0	1.4	8.0	1.4	48.0	1.4	5	100.0
12/30/2006 06:30	5.0	0.6	16.0	1.8	16.0	2.1	13.0	1.9	11.0	1.6	61.0	1.6	5	100.0
12/30/2006 06:35	2.0	0.2	12.0	1.4	14.0	1.9	15.0	2.4	9.0	1.5	52.0	1.5	5	100.0
12/30/2006 06:40	6.0	0.7	15.0	1.9	13.0	1.7	13.0	1.7	9.0	1.8	56.0	1.6	5	100.0
12/30/2006 06:45	5.0	0.6	12.0	1.4	15.0	1.9	15.0	2.4	9.0	1.7	56.0	1.6	5	100.0
12/30/2006 06:50	9.0	1.1	17.0	2.1	18.0	2.6	19.0	2.7	11.0	2.3	74.0	2.2	5	100.0
12/30/2006 06:55	8.0	0.9	19.0	2.0	17.0	2.3	15.0	2.3	13.0	2.1	72.0	1.9	5	100.0
12/30/2006 07:00	7.0	0.9	16.0	2.1	15.0	2.4	16.0	2.5	14.0	2.0	68.0	2.0	5	100.0
12/30/2006 07:05	9.0	1.1	15.0	1.9	17.0	2.5	14.0	2.6	11.0	1.3	66.0	1.9	5	100.0
12/30/2006 07:10	6.0	0.6	16.0	2.0	21.0	2.8	15.0	2.2	13.0	1.9	71.0	1.9	5	100.0
12/30/2006 07:15	4.0	0.4	9.0	1.1	9.0	1.3	9.0	1.3	3.0	0.7	34.0	1.0	5	100.0
12/30/2006 07:20	6.0	0.7	22.0	2.7	25.0	3.5	22.0	3.2	10.0	1.5	85.0	2.3	5	100.0
12/30/2006 07:25	9.0	1.1	20.0	2.5	19.0	2.7	21.0	3.0	11.0	1.7	80.0	2.2	5	100.0
12/30/2006 07:30	12.0	1.5	21.0	2.7	20.0	3.0	19.0	2.7	15.0	2.6	87.0	2.5	5	100.0
12/30/2006 07:35	8.0	0.9	23.0	2.7	21.0	2.7	18.0	2.7	15.0	2.2	85.0	2.2	5	100.0
12/30/2006 07:40	9.0	1.1	21.0	2.6	26.0	3.6	21.0	3.1	19.0	2.9	96.0	2.7	5	100.0
12/30/2006 07:45	9.0	1.1	23.0	3.1	19.0	2.7	19.0	3.4	19.0	3.2	89.0	2.7	5	100.0
12/30/2006 07:50	17.0	2.1	25.0	3.2	22.0	2.9	22.0	3.2	20.0	3.5	106.0	3.0	5	100.0
12/30/2006 07:55	14.0	1.7	22.0	2.9	25.0	3.5	23.0	3.5	24.0	3.7	108.0	3.1	5	100.0
12/30/2006 08:00	8.0	0.9	21.0	2.8	21.0	2.9	18.0	2.7	17.0	2.7	85.0	2.4	5	100.0
12/30/2006 08:05	15.0	1.8	25.0	3.2	24.0	3.3	21.0	3.7	18.0	3.2	103.0	3.0	5	100.0
12/30/2006 08:10	13.0	1.9	25.0	3.1	24.0	3.0	24.0	3.5	18.0	2.9	104.0	2.9	5	100.0
12/30/2006 08:15	17.0	2.1	29.0	3.7	27.0	4.3	26.0	4.3	19.0	2.9	118.0	3.5	5	100.0
12/30/2006 08:20	17.0	1.9	23.0	3.1	22.0	3.0	23.0	3.4	18.0	2.8	103.0	2.8	5	100.0
12/30/2006 08:25	19.0	2.4	30.0	3.9	30.0	4.1	26.0	3.7	19.0	2.8	124.0	3.4	5	100.0
12/30/2006 08:30	13.0	1.4	22.0	2.8	20.0	2.9	25.0	4.1	23.0	3.5	103.0	2.9	5	100.0
12/30/2006 08:35	16.0	1.9	24.0	3.0	25.0	3.3	26.0	4.1	24.0	3.9	115.0	3.2	5	100.0
12/30/2006 08:40	18.0	2.4	31.0	4.1	30.0	4.4	28.0	4.3	23.0	3.7	130.0	3.8	5	100.0
12/30/2006 08:45	15.0	1.7	32.0	4.1	23.0	3.3	29.0	4.5	27.0	4.0	126.0	3.5	5	100.0
12/30/2006 08:50	25.0	3.1	29.0	3.8	30.0	4.2	33.0	5.1	29.0	4.7	146.0	4.2	5	100.0
12/30/2006 08:55	19.0	2.6	31.0	4.0	31.0	4.8	28.0	4.1	35.0	5.3	144.0	4.2	5	100.0
12/30/2006 09:00	18.0	2.2	30.0	3.9	26.0	3.7	28.0	4.3	26.0	4.2	128.0	3.6	5	100.0
12/30/2006 09:05	19.0	2.4	29.0	3.6	27.0	3.5	25.0	3.6	21.0	3.7	121.0	3.4	5	100.0
12/30/2006 09:10	20.0	2.4	26.0	3.2	25.0	3.8	29.0	4.3	29.0	4.4	129.0	3.6	5	100.0
12/30/2006 09:15	23.0	2.8	32.0	4.0	33.0	4.5	37.0	5.2	25.0	4.1	150.0	4.1	5	100.0
12/30/2006 09:20	23.0	2.9	34.0	4.4	31.0	4.3	30.0	4.8	31.0	4.7	149.0	4.2	5	100.0
12/30/2006 09:25	21.0	2.7	31.0	4.0	31.0	5.0	34.0	4.9	31.0	4.9	148.0	4.3	5	100.0
12/30/2006 09:30	27.0	3.6	38.0	4.9	40.0	5.4	36.0	5.4	40.0	6.4	181.0	5.1	5	100.0
12/30/2006 09:35	25.0	3.1	33.0	4.5	31.0	4.3	37.0	5.2	30.0	4.6	156.0	4.3	5	100.0
12/30/2006 09:40	27.0	3.5	35.0	4.5	33.0	4.9	38.0	5.9	32.0	4.9	165.0	4.8	5	100.0
12/30/2006 09:45	25.0	3.1	37.0	4.7	36.0	5.1	34.0	5.5	39.0	6.2	171.0	4.9	5	100.0
12/30/2006 09:50	28.0	3.8	39.0	5.1	40.0	5.9	38.0	5.6	38.0	6.3	183.0	5.4	5	100.0
12/30/2006 09:55	31.0	4.0	45.0	5.8	42.0	5.9	39.0	6.5	39.0	6.7	196.0	5.8	5	100.0
12/30/2006 10:00	32.0	3.9	40.0	5.1	36.0	5.1	38.0	5.5	36.0	5.6	182.0	5.1	5	100.0
12/30/2006 10:05	33.0	4.1	40.0	5.2	44.0	6.4	41.0	6.6	45.0	7.3	203.0	5.9	5	100.0
12/30/2006 10:10	28.0	3.5	33.0	4.5	39.0	5.8	39.0	5.5	35.0	5.4	174.0	4.9	5	100.0
12/30/2006 10:15	31.0	3.9	42.0	5.4	41.0	5.6	34.0	5.7	35.0	5.9	183.0	5.3	5	100.0
12/30/2006 10:20	27.0	3.3	39.0	5.0	39.0	5.5	45.0	6.9	36.0	6.1	186.0	5.4	5	100.0
12/30/2006 10:25	29.0	3.7	37.0	4.9	41.0	6.1	41.0	6.3	41.0	6.7	189.0	5.5	5	100.0
12/30/2006 10:30	37.0	4.7	41.0	5.6	40.0	5.8	39.0	6.1	36.0	6.1	193.0	5.7	5	100.0
12/30/2006 10:35	34.0	4.5	48.0	6.5	43.0	6.4	45.0	6.6	47.0	7.7	217.0	6.4	5	100.0
12/30/2006 10:40	37.0	5.1	45.0	6.3	41.0	5.9	49.0	7.5	41.0	6.7	213.0	6.3	5	100.0
12/30/2006 10:45	35.0	4.7	47.0	6.3	37.0	5.7	35.0	5.5	41.0	7.1	195.0	5.9	5	100.0
12/30/2006 10:50	41.0	5.1	47.0	6.1	43.0	6.1	44.0	7.1	49.0	8.3	224.0	6.6	5	100.0
12/30/2006 10:55	39.0	4.9	44.0	5.9	43.0	6.2	43.0	6.6	47.0	7.6	216.0	6.2	5	100.0
12/30/2006 11:00	43.0	5.5	43.0	5.9	45.0	6.6	47.0	7.3	44.0	7.2	222.0	6.5	5	100.0
12/30/2006 11:05	51.0	6.9	54.0	7.5	49.0	8.0	44.0	7.1	45.0	7.9	243.0	7.5	5	100.0
12/30/2006 11:10	41.0	5.7	49.0	6.7	45.0	6.6	47.0	8.3	51.0	9.1	233.0	7.3	5	100.0
12/30/2006 11:15	43.0	5.9	49.0	6.9	47.0	7.8	44.0	7.5	46.0	7.7	229.0	7.2	5	100.0
12/30/2006 11:20	41.0	5.3	50.0	6.8	45.0	7.1	49.0	7.8	52.0	8.9	237.0	7.2	5	100.0
12/30/2006 11:25	43.0	5.7	49.0	6.7	49.0	7.4	49.0	8.1	53.0	9.1	243.0	7.4	5	100.0
12/30/2006 11:30	42.0	5.3	46.0	6.3	46.0	6.6	47.0	7.4	47.0	8.0	228.0	6.7	5	100.0
12/30/2006 11:35	28.0	3.5	28.0	3.9	28.0	4.2	28.0	4.6	34.0	5.9	146.0	4.4	5	100.0
12/30/2006 11:40	42.0	5.8	46.0	6.7	41.0	7.3	49.0	8.1	53.0	9.3	231.0	7.5	5	100.0
12/30/2006 11:45	43.0	5.8	47.0	6.5	43.0	7.2	45.0	7.1	51.0	8.9	229.0	7.1	5	100.0
12/30/2006 11:50	44.0	5.8	43.0	6.0	45.0	6.8	49.0	7.7	46.0	7.8	227.0	6.8	5	100.0
12/30/2006 11:55	45.0	5.9	46.0	6.4	45.0	6.9	49.0	7.9	49.0	8.7	234.0	7.2	5	100.0
12/30/2006 12:00	47.0	6.1	51.0	7.1	51.0	8.0	49.0	8.0	51.0	9.0	249.0	7.6	5	100.0
12/30/2006 12:05	37.0	4.9	47.0	6.3	51.0	7.1	47.0	7.3	48.0	7.7	230.0	6.7	5	100.0
12/30/2006 12:10	45.0	6.1	54.0	7.6	46.0	7.5	49.0	7.7	49.0	8.9	243.0	7.6	5	100.0
12/30/2006 12:15	45.0	6.2	53.0	7.6	53.0	8.0	53.0	9.0	47.0	9.0	251.0	8.0	5	100.0
12/30/2006 12:20	43.0	5.8	48.0	6.7	49.0	7.3	47.0	7.7	45.0	7.5	232.0	7.0	5	100.0
12/30/2006 12:25	39.0	5.5	46.0	6.8	47.0	7.4	48.0	9.0	45.0	9.0	225.0	7.6	5	100.0
12/30/2006 12:30	41.0	5.6	54.0	7.5	47.0	7.0	49.0	8.1	52.0	9.1	243.0	7.4	5	100.0
12/30/2006 12:35	43.0	5.7	49.0	6.7	45.0	7.1	43.0	7.3	48.0	8.4	228.0	7.0	5	100.0
12/30/2006 12:40	49.0	6.7	50.0	7.0	48.0	7.6	51.0	8.2	51.0	8.9	249.0	7.7	5	100.0
12/30/2006 12:45	37.0	4.9	47.0	6.8	45.0	7.1	46.0	7.6	43.0	8.3	218.0	6.9	5	100.0
12/30/2006 12:50	44.0	5.8	53.0	7.5	48.0	7.3	45.0	7.7	51.0	9.8	241.0	7.6	5	100.0
12/30/2006 12:55	47.0	6.3	49.0	6.9	45.0	6.9	48.0	7.9	52.0	9.1	241.0	7.4	5	100.0
12/30/2006 13:00	39.0	5.3	48.0	6.7	45.0	7.2	47.0	8.2	48.0	9.5	227.0	7.4	5	100.0
12/30/2006 13:05	43.0	6.0	45.0	6.4	45.0	7.5	48.0	7.9	47.0	8.2	228.0	7.2	5	100.0
12/30/2006 13:10	49.0	6.8	49.0	7.1	50.0	8.2	47.0	7.7	57.0	9.9	252.0	8.0	5	100.0
12/30/2006 13:15	25.0	3.4	28.0	3.9	27.0	4.2	28.0	4.5	24.0	4.4	132.0	4.1	5	100.0
12/30/2006 13:20	46.0	6.1	53.0	7.6	54.0	8.4	49.0	7.9	51.0	8.6	253.0	7.7	5	100.0
12/30/2006 13:25	50.0	7.0	52.0	7.5	47.0	7.5	45.0	8.0	47.0	8.9	241.0	7.8	5	100.0
12/30/2006 13:30	49.0	6.8	54.0	7.8	50.0	7.8	52.0	8.5	49.0	8.8	254.0	7.9	5	100.0
12/30/2006 13:35	49.0	6.4	46.0	6.4	50.0	7.4	44.0	7.1	49.0	8.5	238.0	7.1	5	100.0
12/30/2006 13:40	58.0	7.8	62.0	9.0	55.0	9.3	52.0	8.5	53.0	9.4	280.0	8.8	5	100.0
12/30/2006 13:45	43.0	6.0	45.0	6.7	49.0	8.1	48.0	8.1	54.0	9.7	239.0	7.7	5	100.0
12/30/2006 13:50	41.0	5.5	51.0	7.2	47.0	7.5	47.0	8.0	46.0	8.3	232.0	7.3	5	100.0
12/30/2006 13:55	49.0	6.6	51.0	7.3	51.0	7.7	45.0	7.2	49.0	8.5	245.0	7.5	5	100.0
12/30/2006 14:00	36.0	4.7	54.0	7.1	46.0	7.0	50.0	7.8	46.0	7.6	232.0	6.8	5	100.0
12/30/2006 14:05	43.0	5.8	45.0	6.3	50.0	7.3	45.0	6.9	49.0	8.2	232.0	6.9	5	100.0
12/30/2006 14:10	44.0	5.8	50.0	7.0	46.0	6.9	44.0	6.9	48.0	8.1	232.0	7.0	5	100.0
12/30/2006 14:15	49.0	6.6	51.0	7.1	54.0	8.1	55.0	8.5	44.0	7.7	253.0	7.6	5	100.0
12/30/2006 14:20	40.0	5.4	48.0	6.8	46.0	7.1	42.0	7.0	45.0	7.8	221.0	6.8	5	100.0
12/30/2006 14:25	42.0	5.7	49.0	7.4	43.0	7.0	46.0	7.4	49.0	8.9	229.0	7.3	5	100.0
12/30/2006 14:30	54.0	7.5	55.0	8.1	55.0	8.7	55.0	9.3	52.0	8.9	271.0	8.5	5	100.0
12/30/2006 14:35	45.0	6.3	50.0	7.2	46.0	6.8	43.0	7.4	47.0	8.3	231.0	7.2	5	100.0
12/30/2006 14:40	46.0	6.1	54.0	7.5	56.0	8.1	49.0	8.4	47.0	8.1	252.0	7.6	5	100.0
12/30/2006 14:45	46.0	6.1	47.0	6.8	48.0	7.2	48.0	8.2	46.0	7.8	235.0	7.2	5	100.0
12/30/2006 14:50	45.0	6.4	51.0	7.4	42.0	6.9	43.0	6.9	42.0	7.3	223.0	7.0	5	100.0
12/30/2006 14:55	45.0	6.5	57.0	9.0	50.0	8.2	46.0	8.4	51.0	9.6	249.0	8.3	5	100.0
12/30/2006 15:00	39.0	5.6	49.0	6.6	47.0	7.6	44.0	8.3	49.0	8.6	228.0	7.4	5	100.0
12/30/2006 15:05	41.0	5.6	49.0	7.1	45.0	6.9	49.0	8.4	49.0	8.5	233.0	7.3	5	100.0
12/30/2006 15:10	48.0	6.5	49.0	6.9	48.0	7.3	45.0	6.9	48.0	8.3	238.0	7.2	5	100.0
12/30/2006 15:15	43.0	6.1	49.0	7.3	53.0	8.6	48.0	8.4	48.0	8.4	241.0	7.8	5	100.0
12/30/2006 15:20	43.0	5.7	52.0	7.3	48.0	7.1	47.0	7.8	47.0	8.1	237.0	7.2	5	100.0
12/30/2006 15:25	47.0	6.0	47.0	6.6	45.0	6.9	44.0	7.2	46.0	7.8	229.0	6.9	5	100.0
12/30/2006 15:30	43.0	6.2	51.0	7.5	49.0	7.9	45.0	7.9	48.0	8.9	236.0	7.7	5	100.0
12/30/2006 15:35	46.0	6.4	48.0	7.0	52.0	8.3	50.0	8.2	49.0	8.6	245.0	7.7	5	100.0
12/30/2006 15:40	45.0	6.4	45.0	6.7	45.0	7.3	45.0	7.4	45.0	7.9	225.0	7.1	5	100.0
12/30/2006 15:45	53.0	8.5	53.0	8.6	50.0	9.0	53.0	9.7	47.0	8.9	256.0	9.0	5	100.0
12/30/2006 15:50	48.0	8.0	47.0	8.0	47.0	8.9	42.0	8.4	51.0	10.6	235.0	8.8	5	100.0
12/30/2006 15:55	45.0	6.1	45.0	6.4	38.0	6.3	44.0	7.4	41.0	7.1	213.0	6.7	5	100.0
12/30/2006 16:00	47.0	6.5	48.0	6.7	46.0	7.0	45.0	7.6	45.0	7.8	231.0	7.1	5	100.0
12/30/2006 16:05	42.0	5.7	43.0	6.2	43.0	6.5	47.0	8.1	42.0	7.2	217.0	6.8	5	100.0
12/30/2006 16:10	42.0	5.9	45.0	6.6	47.0	7.1	47.0	8.3	40.0	7.1	221.0	7.0	5	100.0
12/30/2006 16:15	44.0	6.1	49.0	6.9	44.0	7.1	45.0	7.4	46.0	7.4	228.0	6.9	5	100.0
12/30/2006 16:20	47.0	6.5	49.0	7.0	43.0	6.9	46.0	7.8	44.0	7.3	229.0	7.1	5	100.0
12/30/2006 16:25	51.0	7.7	49.0	7.9	48.0	8.3	46.0	8.5	43.0	8.0	237.0	8.1	5	100.0
12/30/2006 16:30	54.0	7.7	51.0	7.7	51.0	8.4	47.0	8.4	46.0	8.4	249.0	8.1	5	100.0
12/30/2006 16:35	42.0	5.8	45.0	6.5	43.0	6.5	43.0	6.7	39.0	6.5	212.0	6.4	5	100.0
12/30/2006 16:40	47.0	6.4	46.0	6.7	45.0	6.9	43.0	7.1	41.0	7.3	222.0	6.9	5	100.0
12/30/2006 16:45	45.0	6.3	45.0	6.3	40.0	6.7	39.0	6.5	41.0	6.5	210.0	6.5	5	100.0
12/30/2006 16:50	42.0	6.0	41.0	5.9	44.0	6.6	38.0	6.0	34.0	5.6	199.0	6.0	5	100.0
12/30/2006 16:55	41.0	5.4	45.0	6.3	45.0	6.3	41.0	6.5	42.0	6.9	214.0	6.3	5	100.0
12/30/2006 17:00	47.0	7.1	49.0	7.5	43.0	6.7	44.0	7.7	40.0	7.5	223.0	7.3	5	100.0
12/30/2006 17:05	43.0	6.1	46.0	7.2	43.0	6.5	46.0	7.7	43.0	7.4	221.0	7.0	5	100.0
12/30/2006 17:10	47.0	6.7	48.0	7.3	48.0	7.5	41.0	6.7	40.0	6.5	224.0	6.9	5	100.0
12/30/2006 17:15	38.0	5.5	45.0	7.1	42.0	7.1	38.0	6.6	43.0	7.5	206.0	6.8	5	100.0
12/30/2006 17:20	43.0	6.1	45.0	6.8	50.0	7.9	46.0	7.7	40.0	7.2	224.0	7.2	5	100.0
12/30/2006 17:25	36.0	4.9	45.0	6.5	44.0	6.8	46.0	7.4	46.0	8.3	217.0	6.8	5	100.0
12/30/2006 17:30	45.0	6.8	48.0	7.6	44.0	7.7	49.0	9.1	45.0	9.1	231.0	8.0	5	100.0
12/30/2006 17:35	45.0	6.3	47.0	7.1	45.0	7.2	44.0	7.9	43.0	7.7	224.0	7.3	5	100.0
12/30/2006 17:40	35.0	5.0	40.0	5.6	36.0	5.8	43.0	6.6	42.0	7.2	196.0	6.0	5	100.0
12/30/2006 17:45	37.0	5.0	47.0	6.5	43.0	6.5	47.0	7.8	44.0	7.6	218.0	6.7	5	100.0
12/30/2006 17:50	39.0	5.6	45.0	6.5	41.0	6.5	45.0	7.3	44.0	8.3	214.0	6.8	5	100.0
12/30/2006 17:55	41.0	6.0	42.0	6.6	46.0	7.3	44.0	6.9	45.0	8.0	218.0	7.0	5	100.0
12/30/2006 18:00	36.0	5.1	41.0	5.9	46.0	7.3	42.0	6.6	46.0	7.7	211.0	6.5	5	100.0
12/30/2006 18:05	42.0	5.8	45.0	6.4	50.0	7.3	41.0	6.9	48.0	8.6	226.0	7.0	5	100.0
12/30/2006 18:10	37.0	5.1	43.0	6.1	40.0	6.3	43.0	6.8	41.0	6.9	204.0	6.2	5	100.0
12/30/2006 18:15	37.0	4.9	42.0	5.5	39.0	5.9	46.0	7.3	41.0	6.7	205.0	6.1	5	100.0
12/30/2006 18:20	40.0	5.5	44.0	6.2	47.0	6.9	47.0	7.8	41.0	7.1	219.0	6.7	5	100.0
12/30/2006 18:25	39.0	5.3	42.0	5.8	45.0	7.0	47.0	7.3	36.0	6.1	209.0	6.3	5	100.0
12/30/2006 18:30	33.0	4.3	40.0	5.5	39.0	5.7	40.0	6.2	35.0	6.1	187.0	5.6	5	100.0
12/30/2006 18:35	37.0	5.1	38.0	5.3	41.0	6.1	48.0	7.9	41.0	7.3	205.0	6.3	5	100.0
12/30/2006 18:40	32.0	4.4	41.0	5.7	43.0	6.5	39.0	6.4	38.0	6.5	193.0	5.9	5	100.0
12/30/2006 18:45	33.0	4.5	36.0	4.9	36.0	6.0	39.0	6.5	35.0	6.0	179.0	5.6	5	100.0
12/30/2006 18:50	37.0	5.1	41.0	5.9	41.0	5.9	44.0	6.8	36.0	6.4	199.0	6.0	5	100.0
12/30/2006 18:55	27.0	3.6	34.0	4.3	37.0	5.3	37.0	6.0	34.0	5.5	169.0	5.0	5	100.0
12/30/2006 19:00	31.0	4.1	39.0	5.3	40.0	6.0	42.0	6.3	42.0	6.8	194.0	5.7	5	100.0
12/30/2006 19:05	27.0	3.5	33.0	4.5	34.0	5.1	35.0	5.4	32.0	4.9	161.0	4.7	5	100.0
12/30/2006 19:10	32.0	4.1	39.0	5.5	44.0	6.6	42.0	6.8	38.0	6.2	195.0	5.8	5	100.0
12/30/2006 19:15	33.0	4.4	38.0	5.1	36.0	5.7	39.0	6.0	39.0	6.4	185.0	5.5	5	100.0
12/30/2006 19:20	30.0	3.9	35.0	4.5	34.0	4.7	39.0	5.9	35.0	5.4	173.0	4.9	5	100.0
12/30/2006 19:25	14.0	1.7	18.0	2.3	19.0	2.8	18.0	2.7	15.0	2.7	84.0	2.4	5	100.0
12/30/2006 19:30	31.0	3.9	38.0	5.1	34.0	4.7	34.0	5.5	37.0	6.0	174.0	5.0	5	100.0
12/30/2006 19:35	27.0	3.6	37.0	5.1	41.0	5.9	41.0	6.3	31.0	5.0	177.0	5.2	5	100.0
12/30/2006 19:40	25.0	3.2	32.0	4.2	36.0	5.1	36.0	5.5	35.0	6.1	164.0	4.8	5	100.0
12/30/2006 19:45	28.0	3.4	33.0	4.3	34.0	5.1	40.0	6.1	36.0	6.1	171.0	5.0	5	100.0
12/30/2006 19:50	24.0	3.0	31.0	4.1	34.0	4.7	33.0	5.3	27.0	3.9	149.0	4.2	5	100.0
12/30/2006 19:55	28.0	3.6	29.0	4.1	34.0	5.3	33.0	4.7	33.0	5.3	157.0	4.6	5	100.0
12/30/2006 20:00	26.0	3.5	35.0	4.8	31.0	4.9	36.0	5.9	35.0	5.8	163.0	5.0	5	100.0
12/30/2006 20:05	21.0	2.7	30.0	3.9	36.0	4.9	35.0	4.9	31.0	4.5	153.0	4.2	5	100.0
12/30/2006 20:10	29.0	3.7	34.0	4.6	34.0	4.9	33.0	5.3	31.0	4.7	161.0	4.6	5	100.0
12/30/2006 20:15	22.0	2.8	36.0	4.5	31.0	4.3	37.0	5.5	32.0	4.9	158.0	4.4	5	100.0
12/30/2006 20:20	27.0	3.4	36.0	4.8	37.0	5.3	39.0	5.7	33.0	5.1	172.0	4.9	5	100.0
12/30/2006 20:25	25.0	3.3	35.0	4.9	38.0	5.4	37.0	5.5	31.0	5.0	166.0	4.8	5	100.0
12/30/2006 20:30	27.0	3.5	33.0	4.5	33.0	4.6	36.0	5.6	27.0	4.4	156.0	4.5	5	100.0
12/30/2006 20:35	29.0	3.8	37.0	4.9	36.0	5.0	35.0	5.1	32.0	4.6	169.0	4.7	5	100.0
12/30/2006 20:40	21.0	2.4	25.0	3.2	30.0	3.9	34.0	4.6	26.0	4.1	136.0	3.7	5	100.0
12/30/2006 20:45	23.0	2.9	33.0	4.1	34.0	4.9	37.0	5.2	33.0	5.1	160.0	4.4	5	100.0
12/30/2006 20:50	19.0	2.4	29.0	3.8	33.0	4.6	32.0	4.6	31.0	4.5	144.0	4.0	5	100.0
12/30/2006 20:55	24.0	3.1	28.0	3.9	32.0	4.5	33.0	4.5	29.0	4.4	146.0	4.1	5	100.0
12/30/2006 21:00	28.0	3.8	33.0	4.5	33.0	4.7	35.0	5.1	31.0	4.8	160.0	4.6	5	100.0
12/30/2006 21:05	20.0	2.6	31.0	4.0	31.0	4.3	33.0	4.7	26.0	4.4	141.0	4.0	5	100.0
12/30/2006 21:10	24.0	3.1	33.0	4.3	31.0	4.5	32.0	4.7	28.0	4.5	148.0	4.2	5	100.0
12/30/2006 21:15	27.0	3.4	35.0	4.5	36.0	4.9	39.0	6.1	31.0	5.0	168.0	4.8	5	100.0
12/30/2006 21:20	21.0	2.7	33.0	4.2	35.0	4.7	31.0	4.5	25.0	3.9	145.0	4.0	5	100.0
12/30/2006 21:25	21.0	2.5	30.0	3.9	32.0	4.6	31.0	4.7	29.0	4.9	143.0	4.1	5	100.0
12/30/2006 21:30	28.0	3.4	28.0	3.6	29.0	4.1	26.0	3.8	31.0	4.5	142.0	3.9	5	100.0
12/30/2006 21:35	21.0	2.6	25.0	3.3	31.0	4.2	31.0	4.5	24.0	3.9	132.0	3.7	5	100.0
12/30/2006 21:40	23.0	2.9	29.0	3.9	31.0	4.5	33.0	5.1	29.0	4.6	145.0	4.2	5	100.0
12/30/2006 21:45	19.0	2.4	21.0	2.9	33.0	4.4	33.0	4.9	24.0	3.9	130.0	3.7	5	100.0
12/30/2006 21:50	20.0	2.3	27.0	3.7	31.0	4.7	31.0	4.5	31.0	4.6	140.0	4.0	5	100.0
12/30/2006 21:55	19.0	2.4	33.0	4.3	29.0	4.0	28.0	4.5	26.0	4.3	135.0	3.9	5	100.0
12/30/2006 22:00	20.0	2.4	32.0	4.2	31.0	4.5	27.0	4.3	29.0	4.5	139.0	4.0	5	100.0
12/30/2006 22:05	17.0	2.2	30.0	3.9	34.0	4.5	34.0	4.9	30.0	4.9	145.0	4.1	5	100.0
12/30/2006 22:10	24.0	3.1	33.0	4.3	35.0	4.8	27.0	4.3	28.0	4.3	147.0	4.2	5	100.0
12/30/2006 22:15	19.0	2.5	33.0	4.2	27.0	3.7	32.0	4.7	23.0	3.3	134.0	3.7	5	100.0
12/30/2006 22:20	23.0	2.9	29.0	3.8	33.0	4.5	32.0	4.6	25.0	3.7	142.0	3.9	5	100.0
12/30/2006 22:25	21.0	2.7	31.0	3.9	30.0	4.3	31.0	4.9	25.0	3.8	138.0	3.9	5	100.0
12/30/2006 22:30	20.0	2.6	29.0	3.7	27.0	3.8	30.0	4.3	27.0	3.9	133.0	3.6	5	100.0
12/30/2006 22:35	25.0	3.3	30.0	4.1	33.0	4.6	31.0	4.5	27.0	4.6	146.0	4.2	5	100.0
12/30/2006 22:40	14.0	1.6	28.0	3.4	27.0	3.7	31.0	4.9	28.0	4.1	128.0	3.6	5	100.0
12/30/2006 22:45	20.0	2.5	29.0	3.9	29.0	4.1	27.0	4.2	25.0	3.8	130.0	3.7	5	100.0
12/30/2006 22:50	19.0	2.4	27.0	3.5	19.0	2.8	23.0	3.4	19.0	3.1	107.0	3.0	5	100.0
12/30/2006 22:55	21.0	2.5	28.0	3.5	25.0	3.3	23.0	3.6	19.0	2.8	116.0	3.1	5	100.0
12/30/2006 23:00	18.0	2.3	27.0	3.5	26.0	3.5	28.0	3.8	22.0	3.7	121.0	3.4	5	100.0
12/30/2006 23:05	19.0	2.4	31.0	4.1	31.0	4.4	27.0	4.1	24.0	3.5	132.0	3.7	5	100.0
12/30/2006 23:10	16.0	2.0	25.0	3.3	27.0	3.5	28.0	3.9	21.0	3.3	117.0	3.2	5	100.0
12/30/2006 23:15	16.0	1.9	28.0	3.6	22.0	3.3	23.0	3.2	19.0	3.1	108.0	3.0	5	100.0
12/30/2006 23:20	17.0	2.0	27.0	3.3	23.0	3.3	26.0	3.8	19.0	2.9	112.0	3.1	5	100.0
12/30/2006 23:25	10.0	1.3	13.0	1.7	14.0	1.9	15.0	2.4	14.0	2.1	66.0	1.9	5	100.0
12/30/2006 23:30	15.0	1.9	25.0	3.1	29.0	4.1	25.0	3.8	23.0	3.7	117.0	3.3	5	100.0
12/30/2006 23:35	12.0	1.3	22.0	2.7	23.0	2.9	24.0	3.7	22.0	3.7	103.0	2.9	5	100.0
12/30/2006 23:40	17.0	1.9	25.0	2.9	25.0	3.3	18.0	2.5	23.0	3.4	108.0	2.8	5	100.0
12/30/2006 23:45	16.0	2.0	21.0	2.7	21.0	2.9	23.0	3.3	23.0	3.2	104.0	2.8	5	100.0
12/30/2006 23:50	15.0	1.5	19.0	2.5	21.0	2.8	23.0	3.2	15.0	2.0	93.0	2.4	5	100.0
12/30/2006 23:55	9.0	1.1	21.0	2.9	23.0	3.2	22.0	3.3	17.0	2.8	92.0	2.7	5	100.0
12/31/2006 00:00	11.0	1.3	20.0	2.6	16.0	2.2	16.0	2.4	15.0	2.1	78.0	2.1	5	100.0
12/31/2006 00:05	9.0	1.1	20.0	2.6	18.0	2.5	23.0	3.3	12.0	1.7	82.0	2.3	5	100.0
12/31/2006 00:10	15.0	1.8	23.0	2.9	23.0	3.7	19.0	2.9	11.0	1.9	91.0	2.6	5	100.0
12/31/2006 00:15	9.0	0.9	19.0	2.4	19.0	2.4	19.0	2.9	15.0	2.2	81.0	2.2	5	100.0
12/31/2006 00:20	9.0	1.0	15.0	1.8	16.0	2.1	16.0	2.4	15.0	2.2	71.0	1.9	5	100.0
12/31/2006 00:25	8.0	0.8	18.0	2.3	18.0	2.2	19.0	2.9	11.0	1.5	74.0	2.0	5	100.0
12/31/2006 00:30	6.0	0.7	7.0	0.9	8.0	1.1	8.0	1.0	6.0	0.8	35.0	0.9	5	100.0
12/31/2006 00:35	3.0	0.3	8.0	1.1	9.0	1.2	8.0	1.5	11.0	1.7	39.0	1.2	5	100.0
12/31/2006 00:40	6.0	0.7	17.0	2.1	20.0	2.9	17.0	2.8	19.0	2.9	79.0	2.3	5	100.0
12/31/2006 00:45	6.0	0.9	17.0	2.1	16.0	2.1	16.0	2.3	11.0	1.9	66.0	1.8	5	100.0
12/31/2006 00:50	7.0	0.7	16.0	2.1	15.0	2.1	17.0	2.4	13.0	1.9	68.0	1.8	5	100.0
12/31/2006 00:55	4.0	0.4	10.0	1.2	13.0	1.8	13.0	1.9	15.0	2.3	55.0	1.5	5	100.0
12/31/2006 01:00	6.0	0.8	13.0	1.5	11.0	1.5	15.0	2.3	16.0	2.3	61.0	1.7	5	100.0
12/31/2006 01:05	4.0	0.5	9.0	1.1	12.0	1.5	12.0	1.7	9.0	1.5	46.0	1.3	5	100.0
12/31/2006 01:10	7.0	0.7	13.0	1.7	13.0	1.6	14.0	1.8	14.0	2.0	61.0	1.6	5	100.0
12/31/2006 01:15	5.0	0.5	11.0	1.4	12.0	1.4	13.0	1.8	12.0	1.6	53.0	1.4	5	100.0
12/31/2006 01:20	4.0	0.4	8.0	0.9	9.0	1.0	10.0	1.8	8.0	1.1	39.0	1.1	5	100.0
12/31/2006 01:25	3.0	0.3	8.0	1.1	10.0	1.3	15.0	2.1	11.0	1.6	47.0	1.3	5	100.0
12/31/2006 01:30	4.0	0.4	9.0	1.1	15.0	2.1	10.0	1.2	11.0	1.5	49.0	1.2	5	100.0
12/31/2006 01:35	4.0	0.4	8.0	0.9	15.0	2.0	12.0	1.7	10.0	1.2	49.0	1.3	5	100.0
12/31/2006 01:40	5.0	0.5	15.0	1.7	15.0	1.7	15.0	1.9	13.0	1.9	63.0	1.6	5	100.0
12/31/2006 01:45	4.0	0.5	11.0	1.3	13.0	1.8	12.0	1.5	11.0	1.3	51.0	1.3	5	100.0
12/31/2006 01:50	4.0	0.4	9.0	1.1	13.0	1.7	13.0	1.7	11.0	1.7	50.0	1.3	5	100.0
12/31/2006 01:55	5.0	0.5	11.0	1.3	14.0	1.8	16.0	2.1	13.0	1.7	59.0	1.5	5	100.0
12/31/2006 02:00	4.0	0.4	11.0	1.3	15.0	2.0	13.0	1.6	14.0	2.0	57.0	1.5	5	100.0
12/31/2006 02:05	1.0	0.1	6.0	0.8	7.0	0.8	7.0	0.8	5.0	0.7	26.0	0.6	5	100.0
12/31/2006 02:10	6.0	0.7	11.0	1.3	10.0	1.3	11.0	1.4	9.0	1.1	47.0	1.2	5	100.0
12/31/2006 02:15	5.0	0.6	13.0	1.5	15.0	1.8	14.0	1.9	12.0	1.6	59.0	1.5	5	100.0
12/31/2006 02:20	3.0	0.3	12.0	1.3	15.0	1.9	12.0	2.3	7.0	0.9	49.0	1.3	5	100.0
12/31/2006 02:25	5.0	0.5	14.0	1.6	14.0	1.6	15.0	1.7	9.0	1.1	57.0	1.3	5	100.0
12/31/2006 02:30	5.0	0.6	11.0	1.3	11.0	1.3	13.0	1.8	7.0	1.1	47.0	1.2	5	100.0
12/31/2006 02:35	2.0	0.2	9.0	1.0	10.0	1.3	9.0	1.0	9.0	1.1	39.0	0.9	5	100.0
12/31/2006 02:40	1.0	0.1	5.0	0.7	8.0	1.1	7.0	1.0	8.0	1.2	29.0	0.8	5	100.0
12/31/2006 02:45	2.0	0.2	7.0	0.7	10.0	1.3	10.0	1.4	10.0	1.6	39.0	1.1	5	100.0
12/31/2006 02:50	3.0	0.3	6.0	0.7	7.0	0.7	9.0	1.1	6.0	0.7	31.0	0.7	5	100.0
12/31/2006 02:55	3.0	0.3	6.0	0.6	8.0	0.9	7.0	0.9	9.0	1.1	33.0	0.8	5	100.0
12/31/2006 03:00	3.0	0.4	7.0	0.7	9.0	1.0	5.0	0.7	6.0	0.7	30.0	0.7	5	100.0
12/31/2006 03:05	1.0	0.1	5.0	0.6	8.0	0.9	7.0	0.7	4.0	0.5	25.0	0.6	5	100.0
12/31/2006 03:10	1.0	0.2	3.0	0.3	4.0	0.4	7.0	1.0	6.0	0.7	21.0	0.5	5	100.0
12/31/2006 03:15	0.0	0.0	4.0	0.4	4.0	0.5	6.0	0.7	6.0	1.0	20.0	0.5	5	100.0
12/31/2006 03:20	3.0	0.4	4.0	0.6	6.0	0.8	6.0	0.9	5.0	0.6	24.0	0.7	5	100.0
12/31/2006 03:25	1.0	0.1	6.0	0.6	6.0	0.8	6.0	0.9	6.0	0.8	25.0	0.6	5	100.0
12/31/2006 03:30	1.0	0.1	4.0	0.5	7.0	0.9	9.0	1.1	5.0	0.8	26.0	0.7	5	100.0
12/31/2006 03:35	1.0	0.1	5.0	0.5	5.0	0.7	7.0	0.9	3.0	0.3	21.0	0.5	5	100.0
12/31/2006 03:40	0.0	0.0	5.0	0.5	5.0	0.6	7.0	0.8	5.0	0.8	22.0	0.5	5	100.0
12/31/2006 03:45	1.0	0.1	4.0	0.5	4.0	0.4	5.0	0.5	6.0	0.7	20.0	0.5	5	100.0
12/31/2006 03:50	0.0	0.0	5.0	0.5	6.0	0.7	6.0	0.7	3.0	0.4	20.0	0.5	5	100.0
12/31/2006 03:55	0.0	0.0	2.0	0.2	7.0	1.2	2.0	0.2	3.0	0.4	14.0	0.4	5	100.0
12/31/2006 04:00	0.0	0.0	3.0	0.4	1.0	0.1	3.0	0.7	1.0	0.1	8.0	0.3	5	100.0
12/31/2006 04:05	0.0	0.0	1.0	0.2	5.0	0.6	6.0	0.8	5.0	0.5	17.0	0.4	5	100.0
12/31/2006 04:10	0.0	0.0	3.0	0.3	5.0	0.6	7.0	1.3	3.0	0.3	18.0	0.5	5	100.0
12/31/2006 04:15	1.0	0.1	2.0	0.2	5.0	0.5	3.0	0.3	4.0	0.6	15.0	0.3	5	100.0
12/31/2006 04:20	0.0	0.0	2.0	0.3	3.0	0.3	1.0	0.2	3.0	0.3	9.0	0.2	5	100.0
12/31/2006 04:25	0.0	0.0	2.0	0.2	4.0	0.4	4.0	0.5	1.0	0.1	11.0	0.3	5	100.0
12/31/2006 04:30	0.0	0.0	1.0	0.1	1.0	0.1	3.0	0.5	2.0	0.5	7.0	0.3	5	100.0
12/31/2006 04:35	1.0	0.1	1.0	0.1	3.0	0.3	4.0	0.7	4.0	0.5	13.0	0.4	5	100.0
12/31/2006 04:40	0.0	0.0	1.0	0.2	1.0	0.1	2.0	0.2	2.0	0.2	6.0	0.2	5	100.0
12/31/2006 04:45	0.0	0.0	4.0	0.4	5.0	0.6	4.0	0.4	3.0	0.3	16.0	0.3	5	100.0
12/31/2006 04:50	0.0	0.0	3.0	0.3	3.0	0.3	4.0	0.6	4.0	0.9	14.0	0.4	5	100.0
12/31/2006 04:55	0.0	0.0	3.0	0.3	4.0	0.5	5.0	0.5	4.0	0.8	16.0	0.4	5	100.0
12/31/2006 05:00	0.0	0.0	3.0	0.3	5.0	0.5	5.0	0.7	2.0	0.4	15.0	0.4	5	100.0
12/31/2006 05:05	0.0	0.0	1.0	0.1	5.0	0.6	3.0	0.5	3.0	0.3	12.0	0.3	5	100.0
12/31/2006 05:10	0.0	0.0	1.0	0.1	2.0	0.2	2.0	0.4	1.0	0.1	6.0	0.2	5	100.0
12/31/2006 05:15	0.0	0.0	2.0	0.2	4.0	0.6	4.0	0.8	5.0	0.8	15.0	0.5	5	100.0
12/31/2006 05:20	0.0	0.0	2.0	0.2	6.0	0.6	4.0	0.5	3.0	0.4	15.0	0.3	5	100.0
12/31/2006 05:25	0.0	0.0	1.0	0.1	2.0	0.3	4.0	0.8	1.0	0.2	8.0	0.3	5	100.0
12/31/2006 05:30	1.0	0.1	4.0	0.6	7.0	0.9	5.0	1.0	3.0	0.3	20.0	0.6	5	100.0
12/31/2006 05:35	0.0	0.0	4.0	0.4	6.0	0.7	5.0	0.8	4.0	0.8	19.0	0.5	5	100.0
12/31/2006 05:40	1.0	0.1	5.0	0.5	5.0	0.6	5.0	0.9	5.0	0.9	21.0	0.6	5	100.0
12/31/2006 05:45	1.0	0.1	6.0	0.7	5.0	0.5	4.0	0.5	7.0	0.8	23.0	0.5	5	100.0
12/31/2006 05:50	2.0	0.2	5.0	0.5	5.0	0.6	6.0	1.0	5.0	1.0	23.0	0.7	5	100.0
12/31/2006 05:55	1.0	0.1	5.0	0.5	6.0	0.7	5.0	0.5	8.0	1.5	25.0	0.7	5	100.0
12/31/2006 06:00	1.0	0.1	7.0	0.9	5.0	0.7	7.0	1.0	5.0	0.7	25.0	0.7	5	100.0
12/31/2006 06:05	1.0	0.1	2.0	0.3	6.0	0.7	5.0	0.7	3.0	0.4	17.0	0.4	5	100.0
12/31/2006 06:10	1.0	0.1	6.0	0.6	5.0	0.5	7.0	0.9	4.0	0.5	23.0	0.5	5	100.0
12/31/2006 06:15	2.0	0.2	5.0	0.6	7.0	1.1	8.0	1.3	3.0	0.4	25.0	0.7	5	100.0
12/31/2006 06:20	1.0	0.1	6.0	0.8	9.0	1.1	8.0	1.2	3.0	0.5	27.0	0.8	5	100.0
12/31/2006 06:25	2.0	0.2	9.0	1.1	7.0	1.0	5.0	0.9	5.0	0.7	28.0	0.8	5	100.0
12/31/2006 06:30	1.0	0.1	7.0	0.9	6.0	0.7	6.0	0.9	5.0	0.6	25.0	0.6	5	100.0
12/31/2006 06:35	1.0	0.1	7.0	0.7	8.0	0.9	8.0	1.1	8.0	1.2	32.0	0.8	5	100.0
12/31/2006 06:40	2.0	0.2	10.0	1.3	8.0	0.9	9.0	1.4	5.0	1.0	34.0	1.0	5	100.0
12/31/2006 06:45	1.0	0.1	7.0	0.7	7.0	1.0	10.0	1.5	7.0	1.1	32.0	0.9	5	100.0
12/31/2006 06:50	2.0	0.2	9.0	0.9	9.0	1.1	11.0	1.1	5.0	0.6	36.0	0.8	5	100.0
12/31/2006 06:55	3.0	0.3	9.0	0.9	7.0	0.8	10.0	1.5	8.0	0.9	37.0	0.9	5	100.0
12/31/2006 07:00	1.0	0.1	5.0	0.6	6.0	0.8	5.0	0.6	4.0	0.5	21.0	0.5	5	100.0
12/31/2006 07:05	2.0	0.3	7.0	0.9	11.0	1.3	13.0	1.5	9.0	1.1	42.0	1.0	5	100.0
12/31/2006 07:10	3.0	0.4	12.0	1.4	10.0	1.5	7.0	1.1	7.0	0.9	39.0	1.1	5	100.0
12/31/2006 07:15	5.0	0.7	9.0	1.1	12.0	1.8	8.0	1.4	7.0	1.1	41.0	1.2	5	100.0
12/31/2006 07:20	4.0	0.4	11.0	1.3	13.0	1.5	11.0	1.5	6.0	0.7	45.0	1.1	5	100.0
12/31/2006 07:25	3.0	0.4	13.0	1.5	11.0	1.4	11.0	1.5	9.0	1.1	47.0	1.2	5	100.0
12/31/2006 07:30	7.0	0.7	13.0	1.6	13.0	1.9	12.0	1.8	9.0	1.4	54.0	1.5	5	100.0
12/31/2006 07:35	4.0	0.4	8.0	1.1	9.0	1.1	7.0	1.1	5.0	0.6	33.0	0.9	5	100.0
12/31/2006 07:40	4.0	0.5	11.0	1.3	16.0	1.9	13.0	2.0	11.0	1.5	55.0	1.4	5	100.0
12/31/2006 07:45	6.0	0.7	11.0	1.2	13.0	2.1	13.0	1.6	14.0	1.9	57.0	1.5	5	100.0
12/31/2006 07:50	6.0	0.6	15.0	1.8	15.0	1.9	12.0	2.1	13.0	2.1	61.0	1.7	5	100.0
12/31/2006 07:55	4.0	0.4	13.0	1.4	17.0	2.3	13.0	1.9	10.0	1.3	57.0	1.5	5	100.0
12/31/2006 08:00	2.0	0.2	13.0	1.6	15.0	1.9	15.0	2.1	11.0	1.9	56.0	1.6	5	100.0
12/31/2006 08:05	5.0	0.7	15.0	1.9	11.0	1.7	19.0	2.3	13.0	1.7	63.0	1.7	5	100.0
12/31/2006 08:10	5.0	0.5	13.0	1.7	16.0	2.1	16.0	2.3	11.0	2.0	61.0	1.7	5	100.0
12/31/2006 08:15	6.0	0.6	17.0	2.3	12.0	1.4	16.0	2.6	11.0	1.8	62.0	1.7	5	100.0
12/31/2006 08:20	6.0	0.7	8.0	0.9	11.0	1.5	11.0	1.7	8.0	1.2	44.0	1.2	5	100.0
12/31/2006 08:25	5.0	0.6	13.0	1.7	15.0	2.0	15.0	1.9	10.0	1.6	58.0	1.6	5	100.0
12/31/2006 08:30	6.0	0.6	17.0	2.1	18.0	2.6	13.0	2.0	15.0	2.2	69.0	1.9	5	100.0
12/31/2006 08:35	7.0	0.7	17.0	1.9	17.0	2.1	17.0	2.5	16.0	2.5	74.0	2.0	5	100.0
12/31/2006 08:40	7.0	0.9	16.0	2.1	20.0	2.5	19.0	2.7	13.0	2.0	75.0	2.0	5	100.0
12/31/2006 08:45	6.0	0.7	15.0	1.7	17.0	2.4	19.0	2.5	17.0	2.4	74.0	1.9	5	100.0
12/31/2006 08:50	8.0	0.8	16.0	1.9	18.0	2.1	19.0	2.6	20.0	2.9	81.0	2.1	5	100.0
12/31/2006 08:55	9.0	0.9	17.0	1.9	21.0	2.9	21.0	3.2	17.0	2.4	85.0	2.3	5	100.0
12/31/2006 09:00	5.0	0.5	18.0	2.0	17.0	2.1	22.0	3.2	18.0	2.7	80.0	2.1	5	100.0
12/31/2006 09:05	11.0	1.2	21.0	2.6	24.0	3.3	23.0	3.2	20.0	2.9	99.0	2.6	5	100.0
12/31/2006 09:10	1.0	0.1	7.0	0.7	5.0	0.7	7.0	0.9	6.0	0.8	26.0	0.6	5	100.0
12/31/2006 09:15	6.0	0.6	15.0	1.9	15.0	1.9	19.0	2.5	15.0	2.3	70.0	1.8	5	100.0
12/31/2006 09:20	7.0	0.7	19.0	2.3	23.0	3.1	23.0	3.1	16.0	2.6	88.0	2.4	5	100.0
12/31/2006 09:25	9.0	1.1	18.0	2.5	22.0	2.8	22.0	3.0	19.0	3.0	90.0	2.5	5	100.0
12/31/2006 09:30	13.0	1.6	21.0	2.3	19.0	2.4	23.0	3.3	25.0	3.7	101.0	2.7	5	100.0
12/31/2006 09:35	12.0	1.4	24.0	3.0	26.0	3.5	26.0	3.8	29.0	3.9	117.0	3.1	5	100.0
12/31/2006 09:40	17.0	2.1	26.0	3.0	29.0	3.9	29.0	4.5	32.0	4.8	133.0	3.6	5	100.0
12/31/2006 09:45	15.0	1.8	22.0	2.7	26.0	3.5	30.0	4.2	25.0	3.7	118.0	3.2	5	100.0
12/31/2006 09:50	13.0	1.5	23.0	2.8	29.0	3.7	25.0	3.3	25.0	4.0	115.0	3.1	5	100.0
12/31/2006 09:55	17.0	2.1	27.0	3.2	29.0	3.9	27.0	3.9	31.0	4.6	131.0	3.6	5	100.0
12/31/2006 10:00	15.0	1.6	27.0	3.3	28.0	3.6	26.0	3.7	28.0	4.2	124.0	3.3	5	100.0
12/31/2006 10:05	19.0	2.1	30.0	3.6	28.0	3.9	29.0	4.3	32.0	5.0	138.0	3.8	5	100.0
12/31/2006 10:10	15.0	1.8	28.0	3.4	28.0	3.9	29.0	4.2	34.0	5.2	134.0	3.7	5	100.0
12/31/2006 10:15	16.0	2.0	26.0	3.3	28.0	3.7	29.0	4.1	29.0	4.4	128.0	3.5	5	100.0
12/31/2006 10:20	21.0	2.6	32.0	4.2	36.0	5.0	36.0	5.5	34.0	5.0	159.0	4.5	5	100.0
12/31/2006 10:25	19.0	2.3	30.0	3.8	32.0	4.5	33.0	4.9	31.0	4.8	145.0	4.1	5	100.0
12/31/2006 10:30	22.0	2.6	33.0	4.3	33.0	4.7	39.0	5.8	33.0	5.1	160.0	4.5	5	100.0
12/31/2006 10:35	25.0	3.1	32.0	3.9	31.0	4.1	34.0	4.5	34.0	5.0	156.0	4.1	5	100.0
12/31/2006 10:40	21.0	2.7	34.0	4.3	38.0	4.9	35.0	5.9	31.0	4.6	159.0	4.5	5	100.0
12/31/2006 10:45	24.0	2.9	39.0	5.3	34.0	5.0	38.0	5.4	34.0	5.3	169.0	4.8	5	100.0
12/31/2006 10:50	29.0	3.5	36.0	4.9	38.0	5.0	38.0	5.9	44.0	6.7	185.0	5.2	5	100.0
12/31/2006 10:55	25.0	3.0	32.0	4.1	36.0	5.1	36.0	5.2	39.0	5.7	168.0	4.6	5	100.0
12/31/2006 11:00	25.0	2.9	35.0	4.6	33.0	4.6	38.0	5.3	37.0	5.6	168.0	4.6	5	100.0
12/31/2006 11:05	16.0	2.1	29.0	3.8	30.0	4.0	26.0	4.1	36.0	5.3	137.0	3.9	5	100.0
12/31/2006 11:10	25.0	2.9	35.0	4.4	35.0	4.5	31.0	5.0	39.0	6.2	165.0	4.6	5	100.0
12/31/2006 11:15	26.0	3.1	33.0	4.2	33.0	4.6	37.0	5.0	33.0	5.0	162.0	4.4	5	100.0
12/31/2006 11:20	18.0	2.0	26.0	3.1	33.0	4.3	35.0	5.0	37.0	5.6	149.0	4.0	5	100.0
12/31/2006 11:25	25.0	3.0	35.0	4.5	36.0	4.8	39.0	5.5	39.0	6.3	174.0	4.8	5	100.0
12/31/2006 11:30	28.0	3.5	38.0	4.9	37.0	4.9	36.0	5.4	41.0	6.4	180.0	5.0	5	100.0
12/31/2006 11:35	23.0	2.8	34.0	4.3	34.0	5.0	43.0	6.4	37.0	6.2	171.0	5.0	5	100.0
12/31/2006 11:40	29.0	3.7	36.0	4.5	35.0	5.2	34.0	5.2	34.0	5.1	168.0	4.7	5	100.0
12/31/2006 11:45	29.0	3.5	40.0	5.1	37.0	5.3	41.0	6.2	39.0	6.2	186.0	5.3	5	100.0
12/31/2006 11:50	24.0	2.9	32.0	4.1	40.0	5.5	39.0	5.6	45.0	7.1	180.0	5.1	5	100.0
12/31/2006 11:55	27.0	3.3	37.0	4.6	41.0	5.7	41.0	6.0	36.0	5.1	182.0	5.0	5	100.0
12/31/2006 12:00	28.0	3.4	32.0	4.1	34.0	4.7	37.0	5.5	44.0	6.4	175.0	4.8	5	100.0
12/31/2006 12:05	26.0	3.3	35.0	4.5	39.0	5.3	40.0	5.9	43.0	7.1	183.0	5.2	5	100.0
12/31/2006 12:10	30.0	3.9	41.0	5.5	42.0	5.9	42.0	6.5	41.0	6.0	196.0	5.6	5	100.0
12/31/2006 12:15	28.0	3.6	37.0	4.9	39.0	5.5	44.0	6.5	43.0	6.6	191.0	5.4	5	100.0
12/31/2006 12:20	23.0	2.9	38.0	4.9	42.0	6.0	41.0	6.1	41.0	6.5	185.0	5.3	5	100.0
12/31/2006 12:25	29.0	3.7	40.0	5.3	39.0	5.7	42.0	6.2	43.0	6.9	193.0	5.6	5	100.0
12/31/2006 12:30	34.0	4.2	41.0	5.2	44.0	6.3	44.0	6.8	43.0	6.9	206.0	5.9	5	100.0
12/31/2006 12:35	27.0	3.4	38.0	4.9	41.0	5.6	42.0	6.3	46.0	7.4	194.0	5.5	5	100.0
12/31/2006 12:40	30.0	3.9	33.0	4.4	33.0	4.6	43.0	6.2	40.0	6.0	179.0	5.0	5	100.0
12/31/2006 12:45	23.0	2.9	37.0	4.8	37.0	5.2	38.0	5.6	42.0	6.7	177.0	5.0	5	100.0
12/31/2006 12:50	23.0	2.9	39.0	4.9	37.0	5.3	45.0	6.9	45.0	7.1	189.0	5.4	5	100.0
12/31/2006 12:55	29.0	3.5	39.0	5.2	37.0	4.9	45.0	6.5	43.0	6.6	193.0	5.4	5	100.0
12/31/2006 13:00	26.0	3.5	37.0	4.9	40.0	5.5	43.0	6.7	43.0	6.7	189.0	5.4	5	100.0
12/31/2006 13:05	37.0	4.6	45.0	5.9	41.0	5.8	44.0	6.8	41.0	6.2	208.0	5.9	5	100.0
12/31/2006 13:10	34.0	4.5	40.0	5.5	41.0	6.1	43.0	6.5	49.0	8.1	207.0	6.1	5	100.0
12/31/2006 13:15	28.0	3.6	39.0	5.3	40.0	5.5	41.0	6.1	48.0	7.5	196.0	5.6	5	100.0
12/31/2006 13:20	30.0	3.7	41.0	5.4	44.0	5.9	44.0	6.6	47.0	7.4	206.0	5.8	5	100.0
12/31/2006 13:25	37.0	4.7	42.0	5.5	41.0	5.7	43.0	6.4	46.0	7.1	209.0	5.9	5	100.0
12/31/2006 13:30	33.0	4.2	38.0	5.2	43.0	5.9	41.0	6.0	43.0	6.9	198.0	5.7	5	100.0
12/31/2006 13:35	40.0	5.1	44.0	5.9	45.0	6.6	42.0	6.1	44.0	6.9	215.0	6.1	5	100.0
12/31/2006 13:40	35.0	4.5	43.0	5.9	43.0	6.1	40.0	5.9	43.0	7.7	204.0	6.0	5	100.0
12/31/2006 13:45	36.0	4.6	44.0	5.9	41.0	5.9	45.0	6.5	49.0	7.9	215.0	6.1	5	100.0
12/31/2006 13:50	37.0	4.9	45.0	6.1	43.0	5.9	45.0	6.8	45.0	7.1	215.0	6.2	5	100.0
12/31/2006 13:55	35.0	4.6	43.0	5.6	39.0	5.6	43.0	6.3	41.0	6.1	201.0	5.7	5	100.0
12/31/2006 14:00	43.0	5.5	55.0	7.4	48.0	6.9	46.0	7.5	53.0	9.4	245.0	7.3	5	100.0
12/31/2006 14:05	34.0	4.1	38.0	5.1	41.0	6.1	45.0	6.9	44.0	7.4	202.0	5.9	5	100.0
12/31/2006 14:10	32.0	4.1	42.0	5.3	38.0	5.3	42.0	6.5	43.0	6.8	197.0	5.6	5	100.0
12/31/2006 14:15	41.0	5.3	41.0	5.7	47.0	6.6	45.0	6.7	42.0	6.9	216.0	6.2	5	100.0
12/31/2006 14:20	28.0	3.7	41.0	5.4	35.0	4.9	32.0	4.6	37.0	5.7	173.0	4.9	5	100.0
12/31/2006 14:25	42.0	5.4	43.0	5.9	47.0	6.6	45.0	6.9	44.0	7.2	221.0	6.4	5	100.0
12/31/2006 14:30	36.0	4.6	44.0	5.9	44.0	6.8	44.0	6.8	44.0	7.1	212.0	6.2	5	100.0
12/31/2006 14:35	40.0	5.2	44.0	5.8	49.0	6.9	46.0	6.9	46.0	7.4	225.0	6.4	5	100.0
12/31/2006 14:40	32.0	3.9	40.0	5.3	41.0	5.5	46.0	6.9	43.0	6.9	202.0	5.7	5	100.0
12/31/2006 14:45	40.0	5.2	45.0	6.0	44.0	6.7	41.0	6.1	41.0	6.4	211.0	6.1	5	100.0
12/31/2006 14:50	39.0	5.1	45.0	6.0	48.0	6.5	43.0	6.5	46.0	7.3	221.0	6.3	5	100.0
12/31/2006 14:55	39.0	5.0	43.0	5.7	41.0	5.7	44.0	6.1	45.0	6.8	212.0	5.9	5	100.0
12/31/2006 15:00	37.0	4.7	47.0	5.9	40.0	6.0	47.0	7.5	39.0	6.4	210.0	6.1	5	100.0
12/31/2006 15:05	39.0	5.2	43.0	5.6	47.0	6.4	43.0	6.4	35.0	5.3	207.0	5.8	5	100.0
12/31/2006 15:10	33.0	4.0	41.0	5.4	41.0	5.6	36.0	5.3	42.0	6.6	193.0	5.4	5	100.0
12/31/2006 15:15	30.0	4.1	38.0	5.1	36.0	5.1	37.0	5.8	40.0	6.2	181.0	5.3	5	100.0
12/31/2006 15:20	35.0	4.4	44.0	5.6	45.0	6.5	38.0	5.7	39.0	6.1	201.0	5.7	5	100.0
12/31/2006 15:25	33.0	4.2	39.0	5.1	38.0	5.3	44.0	6.2	40.0	6.1	194.0	5.4	5	100.0
12/31/2006 15:30	34.0	4.7	40.0	5.4	41.0	5.9	40.0	5.9	33.0	5.1	188.0	5.4	5	100.0
12/31/2006 15:35	35.0	4.3	39.0	5.2	42.0	5.6	38.0	5.7	39.0	6.0	193.0	5.4	5	100.0
12/31/2006 15:40	35.0	4.6	44.0	5.9	41.0	5.7	43.0	6.3	38.0	5.7	201.0	5.6	5	100.0
12/31/2006 15:45	39.0	5.0	40.0	5.4	47.0	6.5	45.0	6.7	39.0	6.3	210.0	6.0	5	100.0
12/31/2006 15:50	41.0	5.2	41.0	5.7	40.0	5.5	41.0	6.0	38.0	5.9	201.0	5.7	5	100.0
12/31/2006 15:55	35.0	4.7	42.0	5.9	37.0	5.5	42.0	6.2	35.0	5.3	191.0	5.5	5	100.0
12/31/2006 16:00	28.0	3.5	37.0	4.8	38.0	5.1	38.0	5.7	34.0	5.4	175.0	4.9	5	100.0
12/31/2006 16:05	38.0	5.1	42.0	6.0	46.0	6.5	41.0	6.4	41.0	6.1	208.0	6.0	5	100.0
12/31/2006 16:10	33.0	4.7	42.0	5.5	41.0	5.8	39.0	6.0	39.0	5.9	194.0	5.6	5	100.0
12/31/2006 16:15	41.0	5.2	45.0	6.2	43.0	6.4	45.0	6.8	44.0	7.0	218.0	6.3	5	100.0
12/31/2006 16:20	34.0	4.6	40.0	5.4	44.0	6.3	39.0	5.9	36.0	5.6	193.0	5.5	5	100.0
12/31/2006 16:25	43.0	5.6	37.0	5.2	45.0	6.4	38.0	5.7	44.0	7.2	207.0	6.0	5	100.0
12/31/2006 16:30	35.0	4.5	43.0	5.7	37.0	5.5	44.0	6.5	39.0	5.7	198.0	5.6	5	100.0
12/31/2006 16:35	39.0	5.2	47.0	6.2	55.0	7.7	45.0	6.8	45.0	7.2	231.0	6.6	5	100.0
12/31/2006 16:40	37.0	4.9	39.0	5.4	41.0	5.6	35.0	5.4	36.0	5.6	188.0	5.4	5	100.0
12/31/2006 16:45	41.0	5.4	45.0	6.1	45.0	6.4	44.0	6.6	40.0	6.5	215.0	6.2	5	100.0
12/31/2006 16:50	27.0	3.5	37.0	5.1	36.0	5.5	38.0	5.9	34.0	5.5	172.0	5.1	5	100.0
12/31/2006 16:55	31.0	4.0	39.0	5.2	40.0	6.0	39.0	5.6	35.0	5.7	184.0	5.3	5	100.0
12/31/2006 17:00	20.0	2.5	27.0	3.4	28.0	3.8	25.0	3.7	23.0	3.5	123.0	3.4	5	100.0
12/31/2006 17:05	24.0	3.1	39.0	5.1	39.0	5.6	38.0	5.9	30.0	4.6	170.0	4.9	5	100.0
12/31/2006 17:10	19.0	2.5	23.0	3.3	20.0	3.1	18.0	2.7	17.0	2.7	97.0	2.9	5	100.0
12/31/2006 17:15	36.0	4.5	40.0	5.6	42.0	6.0	46.0	6.9	36.0	5.7	200.0	5.7	5	100.0
12/31/2006 17:20	25.0	3.4	41.0	5.6	37.0	5.5	42.0	6.4	31.0	5.1	176.0	5.2	5	100.0
12/31/2006 17:25	34.0	4.7	37.0	5.1	39.0	5.6	42.0	6.3	35.0	5.5	187.0	5.4	5	100.0
12/31/2006 17:30	31.0	3.7	35.0	4.5	41.0	5.5	39.0	5.9	34.0	5.3	180.0	5.0	5	100.0
12/31/2006 17:35	27.0	3.6	36.0	4.9	38.0	5.5	41.0	6.3	37.0	5.9	179.0	5.2	5	100.0
12/31/2006 17:40	37.0	5.0	44.0	6.1	43.0	6.1	42.0	6.4	39.0	6.0	205.0	5.9	5	100.0
12/31/2006 17:45	30.0	3.8	35.0	4.7	38.0	5.5	34.0	4.9	37.0	5.8	174.0	5.0	5	100.0
12/31/2006 17:50	28.0	3.7	40.0	5.5	39.0	5.7	39.0	6.1	36.0	6.5	182.0	5.5	5	100.0
12/31/2006 17:55	31.0	4.1	43.0	5.7	37.0	5.2	42.0	6.2	37.0	6.0	190.0	5.4	5	100.0
12/31/2006 18:00	29.0	3.8	37.0	4.9	34.0	4.7	41.0	6.0	34.0	5.5	175.0	5.0	5	100.0
12/31/2006 18:05	25.0	3.3	36.0	4.9	37.0	5.3	38.0	6.1	35.0	5.7	171.0	5.0	5	100.0
12/31/2006 18:10	29.0	3.8	38.0	5.1	35.0	5.4	39.0	6.0	39.0	6.3	180.0	5.3	5	100.0
12/31/2006 18:15	34.0	4.3	41.0	5.6	34.0	4.9	44.0	6.4	36.0	5.6	189.0	5.4	5	100.0
12/31/2006 18:20	24.0	3.1	34.0	4.6	42.0	5.8	43.0	6.4	40.0	6.3	183.0	5.2	5	100.0
12/31/2006 18:25	25.0	3.0	30.0	4.1	38.0	5.5	39.0	5.7	33.0	5.7	165.0	4.8	5	100.0
12/31/2006 18:30	24.0	3.1	34.0	4.7	35.0	5.2	34.0	5.1	36.0	6.1	163.0	4.8	5	100.0
12/31/2006 18:35	24.0	3.0	39.0	4.9	39.0	5.6	42.0	6.2	36.0	5.5	180.0	5.0	5	100.0
12/31/2006 18:40	25.0	3.1	32.0	4.3	33.0	4.6	35.0	5.3	29.0	4.8	154.0	4.4	5	100.0
12/31/2006 18:45	25.0	3.1	32.0	4.4	38.0	5.4	36.0	5.9	34.0	5.4	165.0	4.8	5	100.0
12/31/2006 18:50	19.0	2.6	31.0	4.2	33.0	4.6	37.0	5.5	34.0	5.0	154.0	4.4	5	100.0
12/31/2006 18:55	25.0	3.2	30.0	4.0	29.0	3.9	34.0	5.0	36.0	5.9	154.0	4.4	5	100.0
12/31/2006 19:00	22.0	2.7	31.0	3.9	34.0	4.6	32.0	4.7	26.0	3.9	145.0	4.0	5	100.0
12/31/2006 19:05	30.0	3.7	39.0	5.2	36.0	5.2	33.0	5.0	35.0	5.6	173.0	4.9	5	100.0
12/31/2006 19:10	25.0	3.0	30.0	3.5	31.0	4.1	27.0	4.1	27.0	4.4	140.0	3.8	5	100.0
12/31/2006 19:15	16.0	2.1	31.0	4.0	29.0	4.1	36.0	5.5	35.0	5.4	147.0	4.2	5	100.0
12/31/2006 19:20	23.0	2.9	31.0	4.1	33.0	4.5	33.0	4.9	23.0	3.5	143.0	4.0	5	100.0
12/31/2006 19:25	16.0	1.9	26.0	3.4	30.0	4.4	31.0	4.4	31.0	5.0	134.0	3.8	5	100.0
12/31/2006 19:30	18.0	2.3	28.0	3.5	25.0	3.5	31.0	4.6	31.0	5.0	133.0	3.8	5	100.0
12/31/2006 19:35	20.0	2.5	27.0	3.6	26.0	3.5	29.0	4.2	30.0	4.8	132.0	3.7	5	100.0
12/31/2006 19:40	18.0	2.4	31.0	4.2	32.0	4.7	31.0	4.8	29.0	5.0	141.0	4.2	5	100.0
12/31/2006 19:45	19.0	2.6	29.0	3.6	31.0	4.3	31.0	4.5	29.0	4.3	139.0	3.9	5	100.0
12/31/2006 19:50	23.0	2.9	29.0	3.9	36.0	5.0	36.0	5.0	29.0	4.1	153.0	4.2	5	100.0
12/31/2006 19:55	19.0	2.4	25.0	3.4	29.0	4.2	31.0	4.5	25.0	3.6	129.0	3.6	5	100.0
12/31/2006 20:00	18.0	2.3	23.0	3.0	26.0	3.8	21.0	3.1	25.0	3.8	113.0	3.2	5	100.0
12/31/2006 20:05	18.0	2.3	24.0	3.3	31.0	4.4	36.0	4.9	31.0	4.8	140.0	4.0	5	100.0
12/31/2006 20:10	22.0	2.8	30.0	3.9	33.0	4.5	31.0	4.9	32.0	4.7	148.0	4.2	5	100.0
12/31/2006 20:15	19.0	2.3	25.0	3.3	25.0	3.5	26.0	3.7	29.0	4.4	124.0	3.5	5	100.0
12/31/2006 20:20	14.0	1.6	26.0	3.4	28.0	3.7	24.0	3.6	25.0	3.9	117.0	3.2	5	100.0
12/31/2006 20:25	11.0	1.3	24.0	3.3	28.0	3.8	30.0	4.4	24.0	3.5	117.0	3.3	5	100.0
12/31/2006 20:30	17.0	2.1	26.0	3.4	28.0	4.1	36.0	5.1	30.0	4.4	137.0	3.8	5	100.0
12/31/2006 20:35	16.0	1.9	24.0	2.9	24.0	3.2	26.0	3.9	29.0	4.4	119.0	3.2	5	100.0
12/31/2006 20:40	13.0	1.5	21.0	2.8	26.0	3.4	26.0	3.5	22.0	3.3	108.0	2.9	5	100.0
12/31/2006 20:45	15.0	1.8	29.0	4.0	29.0	4.0	20.0	3.4	28.0	4.4	121.0	3.5	5	100.0
12/31/2006 20:50	16.0	2.0	25.0	3.1	25.0	3.3	33.0	5.1	27.0	4.1	126.0	3.5	5	100.0
12/31/2006 20:55	9.0	1.2	24.0	3.3	26.0	3.7	25.0	3.6	20.0	3.1	104.0	3.0	5	100.0
12/31/2006 21:00	17.0	2.3	26.0	3.3	24.0	3.3	29.0	3.9	24.0	3.6	120.0	3.3	5	100.0
12/31/2006 21:05	12.0	1.4	23.0	2.9	26.0	3.6	25.0	3.5	24.0	3.3	110.0	3.0	5	100.0
12/31/2006 21:10	11.0	1.5	29.0	3.8	26.0	3.7	25.0	3.6	24.0	4.0	115.0	3.3	5	100.0
12/31/2006 21:15	17.0	1.9	29.0	3.9	28.0	3.5	32.0	4.7	22.0	3.5	128.0	3.5	5	100.0
12/31/2006 21:20	8.0	0.9	19.0	2.5	19.0	2.6	19.0	2.7	21.0	3.3	86.0	2.4	5	100.0
12/31/2006 21:25	13.0	1.6	22.0	3.0	23.0	2.9	23.0	3.3	19.0	2.7	100.0	2.7	5	100.0
12/31/2006 21:30	5.0	0.6	16.0	1.9	21.0	2.9	24.0	3.2	23.0	3.2	89.0	2.4	5	100.0
12/31/2006 21:35	10.0	1.3	25.0	3.1	21.0	2.7	29.0	3.8	25.0	3.6	110.0	2.9	5	100.0
12/31/2006 21:40	13.0	1.4	25.0	3.3	28.0	3.6	26.0	4.2	25.0	3.5	117.0	3.2	5	100.0
12/31/2006 21:45	11.0	1.3	22.0	2.9	23.0	2.9	25.0	3.3	23.0	3.2	104.0	2.7	5	100.0
12/31/2006 21:50	10.0	1.0	19.0	2.2	19.0	2.5	19.0	2.9	19.0	3.1	86.0	2.3	5	100.0
12/31/2006 21:55	12.0	1.5	24.0	2.9	23.0	3.1	20.0	2.5	19.0	2.9	98.0	2.6	5	100.0
12/31/2006 22:00	14.0	1.7	18.0	2.2	22.0	3.0	20.0	2.9	17.0	2.4	91.0	2.5	5	100.0
12/31/2006 22:05	11.0	1.1	20.0	2.7	25.0	3.5	25.0	3.3	19.0	2.7	100.0	2.7	5	100.0
12/31/2006 22:10	11.0	1.1	17.0	2.3	20.0	2.7	19.0	2.9	21.0	3.3	88.0	2.5	5	100.0
12/31/2006 22:15	10.0	1.1	21.0	2.7	20.0	2.7	21.0	3.0	21.0	3.0	93.0	2.5	5	100.0
12/31/2006 22:20	11.0	1.4	21.0	2.6	23.0	3.1	23.0	3.1	19.0	2.8	97.0	2.6	5	100.0
12/31/2006 22:25	12.0	1.4	23.0	3.1	22.0	2.9	21.0	3.1	19.0	2.9	97.0	2.7	5	100.0
12/31/2006 22:30	12.0	1.4	22.0	2.6	20.0	2.6	16.0	2.1	19.0	2.6	89.0	2.3	5	100.0
12/31/2006 22:35	9.0	0.9	18.0	2.4	21.0	2.8	24.0	3.2	21.0	3.0	93.0	2.5	5	100.0
12/31/2006 22:40	9.0	1.2	20.0	2.6	16.0	2.1	19.0	2.5	22.0	2.9	86.0	2.3	5	100.0
12/31/2006 22:45	7.0	0.8	17.0	2.1	18.0	2.4	18.0	2.5	19.0	2.7	79.0	2.1	5	100.0
12/31/2006 22:50	4.0	0.4	7.0	0.8	9.0	1.3	10.0	1.3	9.0	1.4	39.0	1.0	5	100.0
12/31/2006 22:55	7.0	0.7	19.0	2.3	20.0	2.7	19.0	2.4	16.0	2.2	81.0	2.1	5	100.0
12/31/2006 23:00	8.0	0.9	16.0	2.0	15.0	1.9	18.0	2.7	14.0	2.3	71.0	1.9	5	100.0
12/31/2006 23:05	6.0	0.6	8.0	0.9	10.0	1.4	10.0	1.5	11.0	1.6	45.0	1.2	5	100.0
12/31/2006 23:10	4.0	0.4	8.0	1.1	7.0	0.9	11.0	1.7	7.0	1.1	37.0	1.0	5	100.0
12/31/2006 23:15	9.0	1.0	15.0	1.9	17.0	2.3	20.0	2.7	15.0	2.3	76.0	2.0	5	100.0
12/31/2006 23:20	9.0	1.1	17.0	1.9	19.0	2.5	17.0	2.4	12.0	1.7	74.0	1.9	5	100.0
12/31/2006 23:25	7.0	0.7	14.0	1.8	14.0	2.1	21.0	2.9	17.0	2.5	73.0	2.0	5	100.0
12/31/2006 23:30	3.0	0.4	12.0	1.7	16.0	2.0	19.0	2.9	18.0	2.7	68.0	1.9	5	100.0
12/31/2006 23:35	7.0	0.7	15.0	1.7	16.0	2.0	19.0	2.7	12.0	1.7	69.0	1.8	5	100.0
12/31/2006 23:40	8.0	0.9	14.0	1.7	13.0	1.6	16.0	2.1	11.0	1.7	62.0	1.6	5	100.0
12/31/2006 23:45	7.0	0.8	14.0	1.7	13.0	1.8	15.0	2.1	12.0	1.6	61.0	1.6	5	100.0
12/31/2006 23:50	5.0	0.6	12.0	1.4	12.0	1.4	14.0	2.1	14.0	2.0	57.0	1.5	5	100.0
12/31/2006 23:55	1.0	0.1	5.0	0.6	7.0	0.9	6.0	0.9	8.0	1.1	27.0	0.7	5	100.0
