5 Minutes	Lane 1 Flow (Veh/5 Minutes)	Lane 1 Occ (%)	Lane 2 Flow (Veh/5 Minutes)	Lane 2 Occ (%)	Lane 3 Flow (Veh/5 Minutes)	Lane 3 Occ (%)	Lane 4 Flow (Veh/5 Minutes)	Lane 4 Occ (%)	Lane 5 Flow (Veh/5 Minutes)	Lane 5 Occ (%)	Flow (Veh/5 Minutes)	Occupancy (%)	# Lane Points	% Observed
05/29/2006 00:00	13.0	1.3	28.0	3.6	29.0	3.9	32.0	4.8	30.0	4.4	132.0	3.6	5	100.0
05/29/2006 00:05	16.0	1.9	32.0	4.3	32.0	4.5	32.0	4.9	35.0	5.3	147.0	4.2	5	100.0
05/29/2006 00:10	12.0	1.4	32.0	4.1	30.0	4.0	25.0	3.5	27.0	4.5	126.0	3.5	5	100.0
05/29/2006 00:15	12.0	1.3	24.0	3.2	30.0	4.0	30.0	3.9	25.0	4.2	121.0	3.3	5	100.0
05/29/2006 00:20	20.0	2.1	23.0	3.0	26.0	3.5	23.0	3.1	20.0	3.0	112.0	2.9	5	100.0
05/29/2006 00:25	21.0	2.5	31.0	4.0	31.0	4.2	31.0	4.3	28.0	4.3	142.0	3.9	5	100.0
05/29/2006 00:30	9.0	1.0	25.0	3.2	23.0	3.0	24.0	3.5	21.0	3.0	102.0	2.7	5	100.0
05/29/2006 00:35	12.0	1.4	30.0	3.5	24.0	2.9	27.0	3.6	25.0	3.5	118.0	3.0	5	100.0
05/29/2006 00:40	13.0	1.4	25.0	2.8	26.0	3.4	27.0	4.0	23.0	3.6	114.0	3.0	5	100.0
05/29/2006 00:45	11.0	1.1	19.0	2.1	22.0	2.6	17.0	2.5	21.0	3.2	90.0	2.3	5	100.0
05/29/2006 00:50	9.0	0.9	22.0	2.6	20.0	2.6	18.0	2.4	21.0	3.0	90.0	2.3	5	100.0
05/29/2006 00:55	4.0	0.4	14.0	1.7	20.0	2.8	24.0	3.1	18.0	2.7	80.0	2.1	5	100.0
05/29/2006 01:00	7.0	0.8	16.0	1.7	15.0	1.8	17.0	2.3	12.0	2.0	67.0	1.7	5	100.0
05/29/2006 01:05	5.0	0.5	21.0	2.6	16.0	2.4	19.0	2.9	15.0	2.8	76.0	2.3	5	100.0
05/29/2006 01:10	10.0	1.0	12.0	1.2	17.0	2.1	20.0	2.7	20.0	3.1	79.0	2.0	5	100.0
05/29/2006 01:15	4.0	0.4	16.0	1.8	18.0	2.3	18.0	2.9	11.0	1.5	67.0	1.8	5	100.0
05/29/2006 01:20	7.0	0.7	12.0	1.4	16.0	2.0	16.0	1.8	11.0	1.6	62.0	1.5	5	100.0
05/29/2006 01:25	1.0	0.1	16.0	1.7	19.0	2.2	17.0	2.2	10.0	1.4	63.0	1.5	5	100.0
05/29/2006 01:30	12.0	1.2	12.0	1.6	14.0	1.8	10.0	1.3	9.0	1.3	57.0	1.4	5	100.0
05/29/2006 01:35	7.0	0.7	11.0	1.4	11.0	1.3	12.0	1.8	14.0	2.3	55.0	1.5	5	100.0
05/29/2006 01:40	6.0	0.6	8.0	1.0	14.0	1.9	13.0	1.7	12.0	1.7	53.0	1.4	5	100.0
05/29/2006 01:45	6.0	0.6	9.0	0.9	7.0	0.9	16.0	2.3	18.0	2.5	56.0	1.4	5	100.0
05/29/2006 01:50	6.0	0.6	12.0	1.6	12.0	1.6	12.0	1.7	11.0	1.6	53.0	1.4	5	100.0
05/29/2006 01:55	7.0	0.7	12.0	1.2	11.0	1.4	13.0	1.8	10.0	1.7	53.0	1.4	5	100.0
05/29/2006 02:00	4.0	0.5	11.0	1.4	10.0	1.2	15.0	2.3	12.0	1.6	52.0	1.4	5	100.0
05/29/2006 02:05	5.0	0.6	11.0	1.2	16.0	2.0	15.0	1.8	9.0	1.3	56.0	1.4	5	100.0
05/29/2006 02:10	8.0	0.8	13.0	1.6	13.0	1.5	12.0	1.7	13.0	2.3	59.0	1.6	5	100.0
05/29/2006 02:15	1.0	0.1	12.0	1.2	13.0	1.5	13.0	1.8	16.0	2.8	55.0	1.5	5	100.0
05/29/2006 02:20	6.0	0.7	17.0	2.1	10.0	1.2	11.0	1.4	7.0	0.7	51.0	1.2	5	100.0
05/29/2006 02:25	4.0	0.6	11.0	1.2	12.0	1.6	11.0	1.3	9.0	1.3	47.0	1.2	5	100.0
05/29/2006 02:30	4.0	0.4	13.0	1.6	9.0	1.2	12.0	1.7	12.0	1.8	50.0	1.3	5	100.0
05/29/2006 02:35	4.0	0.4	18.0	2.2	15.0	1.8	13.0	2.0	12.0	1.5	62.0	1.6	5	100.0
05/29/2006 02:40	4.0	0.4	7.0	0.8	8.0	1.1	9.0	1.3	10.0	1.1	38.0	0.9	5	100.0
05/29/2006 02:45	5.0	0.5	11.0	1.0	7.0	0.7	9.0	1.1	4.0	0.7	36.0	0.8	5	100.0
05/29/2006 02:50	5.0	0.5	9.0	0.9	7.0	0.8	15.0	2.4	7.0	0.9	43.0	1.1	5	100.0
05/29/2006 02:55	5.0	0.5	7.0	0.8	15.0	1.7	10.0	1.6	12.0	1.6	49.0	1.2	5	100.0
05/29/2006 03:00	1.0	0.1	9.0	1.3	9.0	1.1	13.0	1.9	4.0	0.4	36.0	1.0	5	100.0
05/29/2006 03:05	0.0	0.0	6.0	0.8	6.0	0.9	10.0	1.1	5.0	0.7	27.0	0.7	5	100.0
05/29/2006 03:10	0.0	0.0	12.0	1.3	1.0	0.1	3.0	0.4	2.0	0.4	18.0	0.4	5	100.0
05/29/2006 03:15	0.0	0.0	10.0	1.0	0.0	0.0	0.0	0.0	0.0	0.0	10.0	0.2	5	100.0
05/29/2006 03:20	0.0	0.0	9.0	0.9	2.0	0.2	3.0	0.4	3.0	0.3	17.0	0.4	5	100.0
05/29/2006 03:25	0.0	0.0	9.0	1.0	10.0	1.1	9.0	1.3	1.0	0.1	29.0	0.7	5	100.0
05/29/2006 03:30	1.0	0.1	4.0	0.4	7.0	0.7	9.0	1.8	5.0	0.5	26.0	0.7	5	100.0
05/29/2006 03:35	1.0	0.1	8.0	0.8	9.0	0.9	5.0	1.1	2.0	0.2	25.0	0.6	5	100.0
05/29/2006 03:40	2.0	0.2	6.0	0.6	9.0	1.1	6.0	0.6	3.0	0.4	26.0	0.6	5	100.0
05/29/2006 03:45	0.0	0.0	6.0	0.7	8.0	0.9	8.0	0.8	7.0	0.9	29.0	0.7	5	100.0
05/29/2006 03:50	0.0	0.0	8.0	1.0	8.0	1.1	11.0	1.6	3.0	0.4	30.0	0.8	5	100.0
05/29/2006 03:55	1.0	0.1	5.0	0.5	5.0	0.5	3.0	0.4	12.0	3.7	26.0	1.0	5	100.0
05/29/2006 04:00	1.0	0.1	4.0	0.4	9.0	1.4	9.0	1.3	6.0	0.8	29.0	0.8	5	100.0
05/29/2006 04:05	0.0	0.0	8.0	0.8	7.0	0.8	8.0	1.0	6.0	0.6	29.0	0.6	5	100.0
05/29/2006 04:10	4.0	0.4	9.0	1.0	7.0	0.8	9.0	1.2	4.0	0.4	33.0	0.8	5	100.0
05/29/2006 04:15	0.0	0.0	9.0	0.9	3.0	0.3	1.0	0.1	9.0	0.9	22.0	0.4	5	100.0
05/29/2006 04:20	0.0	0.0	10.0	1.0	0.0	0.0	0.0	0.0	10.0	1.0	20.0	0.4	5	100.0
05/29/2006 04:25	0.0	0.0	10.0	1.0	0.0	0.0	0.0	0.0	10.0	1.0	20.0	0.4	5	100.0
05/29/2006 04:30	0.0	0.0	10.0	1.0	0.0	0.0	0.0	0.0	10.0	1.0	20.0	0.4	5	100.0
05/29/2006 04:35	0.0	0.0	10.0	1.0	0.0	0.0	0.0	0.0	10.0	1.0	20.0	0.4	5	100.0
05/29/2006 04:40	0.0	0.0	10.0	1.0	0.0	0.0	0.0	0.0	10.0	1.0	20.0	0.4	5	100.0
05/29/2006 04:45	0.0	0.0	10.0	1.0	0.0	0.0	0.0	0.0	10.0	1.0	20.0	0.4	5	100.0
05/29/2006 04:50	0.0	0.0	6.0	0.6	2.0	0.6	4.0	0.6	9.0	1.3	21.0	0.6	5	100.0
05/29/2006 04:55	2.0	0.2	7.0	0.9	6.0	1.7	7.0	1.3	4.0	0.7	26.0	1.0	5	100.0
05/29/2006 05:00	0.0	0.0	10.0	1.0	9.0	1.0	6.0	0.8	6.0	1.0	31.0	0.8	5	100.0
05/29/2006 05:05	0.0	0.0	2.0	0.2	5.0	0.7	7.0	1.4	8.0	1.4	22.0	0.7	5	100.0
05/29/2006 05:10	4.0	0.4	7.0	0.7	13.0	1.7	9.0	1.5	10.0	1.3	43.0	1.1	5	100.0
05/29/2006 05:15	0.0	0.0	2.0	0.3	10.0	1.2	10.0	1.1	11.0	2.1	33.0	0.9	5	100.0
05/29/2006 05:20	0.0	0.0	5.0	0.5	6.0	0.7	6.0	1.4	11.0	2.0	28.0	0.9	5	100.0
05/29/2006 05:25	2.0	0.2	4.0	0.5	7.0	0.9	8.0	1.5	6.0	0.7	27.0	0.8	5	100.0
05/29/2006 05:30	0.0	0.0	3.0	0.3	10.0	1.1	14.0	1.8	9.0	2.4	36.0	1.1	5	100.0
05/29/2006 05:35	0.0	0.0	9.0	0.9	6.0	0.8	11.0	1.1	11.0	2.6	37.0	1.1	5	100.0
05/29/2006 05:40	2.0	0.2	10.0	1.2	12.0	1.9	13.0	2.7	6.0	1.1	43.0	1.4	5	100.0
05/29/2006 05:45	3.0	0.3	8.0	0.9	14.0	2.3	14.0	2.2	14.0	2.2	53.0	1.6	5	100.0
05/29/2006 05:50	4.0	0.4	8.0	1.0	9.0	1.7	11.0	2.0	16.0	2.7	48.0	1.6	5	100.0
05/29/2006 05:55	3.0	0.3	11.0	1.2	10.0	1.3	11.0	1.9	9.0	1.3	44.0	1.2	5	100.0
05/29/2006 06:00	0.0	0.0	11.0	1.3	7.0	1.2	10.0	1.3	12.0	1.7	40.0	1.1	5	100.0
05/29/2006 06:05	3.0	0.3	7.0	0.8	11.0	1.3	13.0	1.7	11.0	1.3	45.0	1.1	5	100.0
05/29/2006 06:10	0.0	0.0	9.0	1.2	11.0	1.4	12.0	1.7	16.0	2.4	48.0	1.3	5	100.0
05/29/2006 06:15	3.0	0.5	13.0	1.5	8.0	1.6	13.0	1.9	6.0	1.5	43.0	1.4	5	100.0
05/29/2006 06:20	5.0	0.5	10.0	1.1	14.0	2.1	13.0	1.7	13.0	2.3	55.0	1.5	5	100.0
05/29/2006 06:25	0.0	0.0	18.0	2.2	12.0	1.4	16.0	2.1	12.0	2.3	58.0	1.6	5	100.0
05/29/2006 06:30	1.0	0.1	16.0	1.9	19.0	2.7	18.0	2.1	16.0	2.5	70.0	1.9	5	100.0
05/29/2006 06:35	6.0	0.6	15.0	1.7	17.0	2.3	17.0	2.7	15.0	2.5	70.0	2.0	5	100.0
05/29/2006 06:40	9.0	0.9	21.0	2.4	25.0	3.1	17.0	3.4	14.0	2.6	86.0	2.5	5	100.0
05/29/2006 06:45	1.0	0.1	14.0	1.6	17.0	2.1	17.0	2.2	15.0	2.4	64.0	1.7	5	100.0
05/29/2006 06:50	4.0	0.4	19.0	2.3	17.0	2.2	20.0	2.8	12.0	2.4	72.0	2.0	5	100.0
05/29/2006 06:55	7.0	0.7	14.0	1.7	16.0	2.1	20.0	3.2	19.0	2.5	76.0	2.0	5	100.0
05/29/2006 07:00	4.0	0.4	20.0	2.3	13.0	1.7	19.0	2.9	14.0	1.7	70.0	1.8	5	100.0
05/29/2006 07:05	3.0	0.3	24.0	2.8	22.0	3.1	19.0	3.0	13.0	2.4	81.0	2.3	5	100.0
05/29/2006 07:10	8.0	1.1	27.0	3.4	26.0	3.5	25.0	4.3	19.0	2.9	105.0	3.0	5	100.0
05/29/2006 07:15	4.0	0.4	22.0	2.7	24.0	3.4	20.0	2.9	17.0	3.4	87.0	2.6	5	100.0
05/29/2006 07:20	1.0	0.1	24.0	2.7	25.0	3.2	23.0	3.2	17.0	2.6	90.0	2.4	5	100.0
05/29/2006 07:25	6.0	0.6	19.0	2.4	22.0	2.6	21.0	3.1	16.0	2.4	84.0	2.2	5	100.0
05/29/2006 07:30	8.0	1.0	23.0	2.9	24.0	3.4	23.0	3.3	17.0	2.8	95.0	2.7	5	100.0
05/29/2006 07:35	8.0	0.8	28.0	3.0	31.0	4.1	31.0	4.2	21.0	3.7	119.0	3.2	5	100.0
05/29/2006 07:40	5.0	0.5	28.0	3.9	30.0	4.2	23.0	3.3	19.0	2.9	105.0	3.0	5	100.0
05/29/2006 07:45	12.0	1.4	37.0	4.8	30.0	4.0	31.0	4.6	17.0	3.3	127.0	3.6	5	100.0
05/29/2006 07:50	15.0	1.6	27.0	3.3	32.0	4.2	31.0	4.6	26.0	3.8	131.0	3.5	5	100.0
05/29/2006 07:55	9.0	1.2	23.0	2.9	28.0	4.0	28.0	4.0	24.0	3.5	112.0	3.1	5	100.0
05/29/2006 08:00	10.0	1.1	32.0	3.8	28.0	3.8	31.0	5.2	28.0	4.2	129.0	3.6	5	100.0
05/29/2006 08:05	12.0	1.5	31.0	4.0	24.0	3.3	25.0	3.1	23.0	3.8	115.0	3.1	5	100.0
05/29/2006 08:10	12.0	1.3	31.0	4.0	29.0	4.8	27.0	4.8	25.0	4.1	124.0	3.8	5	100.0
05/29/2006 08:15	10.0	1.5	26.0	3.2	31.0	4.0	26.0	3.9	29.0	5.2	122.0	3.6	5	100.0
05/29/2006 08:20	10.0	1.7	27.0	3.4	35.0	4.4	34.0	5.0	29.0	4.9	135.0	3.9	5	100.0
05/29/2006 08:25	14.0	1.8	31.0	3.9	30.0	4.6	28.0	4.1	26.0	4.0	129.0	3.7	5	100.0
05/29/2006 08:30	9.0	1.0	31.0	3.9	28.0	4.1	30.0	4.5	25.0	3.6	123.0	3.4	5	100.0
05/29/2006 08:35	15.0	1.6	27.0	3.3	38.0	5.3	34.0	5.2	28.0	4.3	142.0	3.9	5	100.0
05/29/2006 08:40	13.0	1.4	33.0	4.0	33.0	4.4	33.0	4.8	26.0	4.2	138.0	3.8	5	100.0
05/29/2006 08:45	14.0	1.7	31.0	4.1	27.0	3.8	33.0	4.6	26.0	4.2	131.0	3.7	5	100.0
05/29/2006 08:50	15.0	1.6	36.0	4.5	32.0	4.3	39.0	5.6	29.0	4.2	151.0	4.0	5	100.0
05/29/2006 08:55	18.0	2.1	36.0	4.3	36.0	4.8	33.0	5.8	26.0	4.1	149.0	4.2	5	100.0
05/29/2006 09:00	17.0	1.8	39.0	5.1	38.0	5.4	39.0	5.8	34.0	5.2	167.0	4.7	5	100.0
05/29/2006 09:05	14.0	1.5	24.0	2.7	32.0	4.4	27.0	3.8	26.0	3.8	123.0	3.2	5	100.0
05/29/2006 09:10	15.0	1.9	39.0	5.0	40.0	5.5	34.0	5.4	26.0	4.3	154.0	4.4	5	100.0
05/29/2006 09:15	20.0	2.6	33.0	4.2	41.0	5.5	38.0	5.3	32.0	4.8	164.0	4.5	5	100.0
05/29/2006 09:20	11.0	1.3	48.0	5.9	40.0	5.5	43.0	6.6	38.0	5.9	180.0	5.0	5	100.0
05/29/2006 09:25	10.0	1.3	76.0	11.5	64.0	12.8	61.0	13.2	67.0	13.4	278.0	10.4	5	0.0
05/29/2006 09:30	12.0	1.7	80.0	11.8	62.0	12.0	65.0	14.4	70.0	14.5	289.0	10.9	5	0.0
05/29/2006 09:35	13.0	1.9	72.0	10.4	57.0	10.4	59.0	11.8	63.0	12.5	264.0	9.4	5	0.0
05/29/2006 09:40	14.0	1.9	75.0	10.8	60.0	11.3	62.0	12.5	70.0	14.0	281.0	10.1	5	0.0
05/29/2006 09:45	14.0	1.8	72.0	10.4	58.0	10.7	59.0	11.9	69.0	12.7	272.0	9.5	5	0.0
05/29/2006 09:50	13.0	1.6	77.0	11.3	59.0	11.6	62.0	12.1	69.0	13.0	280.0	9.9	5	0.0
05/29/2006 09:55	22.0	2.6	70.0	10.2	56.0	11.0	59.0	11.6	65.0	12.8	272.0	9.6	5	0.0
05/29/2006 10:00	32.0	3.9	65.0	9.4	54.0	10.7	59.0	12.4	63.0	12.0	273.0	9.7	5	0.0
05/29/2006 10:05	38.0	4.9	57.0	7.9	51.0	9.6	56.0	11.1	58.0	10.7	260.0	8.8	5	0.0
05/29/2006 10:10	38.0	5.3	59.0	8.5	52.0	10.6	57.0	12.7	58.0	10.9	264.0	9.6	5	0.0
05/29/2006 10:15	33.0	4.3	58.0	7.8	54.0	9.4	55.0	11.8	66.0	12.6	266.0	9.2	5	0.0
05/29/2006 10:20	36.0	4.5	55.0	7.5	49.0	9.3	54.0	11.7	56.0	10.4	250.0	8.7	5	0.0
05/29/2006 10:25	35.0	4.6	57.0	7.7	50.0	9.0	52.0	11.9	61.0	12.1	255.0	9.0	5	0.0
05/29/2006 10:30	45.0	5.9	56.0	7.7	49.0	9.8	51.0	10.9	62.0	11.5	263.0	9.2	5	0.0
05/29/2006 10:35	41.0	5.2	57.0	7.9	48.0	9.7	55.0	11.8	60.0	10.7	261.0	9.0	5	0.0
05/29/2006 10:40	44.0	5.6	56.0	7.9	52.0	10.6	52.0	11.6	58.0	10.4	262.0	9.2	5	0.0
05/29/2006 10:45	46.0	6.0	62.0	8.6	53.0	9.8	57.0	11.7	66.0	12.1	284.0	9.6	5	0.0
05/29/2006 10:50	39.0	5.2	61.0	8.4	54.0	9.8	58.0	11.9	63.0	11.8	275.0	9.4	5	0.0
05/29/2006 10:55	42.0	5.4	58.0	8.1	55.0	10.9	57.0	11.3	61.0	12.9	273.0	9.7	5	0.0
05/29/2006 11:00	37.0	4.8	63.0	8.8	54.0	10.3	54.0	11.9	62.0	11.6	270.0	9.5	5	0.0
05/29/2006 11:05	37.0	4.9	57.0	7.9	55.0	10.2	56.0	12.0	62.0	11.3	267.0	9.3	5	0.0
05/29/2006 11:10	38.0	4.9	59.0	8.6	53.0	10.4	57.0	12.2	54.0	9.9	261.0	9.2	5	0.0
05/29/2006 11:15	40.0	5.3	62.0	8.8	55.0	11.2	58.0	13.2	62.0	12.0	277.0	10.1	5	0.0
05/29/2006 11:20	39.0	4.9	59.0	8.3	50.0	10.0	55.0	12.1	66.0	12.4	269.0	9.5	5	0.0
05/29/2006 11:25	43.0	5.7	60.0	8.2	58.0	11.8	53.0	11.6	58.0	11.2	272.0	9.7	5	0.0
05/29/2006 11:30	42.0	5.4	57.0	8.1	57.0	10.7	56.0	12.0	67.0	12.6	279.0	9.8	5	0.0
05/29/2006 11:35	44.0	5.9	65.0	9.0	59.0	12.0	62.0	14.1	68.0	12.6	298.0	10.7	5	0.0
05/29/2006 11:40	39.0	5.0	62.0	8.4	53.0	10.6	59.0	11.8	67.0	13.2	280.0	9.8	5	0.0
05/29/2006 11:45	45.0	5.8	58.0	8.1	54.0	11.0	60.0	11.7	67.0	12.7	284.0	9.8	5	0.0
05/29/2006 11:50	46.0	6.0	62.0	8.8	61.0	11.8	58.0	12.5	62.0	12.2	289.0	10.2	5	0.0
05/29/2006 11:55	39.0	5.0	61.0	8.6	58.0	11.0	58.0	11.6	68.0	12.2	284.0	9.7	5	0.0
05/29/2006 12:00	40.0	5.2	61.0	8.7	51.0	9.9	56.0	12.1	68.0	12.5	276.0	9.7	5	0.0
05/29/2006 12:05	48.0	6.2	62.0	8.6	57.0	11.8	60.0	12.5	68.0	13.2	295.0	10.4	5	0.0
05/29/2006 12:10	41.0	5.4	58.0	8.0	55.0	10.0	60.0	11.8	70.0	12.9	284.0	9.6	5	0.0
05/29/2006 12:15	39.0	5.0	59.0	8.3	56.0	9.8	58.0	11.6	65.0	11.6	277.0	9.3	5	0.0
05/29/2006 12:20	44.0	5.7	64.0	8.9	57.0	10.6	57.0	11.1	69.0	12.4	291.0	9.7	5	0.0
05/29/2006 12:25	49.0	6.5	60.0	8.6	60.0	10.9	56.0	12.1	68.0	12.5	293.0	10.1	5	0.0
05/29/2006 12:30	48.0	6.3	64.0	8.9	56.0	10.3	61.0	12.6	71.0	13.4	300.0	10.3	5	0.0
05/29/2006 12:35	44.0	5.6	61.0	8.6	61.0	10.6	64.0	11.9	70.0	13.2	300.0	10.0	5	0.0
05/29/2006 12:40	50.0	6.9	63.0	9.0	58.0	11.4	61.0	13.2	72.0	13.7	304.0	10.8	5	0.0
05/29/2006 12:45	45.0	6.0	63.0	9.0	62.0	11.1	61.0	11.8	70.0	12.3	301.0	10.0	5	0.0
05/29/2006 12:50	50.0	6.9	63.0	8.6	62.0	11.0	59.0	12.0	68.0	12.0	302.0	10.1	5	0.0
05/29/2006 12:55	46.0	5.9	62.0	8.7	60.0	10.2	60.0	11.8	71.0	12.8	299.0	9.9	5	0.0
05/29/2006 13:00	47.0	5.9	63.0	8.6	60.0	10.3	61.0	12.4	69.0	12.5	300.0	9.9	5	0.0
05/29/2006 13:05	43.0	5.6	63.0	8.6	54.0	9.7	57.0	11.5	65.0	12.5	282.0	9.6	5	0.0
05/29/2006 13:10	46.0	6.0	62.0	8.8	57.0	10.4	58.0	11.4	66.0	12.1	289.0	9.7	5	0.0
05/29/2006 13:15	54.0	7.2	62.0	8.9	52.0	9.6	57.0	11.3	64.0	11.5	289.0	9.7	5	0.0
05/29/2006 13:20	46.0	6.3	63.0	8.8	55.0	10.7	57.0	11.9	63.0	12.4	284.0	10.0	5	0.0
05/29/2006 13:25	55.0	7.4	63.0	9.3	55.0	11.8	60.0	11.2	65.0	12.3	298.0	10.4	5	0.0
05/29/2006 13:30	50.0	6.8	66.0	9.4	60.0	11.4	63.0	12.1	70.0	12.8	309.0	10.5	5	0.0
05/29/2006 13:35	54.0	7.1	67.0	9.7	58.0	11.2	62.0	11.8	68.0	12.1	309.0	10.4	5	0.0
05/29/2006 13:40	53.0	7.1	67.0	9.4	57.0	11.5	61.0	11.8	64.0	11.0	302.0	10.1	5	0.0
05/29/2006 13:45	54.0	7.2	66.0	9.2	60.0	11.1	58.0	11.9	63.0	11.7	301.0	10.2	5	0.0
05/29/2006 13:50	59.0	8.2	67.0	10.2	57.0	11.7	58.0	13.2	62.0	12.0	303.0	11.0	5	0.0
05/29/2006 13:55	59.0	7.8	63.0	10.0	57.0	11.2	57.0	12.3	59.0	11.0	295.0	10.4	5	0.0
05/29/2006 14:00	58.0	7.9	65.0	10.1	56.0	11.6	62.0	12.5	63.0	12.7	304.0	10.9	5	0.0
05/29/2006 14:05	68.0	10.6	69.0	12.4	60.0	12.8	58.0	13.3	60.0	13.3	315.0	12.5	5	0.0
05/29/2006 14:10	69.0	10.8	72.0	11.5	62.0	12.7	57.0	13.2	71.0	15.4	331.0	12.7	5	0.0
05/29/2006 14:15	74.0	12.3	76.0	11.8	61.0	12.3	62.0	12.3	68.0	12.5	341.0	12.2	5	0.0
05/29/2006 14:20	74.0	12.3	77.0	12.3	64.0	13.8	63.0	14.0	67.0	13.1	345.0	13.1	5	0.0
05/29/2006 14:25	74.0	11.7	74.0	11.3	62.0	13.0	65.0	13.2	67.0	12.2	342.0	12.3	5	0.0
05/29/2006 14:30	68.0	10.0	74.0	11.2	66.0	13.2	63.0	13.3	65.0	13.3	336.0	12.2	5	0.0
05/29/2006 14:35	71.0	10.8	74.0	11.7	69.0	12.4	66.0	13.5	66.0	12.7	346.0	12.2	5	0.0
05/29/2006 14:40	85.0	12.9	82.0	13.5	72.0	13.8	71.0	14.1	69.0	13.8	379.0	13.6	5	0.0
05/29/2006 14:45	76.0	12.5	81.0	13.5	70.0	12.9	64.0	12.6	65.0	12.9	356.0	12.9	5	0.0
05/29/2006 14:50	78.0	12.5	80.0	13.4	70.0	14.4	68.0	13.5	66.0	13.8	362.0	13.5	5	0.0
05/29/2006 14:55	70.0	10.7	84.0	13.5	68.0	13.7	64.0	13.1	64.0	12.8	350.0	12.7	5	0.0
05/29/2006 15:00	59.0	9.2	90.0	15.8	72.0	15.2	72.0	14.4	68.0	12.9	361.0	13.5	5	0.0
05/29/2006 15:05	41.0	6.5	83.0	15.9	69.0	15.9	70.0	14.1	68.0	14.9	331.0	13.4	5	0.0
05/29/2006 15:10	45.0	7.6	81.0	16.6	73.0	17.7	70.0	16.1	67.0	14.7	336.0	14.5	5	0.0
05/29/2006 15:15	48.0	7.7	81.0	16.9	72.0	17.9	72.0	16.4	70.0	15.8	343.0	14.9	5	0.0
05/29/2006 15:20	50.0	9.2	80.0	19.9	68.0	17.9	70.0	17.1	68.0	15.8	336.0	16.0	5	0.0
05/29/2006 15:25	48.0	8.5	80.0	16.4	70.0	16.7	66.0	16.1	65.0	16.3	329.0	14.8	5	0.0
05/29/2006 15:30	56.0	9.6	77.0	17.2	66.0	16.9	66.0	15.9	64.0	15.1	329.0	14.9	5	0.0
05/29/2006 15:35	54.0	8.9	80.0	16.8	68.0	16.6	72.0	17.0	65.0	14.9	339.0	14.8	5	0.0
05/29/2006 15:40	53.0	9.3	77.0	16.2	70.0	16.9	70.0	16.6	65.0	16.0	335.0	15.0	5	0.0
05/29/2006 15:45	57.0	10.1	77.0	18.0	63.0	19.3	68.0	15.7	63.0	16.7	328.0	15.9	5	0.0
05/29/2006 15:50	54.0	9.1	81.0	17.2	68.0	17.9	67.0	16.4	62.0	13.6	332.0	14.8	5	0.0
05/29/2006 15:55	58.0	10.4	76.0	16.2	64.0	17.6	66.0	15.6	66.0	15.2	330.0	15.0	5	0.0
05/29/2006 16:00	56.0	10.9	76.0	17.2	68.0	17.4	66.0	15.4	64.0	15.0	330.0	15.2	5	0.0
05/29/2006 16:05	59.0	11.7	78.0	19.9	67.0	19.1	72.0	18.3	66.0	16.1	342.0	17.0	5	0.0
05/29/2006 16:10	63.0	11.8	79.0	16.0	66.0	18.1	72.0	15.3	61.0	13.0	341.0	14.8	5	0.0
05/29/2006 16:15	63.0	12.3	80.0	18.4	69.0	18.0	72.0	17.6	67.0	15.0	351.0	16.2	5	0.0
05/29/2006 16:20	61.0	11.5	79.0	17.3	73.0	18.8	73.0	17.9	69.0	16.2	355.0	16.3	5	0.0
05/29/2006 16:25	63.0	13.0	79.0	20.6	69.0	21.0	74.0	20.2	70.0	17.8	355.0	18.5	5	0.0
05/29/2006 16:30	62.0	13.5	81.0	19.8	66.0	19.7	73.0	18.7	70.0	18.2	352.0	18.0	5	0.0
05/29/2006 16:35	70.0	14.7	80.0	18.8	71.0	21.2	70.0	18.9	68.0	16.8	359.0	18.1	5	0.0
05/29/2006 16:40	61.0	12.9	77.0	16.4	68.0	17.8	69.0	17.4	66.0	14.8	341.0	15.8	5	0.0
05/29/2006 16:45	68.0	13.6	76.0	17.1	65.0	17.2	71.0	17.9	66.0	15.7	346.0	16.3	5	0.0
05/29/2006 16:50	68.0	13.7	83.0	19.9	67.0	18.7	72.0	18.4	71.0	17.0	361.0	17.5	5	0.0
05/29/2006 16:55	65.0	13.1	80.0	21.4	70.0	20.6	69.0	18.4	73.0	18.8	357.0	18.5	5	0.0
05/29/2006 17:00	65.0	12.2	73.0	18.5	66.0	18.2	70.0	17.5	66.0	16.7	340.0	16.6	5	0.0
05/29/2006 17:05	64.0	12.5	76.0	16.7	66.0	18.2	71.0	16.5	66.0	15.7	343.0	15.9	5	0.0
05/29/2006 17:10	60.0	12.5	75.0	17.9	68.0	18.5	71.0	18.4	70.0	17.9	344.0	17.0	5	0.0
05/29/2006 17:15	63.0	12.3	79.0	17.7	71.0	18.6	76.0	17.6	68.0	15.6	357.0	16.4	5	0.0
05/29/2006 17:20	63.0	12.5	76.0	20.1	68.0	20.8	71.0	18.3	68.0	16.7	346.0	17.7	5	0.0
05/29/2006 17:25	65.0	14.7	66.0	18.3	62.0	18.0	67.0	17.8	68.0	16.9	328.0	17.1	5	0.0
05/29/2006 17:30	67.0	14.1	76.0	18.2	71.0	20.7	71.0	19.5	70.0	18.9	355.0	18.3	5	0.0
05/29/2006 17:35	61.0	13.0	76.0	18.2	68.0	17.4	72.0	17.5	69.0	17.2	346.0	16.6	5	0.0
05/29/2006 17:40	60.0	11.7	76.0	15.3	69.0	16.1	70.0	15.5	67.0	15.3	342.0	14.8	5	0.0
05/29/2006 17:45	67.0	14.1	81.0	20.3	71.0	20.2	72.0	18.6	70.0	17.6	361.0	18.1	5	0.0
05/29/2006 17:50	66.0	14.3	81.0	19.1	71.0	18.9	74.0	17.9	69.0	17.0	361.0	17.4	5	0.0
05/29/2006 17:55	66.0	13.7	73.0	18.1	66.0	19.1	69.0	17.4	68.0	16.9	342.0	17.0	5	0.0
05/29/2006 18:00	65.0	12.6	72.0	15.0	67.0	16.4	70.0	15.8	65.0	15.3	339.0	15.0	5	0.0
05/29/2006 18:05	60.0	11.2	80.0	16.7	68.0	16.6	69.0	16.4	68.0	16.2	345.0	15.4	5	0.0
05/29/2006 18:10	55.0	10.1	77.0	15.8	71.0	17.4	67.0	15.6	72.0	16.5	342.0	15.1	5	0.0
05/29/2006 18:15	56.0	9.3	81.0	16.4	72.0	16.6	70.0	15.8	68.0	14.6	347.0	14.5	5	0.0
05/29/2006 18:20	42.0	6.6	71.0	14.5	67.0	13.9	67.0	13.3	64.0	14.2	311.0	12.5	5	0.0
05/29/2006 18:25	32.0	4.3	73.0	10.0	62.0	9.7	62.0	10.3	64.0	10.6	293.0	9.0	5	0.0
05/29/2006 18:30	41.0	5.7	78.0	11.3	66.0	10.8	68.0	11.8	65.0	10.4	318.0	10.0	5	0.0
05/29/2006 18:35	37.0	4.8	67.0	9.0	63.0	9.2	63.0	9.9	61.0	9.6	291.0	8.5	5	0.0
05/29/2006 18:40	31.0	4.4	78.0	11.0	66.0	10.7	68.0	10.8	60.0	10.1	303.0	9.4	5	0.0
05/29/2006 18:45	25.0	3.4	75.0	10.0	68.0	10.4	70.0	11.0	63.0	10.1	301.0	9.0	5	0.0
05/29/2006 18:50	24.0	2.9	71.0	9.9	64.0	9.6	63.0	9.9	63.0	10.3	285.0	8.5	5	0.0
05/29/2006 18:55	28.0	3.6	67.0	8.8	64.0	9.5	62.0	9.8	62.0	10.2	283.0	8.3	5	0.0
05/29/2006 19:00	40.0	5.5	64.0	8.4	60.0	8.8	58.0	9.4	59.0	9.7	281.0	8.3	5	0.0
05/29/2006 19:05	46.0	6.1	61.0	8.3	57.0	8.6	57.0	9.0	55.0	8.5	276.0	8.1	5	0.0
05/29/2006 19:10	48.0	6.4	59.0	7.8	61.0	9.1	61.0	9.9	57.0	8.7	286.0	8.4	5	0.0
05/29/2006 19:15	51.0	6.7	61.0	8.0	60.0	8.7	59.0	9.5	57.0	9.0	288.0	8.4	5	0.0
05/29/2006 19:20	54.0	7.0	57.0	7.7	58.0	8.6	58.0	9.3	57.0	8.5	284.0	8.2	5	0.0
05/29/2006 19:25	48.0	6.3	59.0	7.8	54.0	8.2	59.0	9.0	63.0	9.6	283.0	8.2	5	0.0
05/29/2006 19:30	49.0	6.8	61.0	7.8	55.0	8.1	52.0	8.7	56.0	8.4	273.0	8.0	5	0.0
05/29/2006 19:35	45.0	5.8	57.0	7.4	50.0	7.3	53.0	8.6	53.0	8.2	258.0	7.4	5	0.0
05/29/2006 19:40	48.0	6.2	56.0	7.3	54.0	7.8	51.0	8.4	51.0	7.6	260.0	7.4	5	0.0
05/29/2006 19:45	48.0	6.1	58.0	7.7	51.0	7.3	55.0	8.2	52.0	8.0	264.0	7.4	5	0.0
05/29/2006 19:50	46.0	5.9	60.0	7.8	51.0	7.4	53.0	8.5	50.0	7.9	260.0	7.5	5	0.0
05/29/2006 19:55	46.0	5.8	52.0	6.9	49.0	7.3	51.0	8.0	48.0	7.6	246.0	7.1	5	0.0
05/29/2006 20:00	45.0	6.0	51.0	7.0	47.0	7.5	46.0	7.3	44.0	6.8	233.0	6.9	5	0.0
05/29/2006 20:05	44.0	5.5	55.0	7.1	50.0	7.1	49.0	7.8	46.0	7.3	244.0	6.9	5	0.0
05/29/2006 20:10	43.0	5.5	56.0	7.0	50.0	7.5	52.0	7.7	45.0	7.0	246.0	6.9	5	0.0
05/29/2006 20:15	41.0	4.9	46.0	6.0	47.0	7.0	44.0	6.6	41.0	6.8	219.0	6.2	5	0.0
05/29/2006 20:20	37.0	4.3	52.0	6.7	50.0	7.3	48.0	8.1	45.0	7.6	232.0	6.8	5	0.0
05/29/2006 20:25	45.0	5.5	53.0	7.0	51.0	8.0	53.0	8.2	45.0	7.6	247.0	7.2	5	0.0
05/29/2006 20:30	39.0	5.0	47.0	6.3	47.0	7.2	44.0	7.0	40.0	6.3	217.0	6.3	5	0.0
05/29/2006 20:35	35.0	4.4	53.0	7.0	43.0	6.7	49.0	7.9	45.0	7.0	225.0	6.6	5	0.0
05/29/2006 20:40	37.0	4.6	47.0	6.2	44.0	6.9	50.0	7.9	45.0	7.3	223.0	6.6	5	0.0
05/29/2006 20:45	34.0	4.4	48.0	6.3	51.0	7.4	49.0	7.5	45.0	7.3	227.0	6.5	5	0.0
05/29/2006 20:50	32.0	3.7	42.0	5.2	44.0	6.0	48.0	7.3	45.0	6.7	211.0	5.8	5	0.0
05/29/2006 20:55	32.0	3.9	41.0	5.3	42.0	6.0	42.0	6.5	40.0	6.4	197.0	5.6	5	0.0
05/29/2006 21:00	29.0	3.5	46.0	6.1	44.0	6.5	45.0	7.3	40.0	6.4	204.0	5.9	5	0.0
05/29/2006 21:05	26.0	3.3	41.0	5.5	41.0	6.0	44.0	7.2	41.0	6.4	193.0	5.7	5	0.0
05/29/2006 21:10	33.0	3.8	50.0	6.8	38.0	6.0	47.0	7.7	46.0	7.7	214.0	6.4	5	0.0
05/29/2006 21:15	32.0	3.9	44.0	5.7	42.0	6.2	50.0	7.1	45.0	7.2	213.0	6.0	5	0.0
05/29/2006 21:20	33.0	4.1	48.0	6.3	42.0	6.2	48.0	7.5	43.0	6.7	214.0	6.1	5	0.0
05/29/2006 21:25	30.0	3.7	43.0	5.6	43.0	6.5	41.0	7.2	42.0	6.5	199.0	5.9	5	0.0
05/29/2006 21:30	31.0	3.8	44.0	5.7	46.0	6.7	44.0	7.0	37.0	6.1	202.0	5.8	5	0.0
05/29/2006 21:35	30.0	3.6	40.0	5.2	39.0	6.4	43.0	7.1	36.0	6.1	188.0	5.7	5	0.0
05/29/2006 21:40	28.0	3.5	42.0	5.6	43.0	6.2	42.0	7.4	40.0	6.5	195.0	5.8	5	0.0
05/29/2006 21:45	31.0	4.0	43.0	5.5	37.0	5.6	39.0	6.7	37.0	6.0	187.0	5.5	5	0.0
05/29/2006 21:50	26.0	3.1	37.0	5.0	40.0	5.8	45.0	7.2	40.0	6.0	188.0	5.4	5	0.0
05/29/2006 21:55	33.0	4.2	49.0	6.1	44.0	6.6	43.0	7.1	41.0	6.8	210.0	6.1	5	0.0
05/29/2006 22:00	34.0	4.1	42.0	5.3	41.0	5.9	43.0	6.7	35.0	5.7	195.0	5.5	5	0.0
05/29/2006 22:05	29.0	3.6	40.0	5.2	43.0	6.7	42.0	7.4	39.0	6.2	193.0	5.8	5	0.0
05/29/2006 22:10	27.0	3.5	39.0	5.1	39.0	5.5	41.0	6.4	34.0	5.2	180.0	5.1	5	0.0
05/29/2006 22:15	31.0	3.7	41.0	5.1	40.0	5.7	40.0	6.2	39.0	6.2	191.0	5.4	5	0.0
05/29/2006 22:20	30.0	3.6	42.0	5.4	43.0	6.8	41.0	6.5	37.0	5.8	193.0	5.6	5	0.0
05/29/2006 22:25	29.0	3.6	43.0	5.6	41.0	6.0	35.0	5.7	33.0	5.2	181.0	5.2	5	0.0
05/29/2006 22:30	27.0	3.3	41.0	5.2	42.0	5.8	38.0	6.3	35.0	5.6	183.0	5.2	5	0.0
05/29/2006 22:35	27.0	3.2	40.0	5.1	38.0	5.7	38.0	5.7	31.0	5.1	174.0	4.9	5	0.0
05/29/2006 22:40	23.0	2.9	37.0	4.6	33.0	4.4	36.0	5.4	29.0	4.7	158.0	4.4	5	0.0
05/29/2006 22:45	18.0	2.1	34.0	4.3	31.0	4.6	30.0	5.0	27.0	4.2	140.0	4.0	5	0.0
05/29/2006 22:50	27.0	3.3	35.0	4.3	35.0	4.9	32.0	5.2	30.0	4.5	159.0	4.4	5	0.0
05/29/2006 22:55	29.0	3.6	34.0	4.1	31.0	4.6	32.0	5.5	26.0	4.2	152.0	4.4	5	0.0
05/29/2006 23:00	17.0	1.9	32.0	4.2	31.0	4.6	24.0	4.1	22.0	3.5	126.0	3.6	5	0.0
05/29/2006 23:05	15.0	1.7	29.0	3.9	30.0	4.1	28.0	4.8	24.0	3.7	126.0	3.6	5	0.0
05/29/2006 23:10	17.0	1.8	28.0	3.5	29.0	4.1	25.0	5.0	23.0	3.8	122.0	3.6	5	0.0
05/29/2006 23:15	16.0	1.8	26.0	3.0	26.0	3.7	25.0	4.1	21.0	3.7	114.0	3.3	5	0.0
05/29/2006 23:20	20.0	2.1	31.0	3.8	28.0	4.1	25.0	5.2	22.0	3.6	126.0	3.7	5	0.0
05/29/2006 23:25	14.0	1.4	25.0	3.4	24.0	3.5	22.0	4.0	20.0	3.3	105.0	3.1	5	0.0
05/29/2006 23:30	13.0	1.3	23.0	2.7	27.0	3.9	25.0	3.9	19.0	3.2	107.0	3.0	5	0.0
05/29/2006 23:35	11.0	1.2	26.0	3.1	23.0	3.1	24.0	4.0	19.0	3.2	103.0	2.9	5	0.0
05/29/2006 23:40	11.0	1.1	27.0	3.1	23.0	3.0	21.0	3.8	20.0	3.4	102.0	2.9	5	0.0
05/29/2006 23:45	12.0	1.3	27.0	3.1	26.0	3.4	24.0	4.5	17.0	2.7	106.0	3.0	5	0.0
05/29/2006 23:50	13.0	1.5	21.0	2.4	22.0	3.1	22.0	3.8	20.0	2.9	98.0	2.7	5	0.0
05/29/2006 23:55	10.0	1.1	16.0	2.0	18.0	2.7	16.0	3.0	17.0	2.5	77.0	2.3	5	0.0
05/30/2006 00:00	9.0	1.0	18.0	2.1	19.0	2.4	17.0	3.5	14.0	2.7	77.0	2.3	5	0.0
05/30/2006 00:05	7.0	0.8	17.0	2.1	21.0	2.9	19.0	4.0	16.0	3.3	80.0	2.6	5	0.0
05/30/2006 00:10	11.0	1.2	20.0	2.7	20.0	2.6	19.0	3.1	14.0	2.8	84.0	2.5	5	0.0
05/30/2006 00:15	10.0	1.1	17.0	2.2	19.0	2.5	19.0	3.6	12.0	2.6	77.0	2.4	5	0.0
05/30/2006 00:20	7.0	0.8	20.0	2.6	19.0	2.9	17.0	3.2	15.0	2.2	78.0	2.3	5	0.0
05/30/2006 00:25	6.0	0.6	17.0	2.1	18.0	2.4	17.0	3.5	12.0	2.4	70.0	2.2	5	0.0
05/30/2006 00:30	5.0	0.6	14.0	1.5	14.0	1.7	15.0	2.8	11.0	1.7	59.0	1.6	5	0.0
05/30/2006 00:35	6.0	0.6	12.0	1.3	15.0	1.7	14.0	2.9	11.0	2.2	58.0	1.7	5	0.0
05/30/2006 00:40	6.0	0.6	14.0	1.7	14.0	2.3	18.0	3.3	11.0	2.0	63.0	2.0	5	0.0
05/30/2006 00:45	8.0	0.8	15.0	1.8	14.0	1.9	13.0	2.6	10.0	2.4	60.0	1.9	5	0.0
05/30/2006 00:50	5.0	0.5	11.0	1.3	13.0	1.7	13.0	2.5	13.0	2.4	55.0	1.7	5	0.0
05/30/2006 00:55	5.0	0.5	12.0	1.5	13.0	1.8	13.0	2.6	11.0	2.0	54.0	1.7	5	0.0
05/30/2006 01:00	4.0	0.4	10.0	1.2	11.0	1.8	11.0	2.3	12.0	2.1	48.0	1.6	5	0.0
05/30/2006 01:05	5.0	0.5	13.0	1.5	10.0	1.5	13.0	2.5	11.0	1.8	52.0	1.5	5	0.0
05/30/2006 01:10	3.0	0.3	11.0	1.4	12.0	1.6	10.0	2.5	8.0	1.6	44.0	1.5	5	0.0
05/30/2006 01:15	4.0	0.4	9.0	0.9	9.0	1.2	11.0	2.0	8.0	1.2	41.0	1.1	5	0.0
05/30/2006 01:20	7.0	0.7	10.0	1.2	10.0	1.4	9.0	1.5	6.0	0.9	42.0	1.1	5	0.0
05/30/2006 01:25	0.0	0.0	7.0	0.7	11.0	1.5	10.0	2.0	9.0	1.7	37.0	1.2	5	0.0
05/30/2006 01:30	2.0	0.2	7.0	0.8	9.0	1.2	8.0	1.7	10.0	1.8	36.0	1.1	5	0.0
05/30/2006 01:35	2.0	0.2	6.0	0.7	10.0	1.4	11.0	2.4	6.0	1.0	35.0	1.1	5	0.0
05/30/2006 01:40	2.0	0.2	10.0	1.1	12.0	1.5	13.0	2.4	9.0	1.5	46.0	1.3	5	0.0
05/30/2006 01:45	1.0	0.1	8.0	1.0	10.0	1.4	11.0	1.6	8.0	2.0	38.0	1.2	5	0.0
05/30/2006 01:50	2.0	0.2	8.0	0.8	10.0	1.4	11.0	2.5	10.0	1.8	41.0	1.3	5	0.0
05/30/2006 01:55	1.0	0.1	9.0	0.9	9.0	1.6	11.0	2.4	11.0	2.1	41.0	1.4	5	0.0
05/30/2006 02:00	1.0	0.1	7.0	0.9	8.0	1.1	9.0	1.5	9.0	1.1	34.0	0.9	5	0.0
05/30/2006 02:05	1.0	0.1	8.0	0.9	9.0	1.2	11.0	2.0	7.0	1.4	36.0	1.1	5	0.0
05/30/2006 02:10	5.0	0.5	10.0	1.1	11.0	1.4	9.0	1.6	7.0	1.6	42.0	1.2	5	0.0
05/30/2006 02:15	4.0	0.4	6.0	0.9	8.0	1.0	9.0	1.8	8.0	1.8	35.0	1.1	5	0.0
05/30/2006 02:20	4.0	0.4	9.0	1.1	7.0	1.3	9.0	2.1	8.0	1.2	37.0	1.2	5	0.0
05/30/2006 02:25	2.0	0.2	9.0	1.0	11.0	1.3	11.0	2.1	7.0	1.0	40.0	1.1	5	0.0
05/30/2006 02:30	0.0	0.0	8.0	0.9	9.0	1.0	9.0	2.2	7.0	1.8	33.0	1.2	5	0.0
05/30/2006 02:35	3.0	0.3	8.0	0.9	5.0	1.0	9.0	1.9	4.0	0.8	29.0	0.9	5	0.0
05/30/2006 02:40	5.0	0.5	10.0	1.1	8.0	1.2	10.0	2.2	9.0	2.3	42.0	1.5	5	0.0
05/30/2006 02:45	0.0	0.0	6.0	0.7	7.0	1.1	9.0	2.0	5.0	1.2	27.0	1.0	5	0.0
05/30/2006 02:50	1.0	0.1	6.0	0.7	3.0	0.5	13.0	3.0	7.0	1.1	30.0	1.1	5	0.0
05/30/2006 02:55	4.0	0.4	6.0	0.6	8.0	1.4	7.0	1.6	8.0	1.5	33.0	1.1	5	0.0
05/30/2006 03:00	1.0	0.1	6.0	0.6	7.0	0.8	8.0	2.1	10.0	2.1	32.0	1.1	5	0.0
05/30/2006 03:05	0.0	0.0	4.0	0.4	7.0	1.3	11.0	2.4	6.0	1.3	28.0	1.1	5	0.0
05/30/2006 03:10	0.0	0.0	5.0	0.6	7.0	1.0	11.0	3.1	9.0	2.1	32.0	1.3	5	0.0
05/30/2006 03:15	2.0	0.1	4.0	0.4	7.0	0.7	7.0	1.5	7.0	1.2	27.0	0.8	5	0.0
05/30/2006 03:20	1.0	0.1	7.0	0.8	7.0	1.6	9.0	2.2	7.0	1.2	31.0	1.2	5	0.0
05/30/2006 03:25	0.0	0.0	6.0	0.6	7.0	0.9	7.0	1.5	7.0	1.8	27.0	1.0	5	0.0
05/30/2006 03:30	0.0	0.0	4.0	0.4	5.0	0.5	8.0	1.7	10.0	2.0	27.0	0.9	5	0.0
05/30/2006 03:35	0.0	0.0	3.0	0.3	10.0	1.3	6.0	1.6	8.0	1.0	27.0	0.8	5	0.0
05/30/2006 03:40	0.0	0.0	0.0	0.0	10.0	1.0	5.0	1.0	7.0	0.8	22.0	0.6	5	0.0
05/30/2006 03:45	0.0	0.0	0.0	0.0	10.0	1.1	3.0	1.0	9.0	1.4	22.0	0.7	5	0.0
05/30/2006 03:50	0.0	0.0	0.0	0.0	9.0	0.9	5.0	1.0	7.0	0.9	21.0	0.6	5	0.0
05/30/2006 03:55	0.0	0.0	1.0	0.1	9.0	1.1	10.0	2.4	9.0	1.5	29.0	1.0	5	0.0
05/30/2006 04:00	0.0	0.0	2.0	0.3	10.0	1.2	8.0	2.2	7.0	0.8	27.0	0.9	5	0.0
05/30/2006 04:05	0.0	0.0	3.0	0.3	10.0	1.2	11.0	2.6	7.0	0.9	31.0	1.0	5	0.0
05/30/2006 04:10	0.0	0.0	5.0	0.6	7.0	1.2	10.0	2.8	8.0	1.8	30.0	1.3	5	0.0
05/30/2006 04:15	0.0	0.0	6.0	0.8	9.0	1.7	10.0	3.0	11.0	2.0	36.0	1.5	5	0.0
05/30/2006 04:20	0.0	0.0	5.0	0.7	11.0	1.7	12.0	2.7	11.0	2.1	39.0	1.5	5	0.0
05/30/2006 04:25	5.0	0.5	8.0	1.0	11.0	1.9	11.0	2.8	10.0	2.0	45.0	1.6	5	0.0
05/30/2006 04:30	1.0	0.1	6.0	0.6	9.0	1.5	12.0	3.1	11.0	2.8	39.0	1.6	5	0.0
05/30/2006 04:35	1.0	0.1	9.0	0.9	9.0	1.7	12.0	3.2	10.0	2.3	41.0	1.6	5	0.0
05/30/2006 04:40	1.0	0.1	8.0	0.9	13.0	2.1	13.0	4.0	11.0	2.3	46.0	1.9	5	0.0
05/30/2006 04:45	2.0	0.2	10.0	1.1	13.0	2.3	14.0	3.3	12.0	2.3	51.0	1.8	5	0.0
05/30/2006 04:50	1.0	0.1	10.0	1.2	15.0	2.1	14.0	3.3	15.0	3.1	55.0	1.9	5	0.0
05/30/2006 04:55	2.0	0.2	11.0	1.3	12.0	2.3	13.0	3.2	13.0	2.4	51.0	1.9	5	0.0
05/30/2006 05:00	5.0	0.5	11.0	1.1	11.0	2.2	13.0	2.6	11.0	2.3	51.0	1.7	5	0.0
05/30/2006 05:05	5.0	0.5	10.0	1.1	13.0	2.4	13.0	2.7	13.0	2.8	54.0	1.9	5	0.0
05/30/2006 05:10	0.0	0.0	11.0	1.3	14.0	2.3	16.0	3.9	15.0	3.1	56.0	2.1	5	0.0
05/30/2006 05:15	0.0	0.0	15.0	1.8	18.0	2.7	18.0	4.4	16.0	3.1	67.0	2.4	5	0.0
05/30/2006 05:20	2.0	0.2	14.0	1.7	19.0	3.3	21.0	4.5	16.0	3.4	72.0	2.6	5	0.0
05/30/2006 05:25	2.0	0.2	19.0	2.2	22.0	3.9	21.0	5.2	17.0	3.4	81.0	3.0	5	0.0
05/30/2006 05:30	2.0	0.2	27.0	3.3	25.0	4.3	23.0	5.1	21.0	4.4	98.0	3.4	5	0.0
05/30/2006 05:35	2.0	0.2	30.0	3.6	27.0	5.3	22.0	5.0	19.0	4.0	100.0	3.6	5	0.0
05/30/2006 05:40	5.0	0.6	33.0	4.0	27.0	5.2	28.0	6.5	25.0	5.3	118.0	4.3	5	0.0
05/30/2006 05:45	5.0	0.6	38.0	4.7	37.0	6.3	31.0	6.5	28.0	5.3	139.0	4.7	5	0.0
05/30/2006 05:50	9.0	1.0	34.0	4.3	31.0	4.8	30.0	6.5	29.0	5.0	133.0	4.3	5	0.0
05/30/2006 05:55	4.0	0.4	33.0	4.1	33.0	5.5	31.0	6.6	31.0	5.9	132.0	4.5	5	0.0
05/30/2006 06:00	3.0	0.4	32.0	3.9	32.0	5.3	30.0	7.1	29.0	5.0	126.0	4.3	5	0.0
05/30/2006 06:05	6.0	0.6	34.0	4.6	34.0	5.2	32.0	6.3	28.0	5.0	134.0	4.3	5	0.0
05/30/2006 06:10	6.0	0.6	43.0	5.4	36.0	6.7	36.0	6.8	33.0	6.0	154.0	5.1	5	0.0
05/30/2006 06:15	5.0	0.5	45.0	5.8	40.0	6.5	38.0	7.5	29.0	5.2	157.0	5.1	5	0.0
05/30/2006 06:20	5.0	0.5	52.0	6.7	48.0	7.7	41.0	8.1	35.0	6.3	181.0	5.9	5	0.0
05/30/2006 06:25	8.0	1.1	49.0	6.5	47.0	7.4	43.0	8.4	37.0	6.6	184.0	6.0	5	0.0
05/30/2006 06:30	7.0	0.7	58.0	7.5	48.0	7.7	46.0	9.2	41.0	7.9	200.0	6.6	5	0.0
05/30/2006 06:35	9.0	0.9	57.0	7.4	48.0	8.2	48.0	9.4	41.0	7.3	203.0	6.6	5	0.0
05/30/2006 06:40	8.0	0.9	60.0	7.9	54.0	8.7	50.0	9.4	49.0	8.8	221.0	7.1	5	0.0
05/30/2006 06:45	10.0	1.2	62.0	8.4	57.0	8.8	52.0	10.1	51.0	8.9	232.0	7.5	5	0.0
05/30/2006 06:50	9.0	1.2	70.0	9.4	58.0	9.7	52.0	10.5	52.0	9.5	241.0	8.0	5	0.0
05/30/2006 06:55	12.0	1.5	65.0	8.7	60.0	9.4	54.0	9.5	53.0	8.9	244.0	7.6	5	0.0
05/30/2006 07:00	8.0	0.9	69.0	9.5	56.0	9.4	58.0	10.5	57.0	10.2	248.0	8.1	5	0.0
05/30/2006 07:05	10.0	1.5	65.0	8.3	56.0	9.2	55.0	10.1	54.0	9.0	240.0	7.6	5	0.0
05/30/2006 07:10	10.0	1.4	71.0	9.8	61.0	9.5	59.0	11.8	57.0	9.9	258.0	8.5	5	0.0
05/30/2006 07:15	10.0	1.4	81.0	10.8	69.0	10.2	63.0	11.2	61.0	11.0	284.0	8.9	5	0.0
05/30/2006 07:20	9.0	1.3	84.0	11.2	66.0	10.8	63.0	12.2	64.0	11.4	286.0	9.4	5	0.0
05/30/2006 07:25	11.0	1.4	72.0	9.8	60.0	10.1	61.0	10.2	57.0	10.2	261.0	8.3	5	0.0
05/30/2006 07:30	13.0	1.9	89.0	12.5	67.0	11.4	66.0	12.3	66.0	12.3	301.0	10.1	5	0.0
05/30/2006 07:35	13.0	1.7	88.0	12.2	74.0	12.6	66.0	12.4	67.0	12.0	308.0	10.2	5	0.0
05/30/2006 07:40	14.0	1.8	86.0	12.4	72.0	12.7	66.0	13.0	69.0	13.4	307.0	10.6	5	0.0
05/30/2006 07:45	14.0	2.1	90.0	13.0	73.0	12.4	68.0	13.1	76.0	14.4	321.0	11.0	5	0.0
05/30/2006 07:50	15.0	2.0	94.0	13.3	75.0	13.2	76.0	14.1	77.0	14.7	337.0	11.4	5	0.0
05/30/2006 07:55	13.0	1.8	92.0	13.7	71.0	12.8	68.0	14.2	80.0	15.2	324.0	11.5	5	0.0
05/30/2006 08:00	15.0	2.0	80.0	10.9	62.0	11.1	58.0	11.2	61.0	11.6	276.0	9.4	5	0.0
05/30/2006 08:05	11.0	1.5	85.0	12.4	64.0	12.5	63.0	13.1	73.0	13.0	296.0	10.5	5	0.0
05/30/2006 08:10	16.0	2.4	81.0	11.8	69.0	13.2	69.0	13.2	77.0	14.5	312.0	11.0	5	0.0
05/30/2006 08:15	18.0	2.6	82.0	12.1	64.0	12.9	69.0	13.2	77.0	14.6	310.0	11.1	5	0.0
05/30/2006 08:20	13.0	1.7	86.0	12.1	68.0	12.0	63.0	12.6	77.0	15.6	307.0	10.8	5	0.0
05/30/2006 08:25	14.0	2.0	83.0	12.5	65.0	12.9	67.0	13.5	76.0	14.4	305.0	11.0	5	0.0
05/30/2006 08:30	13.0	2.0	84.0	11.9	65.0	13.1	63.0	13.0	79.0	14.9	304.0	11.0	5	0.0
05/30/2006 08:35	10.0	1.2	81.0	11.7	61.0	11.1	62.0	12.9	76.0	14.2	290.0	10.2	5	0.0
05/30/2006 08:40	11.0	1.6	81.0	11.7	64.0	12.6	68.0	13.2	77.0	14.5	301.0	10.7	5	0.0
05/30/2006 08:45	15.0	2.0	86.0	13.2	65.0	12.4	69.0	14.1	77.0	14.5	312.0	11.2	5	0.0
05/30/2006 08:50	16.0	2.2	77.0	11.1	61.0	11.6	63.0	12.5	71.0	13.5	288.0	10.2	5	0.0
05/30/2006 08:55	8.0	1.1	75.0	11.0	61.0	11.8	60.0	12.9	75.0	14.6	279.0	10.3	5	0.0
05/30/2006 09:00	9.0	1.3	83.0	12.6	65.0	12.9	63.0	12.9	79.0	14.9	299.0	10.9	5	0.0
05/30/2006 09:05	13.0	1.8	79.0	11.8	59.0	11.8	62.0	12.7	73.0	13.6	286.0	10.3	5	0.0
05/30/2006 09:10	13.0	1.9	82.0	11.9	61.0	11.9	68.0	13.9	75.0	14.8	299.0	10.9	5	0.0
05/30/2006 09:15	8.0	1.5	78.0	10.5	55.0	11.8	65.0	12.0	70.0	12.3	276.0	9.6	5	100.0
05/30/2006 09:20	20.0	2.8	71.0	10.4	62.0	10.6	66.0	12.5	67.0	13.1	286.0	9.9	5	100.0
05/30/2006 09:25	15.0	2.0	87.0	14.8	67.0	14.5	67.0	15.5	67.0	14.0	303.0	12.2	5	100.0
05/30/2006 09:30	21.0	3.1	77.0	15.5	58.0	16.8	65.0	17.5	69.0	18.0	290.0	14.2	5	100.0
05/30/2006 09:35	20.0	2.7	84.0	13.9	64.0	14.2	58.0	16.5	75.0	17.9	301.0	13.0	5	100.0
05/30/2006 09:40	18.0	2.2	81.0	11.2	69.0	11.5	64.0	14.0	64.0	12.5	296.0	10.3	5	100.0
05/30/2006 09:45	17.0	2.3	79.0	11.4	68.0	12.0	61.0	13.0	68.0	11.9	293.0	10.1	5	100.0
05/30/2006 09:50	17.0	2.4	72.0	10.3	62.0	10.7	64.0	12.4	65.0	12.3	280.0	9.6	5	100.0
05/30/2006 09:55	21.0	2.9	77.0	11.2	59.0	12.1	54.0	13.5	59.0	11.8	270.0	10.3	5	100.0
05/30/2006 10:00	23.0	2.7	52.0	7.1	37.0	7.6	39.0	8.4	48.0	8.9	199.0	6.9	5	100.0
05/30/2006 10:05	44.0	5.4	63.0	8.9	53.0	11.6	54.0	12.9	74.0	13.1	288.0	10.4	5	100.0
05/30/2006 10:10	30.0	3.9	55.0	7.9	52.0	9.7	56.0	11.3	61.0	11.7	254.0	8.9	5	0.0
05/30/2006 10:15	32.0	4.0	55.0	7.6	52.0	10.0	53.0	11.3	63.0	12.5	255.0	9.0	5	0.0
05/30/2006 10:20	35.0	4.5	60.0	8.5	56.0	10.3	58.0	13.0	67.0	13.4	276.0	10.0	5	0.0
05/30/2006 10:25	39.0	4.9	59.0	8.3	55.0	10.8	58.0	13.3	68.0	13.1	279.0	10.1	5	0.0
05/30/2006 10:30	35.0	4.6	54.0	7.6	50.0	9.6	54.0	11.9	62.0	12.1	255.0	9.1	5	0.0
05/30/2006 10:35	32.0	4.1	56.0	7.6	51.0	9.5	53.0	11.2	63.0	11.6	255.0	8.8	5	0.0
05/30/2006 10:40	39.0	5.1	57.0	7.6	54.0	9.9	58.0	12.1	64.0	12.0	272.0	9.3	5	0.0
05/30/2006 10:45	38.0	5.0	61.0	8.6	55.0	10.0	63.0	13.9	67.0	13.1	284.0	10.1	5	0.0
05/30/2006 10:50	37.0	4.8	57.0	8.0	54.0	10.9	57.0	11.3	64.0	11.7	269.0	9.3	5	0.0
05/30/2006 10:55	38.0	5.0	61.0	8.1	54.0	9.6	58.0	13.0	68.0	13.2	279.0	9.8	5	0.0
05/30/2006 11:00	33.0	4.2	55.0	7.8	48.0	8.6	54.0	11.4	61.0	11.6	251.0	8.7	5	0.0
05/30/2006 11:05	31.0	4.0	53.0	7.4	53.0	10.0	55.0	11.2	59.0	12.1	251.0	8.9	5	0.0
05/30/2006 11:10	38.0	5.0	59.0	8.6	51.0	10.1	57.0	12.8	59.0	12.0	264.0	9.7	5	0.0
05/30/2006 11:15	28.0	3.6	57.0	7.8	53.0	11.7	53.0	12.1	63.0	11.8	254.0	9.4	5	0.0
05/30/2006 11:20	33.0	4.1	55.0	7.6	50.0	10.5	53.0	11.2	65.0	12.7	256.0	9.2	5	0.0
05/30/2006 11:25	32.0	4.2	50.0	6.9	48.0	8.8	58.0	12.1	67.0	13.2	255.0	9.0	5	0.0
05/30/2006 11:30	36.0	4.6	51.0	7.1	46.0	9.2	54.0	10.9	64.0	11.5	251.0	8.6	5	0.0
05/30/2006 11:35	43.0	5.4	58.0	8.0	52.0	9.9	56.0	12.5	62.0	12.0	271.0	9.6	5	0.0
05/30/2006 11:40	35.0	4.2	52.0	7.3	49.0	9.4	56.0	11.3	61.0	12.0	253.0	8.8	5	0.0
05/30/2006 11:45	40.0	5.4	58.0	8.1	52.0	11.5	58.0	12.8	70.0	13.6	278.0	10.2	5	0.0
05/30/2006 11:50	48.0	6.5	63.0	9.0	59.0	12.5	66.0	13.5	74.0	14.4	310.0	11.1	5	0.0
05/30/2006 11:55	41.0	5.3	59.0	8.1	54.0	10.3	58.0	12.3	72.0	12.9	284.0	9.8	5	0.0
05/30/2006 12:00	44.0	5.7	61.0	8.8	52.0	10.7	63.0	12.8	68.0	12.0	288.0	10.0	5	0.0
05/30/2006 12:05	43.0	5.8	64.0	8.7	59.0	11.2	59.0	12.4	72.0	14.0	297.0	10.4	5	0.0
05/30/2006 12:10	43.0	5.8	59.0	8.4	49.0	9.4	60.0	11.6	71.0	13.4	282.0	9.7	5	0.0
05/30/2006 12:15	44.0	5.7	63.0	8.7	58.0	10.1	60.0	11.8	66.0	11.9	291.0	9.6	5	0.0
05/30/2006 12:20	47.0	6.2	63.0	8.8	56.0	11.2	62.0	11.5	67.0	13.2	295.0	10.2	5	0.0
05/30/2006 12:25	48.0	6.2	63.0	8.9	57.0	11.0	60.0	13.2	71.0	14.0	299.0	10.7	5	0.0
05/30/2006 12:30	46.0	5.8	64.0	9.1	56.0	10.3	62.0	13.3	73.0	13.0	301.0	10.3	5	0.0
05/30/2006 12:35	45.0	6.0	68.0	9.7	60.0	11.1	62.0	12.7	70.0	13.3	305.0	10.5	5	0.0
05/30/2006 12:40	45.0	6.0	63.0	8.7	60.0	10.9	60.0	12.9	68.0	13.2	296.0	10.3	5	0.0
05/30/2006 12:45	45.0	6.0	59.0	8.5	58.0	10.2	61.0	12.1	63.0	12.0	286.0	9.7	5	0.0
05/30/2006 12:50	50.0	6.7	64.0	9.1	57.0	10.6	61.0	12.0	71.0	12.8	303.0	10.2	5	0.0
05/30/2006 12:55	47.0	6.0	61.0	8.8	59.0	9.9	61.0	12.7	73.0	13.6	301.0	10.2	5	0.0
05/30/2006 13:00	43.0	5.7	64.0	9.2	58.0	10.7	66.0	12.8	67.0	12.5	298.0	10.2	5	0.0
05/30/2006 13:05	43.0	5.5	63.0	8.6	58.0	10.8	58.0	11.8	63.0	12.2	285.0	9.8	5	0.0
05/30/2006 13:10	49.0	6.3	62.0	8.7	58.0	10.4	59.0	11.8	66.0	12.9	294.0	10.0	5	0.0
05/30/2006 13:15	52.0	7.1	67.0	9.8	60.0	11.7	63.0	12.8	70.0	13.1	312.0	10.9	5	0.0
05/30/2006 13:20	51.0	6.8	61.0	8.8	56.0	10.9	60.0	12.0	67.0	12.3	295.0	10.2	5	0.0
05/30/2006 13:25	48.0	6.8	62.0	8.9	59.0	11.2	56.0	11.2	64.0	11.8	289.0	10.0	5	0.0
05/30/2006 13:30	57.0	7.8	75.0	11.1	63.0	12.5	61.0	12.7	71.0	13.6	327.0	11.5	5	0.0
05/30/2006 13:35	60.0	8.3	72.0	10.4	60.0	11.2	63.0	12.6	75.0	14.2	330.0	11.3	5	0.0
05/30/2006 13:40	56.0	7.4	65.0	9.8	61.0	11.0	63.0	13.1	65.0	12.4	310.0	10.7	5	0.0
05/30/2006 13:45	52.0	7.0	69.0	9.9	60.0	10.5	62.0	12.0	64.0	11.7	307.0	10.2	5	0.0
05/30/2006 13:50	66.0	9.1	71.0	10.9	60.0	12.3	61.0	13.4	69.0	12.8	327.0	11.7	5	0.0
05/30/2006 13:55	72.0	10.5	72.0	11.3	59.0	13.8	60.0	13.6	68.0	13.6	331.0	12.5	5	0.0
05/30/2006 14:00	74.0	11.6	78.0	12.9	63.0	14.5	63.0	14.7	71.0	14.3	349.0	13.6	5	0.0
05/30/2006 14:05	69.0	9.9	70.0	10.3	62.0	12.1	64.0	12.6	71.0	13.3	336.0	11.6	5	0.0
05/30/2006 14:10	67.0	9.3	69.0	10.0	65.0	11.6	61.0	12.5	64.0	11.7	326.0	11.0	5	0.0
05/30/2006 14:15	79.0	11.8	78.0	12.0	71.0	13.7	70.0	14.5	74.0	14.4	372.0	13.3	5	0.0
05/30/2006 14:20	73.0	10.6	77.0	11.2	67.0	12.7	66.0	13.5	71.0	13.7	354.0	12.3	5	0.0
05/30/2006 14:25	76.0	10.7	73.0	10.5	66.0	13.6	60.0	11.9	67.0	12.8	342.0	11.9	5	0.0
05/30/2006 14:30	69.0	10.0	74.0	11.2	71.0	13.3	66.0	12.7	69.0	13.6	349.0	12.1	5	0.0
05/30/2006 14:35	75.0	10.9	74.0	11.2	66.0	13.2	70.0	12.9	65.0	11.9	350.0	12.0	5	0.0
05/30/2006 14:40	70.0	10.3	78.0	11.7	70.0	12.8	68.0	12.6	66.0	11.6	352.0	11.8	5	0.0
05/30/2006 14:45	75.0	11.6	81.0	12.2	66.0	14.7	69.0	12.7	69.0	13.0	360.0	12.8	5	0.0
05/30/2006 14:50	78.0	11.6	79.0	12.1	68.0	13.7	67.0	13.4	72.0	13.6	364.0	12.9	5	0.0
05/30/2006 14:55	66.0	9.4	79.0	12.9	66.0	12.8	65.0	12.5	67.0	12.5	343.0	12.0	5	0.0
05/30/2006 15:00	42.0	6.3	90.0	14.8	72.0	14.3	72.0	14.8	70.0	13.8	346.0	12.8	5	0.0
05/30/2006 15:05	42.0	6.4	86.0	15.5	72.0	16.3	69.0	14.5	69.0	13.9	338.0	13.3	5	0.0
05/30/2006 15:10	48.0	7.9	82.0	16.1	73.0	16.8	71.0	15.6	66.0	14.2	340.0	14.1	5	0.0
05/30/2006 15:15	48.0	7.8	78.0	16.0	68.0	16.7	66.0	15.7	64.0	13.5	324.0	13.9	5	0.0
05/30/2006 15:20	46.0	8.2	79.0	17.1	69.0	17.9	72.0	16.1	66.0	15.5	332.0	15.0	5	0.0
05/30/2006 15:25	49.0	8.4	75.0	17.1	67.0	17.8	66.0	16.2	65.0	15.0	322.0	14.9	5	0.0
05/30/2006 15:30	52.0	8.8	84.0	17.8	67.0	16.5	71.0	16.2	67.0	15.9	341.0	15.0	5	0.0
05/30/2006 15:35	53.0	8.9	78.0	16.3	67.0	17.7	72.0	16.6	67.0	15.4	337.0	15.0	5	0.0
05/30/2006 15:40	60.0	10.8	79.0	17.2	71.0	17.4	67.0	15.9	66.0	15.3	343.0	15.3	5	0.0
05/30/2006 15:45	60.0	10.6	79.0	18.8	67.0	19.2	73.0	18.0	68.0	16.7	347.0	16.6	5	0.0
05/30/2006 15:50	59.0	11.2	77.0	18.3	71.0	16.6	66.0	15.6	64.0	14.5	337.0	15.2	5	0.0
05/30/2006 15:55	65.0	12.8	76.0	17.4	65.0	18.6	68.0	16.7	67.0	16.0	341.0	16.3	5	0.0
05/30/2006 16:00	62.0	13.0	78.0	17.8	67.0	18.4	69.0	15.9	64.0	16.3	340.0	16.3	5	0.0
05/30/2006 16:05	60.0	12.1	79.0	18.4	68.0	19.0	72.0	18.8	67.0	16.7	346.0	17.0	5	0.0
05/30/2006 16:10	59.0	13.1	77.0	18.1	69.0	18.5	68.0	18.0	66.0	16.2	339.0	16.8	5	0.0
05/30/2006 16:15	65.0	12.4	79.0	16.9	68.0	17.3	70.0	15.5	67.0	15.3	349.0	15.5	5	0.0
05/30/2006 16:20	68.0	13.5	78.0	17.7	74.0	18.5	75.0	17.9	68.0	15.9	363.0	16.7	5	0.0
05/30/2006 16:25	65.0	13.5	78.0	18.7	69.0	19.5	72.0	18.1	66.0	16.0	350.0	17.1	5	0.0
05/30/2006 16:30	68.0	14.1	80.0	17.1	69.0	17.1	71.0	17.0	67.0	14.8	355.0	16.0	5	0.0
05/30/2006 16:35	69.0	13.7	77.0	17.8	66.0	17.8	70.0	15.9	70.0	16.8	352.0	16.4	5	0.0
05/30/2006 16:40	62.0	13.1	83.0	17.7	67.0	17.4	71.0	17.7	68.0	16.1	351.0	16.4	5	0.0
05/30/2006 16:45	68.0	14.6	78.0	18.8	71.0	18.6	70.0	17.8	68.0	16.5	355.0	17.2	5	0.0
05/30/2006 16:50	71.0	15.0	79.0	18.3	72.0	19.8	72.0	18.0	71.0	17.9	365.0	17.8	5	0.0
05/30/2006 16:55	65.0	13.7	79.0	17.2	70.0	20.4	70.0	14.8	70.0	16.1	354.0	16.4	5	0.0
05/30/2006 17:00	69.0	13.7	80.0	18.3	68.0	17.3	71.0	17.2	71.0	17.8	359.0	16.8	5	0.0
05/30/2006 17:05	65.0	12.9	83.0	18.7	71.0	19.0	69.0	16.6	71.0	16.9	359.0	16.8	5	0.0
05/30/2006 17:10	68.0	14.0	78.0	19.3	73.0	19.6	71.0	17.6	67.0	16.3	357.0	17.3	5	0.0
05/30/2006 17:15	67.0	13.8	80.0	17.0	68.0	18.5	72.0	17.7	71.0	15.8	358.0	16.5	5	0.0
05/30/2006 17:20	68.0	14.1	82.0	18.3	70.0	19.8	70.0	17.0	69.0	16.2	359.0	17.0	5	0.0
05/30/2006 17:25	62.0	14.3	78.0	20.0	69.0	20.4	72.0	19.0	68.0	17.5	349.0	18.2	5	0.0
05/30/2006 17:30	68.0	14.1	83.0	19.4	68.0	19.3	71.0	18.7	71.0	18.8	361.0	18.1	5	0.0
05/30/2006 17:35	67.0	14.6	78.0	20.1	70.0	21.5	71.0	20.1	70.0	18.9	356.0	19.0	5	0.0
05/30/2006 17:40	68.0	15.5	75.0	20.3	68.0	21.5	70.0	20.3	70.0	18.4	351.0	19.2	5	0.0
05/30/2006 17:45	65.0	16.2	71.0	22.0	67.0	21.6	71.0	20.8	68.0	19.9	342.0	20.1	5	0.0
05/30/2006 17:50	70.0	14.7	78.0	16.6	68.0	17.3	72.0	15.7	70.0	15.7	358.0	16.0	5	0.0
05/30/2006 17:55	67.0	14.9	74.0	22.6	70.0	18.8	70.0	18.2	68.0	17.1	349.0	18.3	5	0.0
05/30/2006 18:00	68.0	15.0	79.0	20.8	67.0	21.1	70.0	19.7	68.0	20.4	352.0	19.4	5	0.0
05/30/2006 18:05	68.0	15.1	79.0	19.8	71.0	22.1	69.0	20.6	68.0	19.3	355.0	19.4	5	0.0
05/30/2006 18:10	64.0	14.5	78.0	20.7	67.0	20.0	69.0	19.1	70.0	18.2	348.0	18.5	5	0.0
05/30/2006 18:15	63.0	15.2	64.0	23.4	60.0	25.6	62.0	22.4	60.0	20.7	309.0	21.4	5	0.0
05/30/2006 18:20	55.0	13.1	71.0	17.1	67.0	17.6	64.0	18.4	66.0	17.9	323.0	16.8	5	0.0
05/30/2006 18:25	60.0	13.3	77.0	18.6	66.0	18.0	68.0	17.5	71.0	17.4	342.0	16.9	5	0.0
05/30/2006 18:30	60.0	14.2	70.0	20.5	63.0	19.9	68.0	18.9	68.0	18.8	329.0	18.4	5	0.0
05/30/2006 18:35	54.0	11.7	74.0	20.1	65.0	18.0	64.0	17.8	69.0	19.3	326.0	17.4	5	0.0
05/30/2006 18:40	55.0	12.2	73.0	16.8	65.0	17.7	64.0	14.4	67.0	16.4	324.0	15.5	5	0.0
05/30/2006 18:45	60.0	13.4	75.0	19.5	67.0	19.3	69.0	16.8	69.0	17.4	340.0	17.3	5	0.0
05/30/2006 18:50	60.0	12.5	71.0	17.0	66.0	16.8	65.0	14.5	70.0	16.8	332.0	15.5	5	0.0
05/30/2006 18:55	61.0	12.5	75.0	15.8	65.0	15.9	65.0	13.9	70.0	15.8	336.0	14.8	5	0.0
05/30/2006 19:00	69.0	12.5	75.0	14.5	69.0	14.7	71.0	13.3	71.0	14.1	355.0	13.8	5	0.0
05/30/2006 19:05	59.0	10.9	65.0	12.7	64.0	13.1	68.0	12.0	68.0	12.8	324.0	12.3	5	0.0
05/30/2006 19:10	67.0	11.7	72.0	13.3	67.0	13.5	65.0	11.7	69.0	13.9	340.0	12.8	5	0.0
05/30/2006 19:15	62.0	11.3	73.0	13.5	65.0	13.7	68.0	12.6	70.0	13.2	338.0	12.8	5	0.0
05/30/2006 19:20	54.0	8.2	62.0	8.9	59.0	9.2	63.0	10.1	62.0	10.4	300.0	9.4	5	0.0
05/30/2006 19:25	58.0	7.9	66.0	9.4	61.0	9.4	60.0	9.7	66.0	10.9	311.0	9.4	5	0.0
05/30/2006 19:30	56.0	7.6	63.0	8.5	58.0	9.0	59.0	9.6	60.0	9.5	296.0	8.8	5	0.0
05/30/2006 19:35	49.0	6.6	62.0	8.1	55.0	8.3	56.0	9.5	61.0	9.5	283.0	8.4	5	0.0
05/30/2006 19:40	49.0	6.5	59.0	7.9	66.0	10.2	54.0	8.9	61.0	10.1	289.0	8.7	5	0.0
05/30/2006 19:45	60.0	7.9	65.0	8.9	59.0	9.6	57.0	9.4	59.0	9.4	300.0	9.0	5	0.0
05/30/2006 19:50	17.0	1.9	26.0	3.0	23.0	2.6	21.0	2.1	27.0	2.3	114.0	2.4	5	0.0
05/30/2006 19:55	52.0	6.9	63.0	8.8	60.0	9.0	55.0	8.9	57.0	9.0	287.0	8.5	5	0.0
05/30/2006 20:00	54.0	7.0	61.0	8.3	53.0	8.2	51.0	8.3	54.0	9.2	273.0	8.2	5	0.0
05/30/2006 20:05	56.0	7.3	59.0	7.8	51.0	7.9	51.0	8.4	50.0	7.9	267.0	7.8	5	0.0
05/30/2006 20:10	47.0	6.4	59.0	8.0	61.0	8.9	57.0	8.8	49.0	7.9	273.0	8.0	5	0.0
05/30/2006 20:15	56.0	7.2	60.0	8.2	58.0	9.1	55.0	9.0	46.0	7.4	275.0	8.2	5	0.0
05/30/2006 20:20	47.0	5.8	50.0	6.7	52.0	7.5	48.0	7.9	49.0	8.0	246.0	7.2	5	0.0
05/30/2006 20:25	46.0	6.1	55.0	7.5	49.0	7.8	52.0	7.9	50.0	8.4	252.0	7.5	5	0.0
05/30/2006 20:30	44.0	5.8	51.0	6.7	50.0	7.9	54.0	9.0	53.0	8.4	252.0	7.5	5	0.0
05/30/2006 20:35	49.0	6.5	61.0	8.1	56.0	8.7	55.0	9.2	52.0	8.7	273.0	8.2	5	0.0
05/30/2006 20:40	47.0	6.0	52.0	6.7	49.0	7.2	51.0	7.6	46.0	7.7	245.0	7.0	5	0.0
05/30/2006 20:45	37.0	4.9	55.0	7.5	54.0	7.9	55.0	8.5	49.0	8.2	250.0	7.4	5	0.0
05/30/2006 20:50	37.0	4.8	51.0	6.9	48.0	7.3	51.0	8.4	47.0	7.5	234.0	7.0	5	0.0
05/30/2006 20:55	42.0	5.4	51.0	6.8	50.0	7.2	55.0	9.0	50.0	7.6	248.0	7.2	5	0.0
05/30/2006 21:00	39.0	4.9	51.0	6.8	49.0	7.2	49.0	8.5	45.0	7.6	233.0	7.0	5	0.0
05/30/2006 21:05	40.0	5.1	52.0	7.0	47.0	7.9	53.0	8.8	46.0	7.7	238.0	7.3	5	0.0
05/30/2006 21:10	42.0	5.5	51.0	6.8	55.0	7.9	55.0	9.3	51.0	8.9	254.0	7.7	5	0.0
05/30/2006 21:15	40.0	5.0	50.0	6.7	49.0	7.3	52.0	8.2	44.0	7.3	235.0	6.9	5	0.0
05/30/2006 21:20	41.0	5.2	53.0	7.0	52.0	7.9	54.0	8.5	51.0	7.7	251.0	7.2	5	0.0
05/30/2006 21:25	44.0	5.6	55.0	7.1	50.0	8.4	50.0	8.0	48.0	7.4	247.0	7.3	5	0.0
05/30/2006 21:30	45.0	5.7	52.0	7.0	55.0	8.2	54.0	9.1	51.0	8.1	257.0	7.6	5	0.0
05/30/2006 21:35	36.0	4.6	51.0	6.8	45.0	6.6	48.0	7.7	46.0	7.5	226.0	6.6	5	0.0
05/30/2006 21:40	39.0	4.9	49.0	6.4	45.0	7.0	48.0	7.5	39.0	6.3	220.0	6.4	5	0.0
05/30/2006 21:45	40.0	5.2	47.0	6.1	46.0	6.5	51.0	8.2	45.0	7.2	229.0	6.6	5	0.0
05/30/2006 21:50	41.0	5.3	50.0	6.6	48.0	6.9	50.0	7.8	47.0	7.5	236.0	6.8	5	0.0
05/30/2006 21:55	43.0	5.5	54.0	6.7	49.0	6.9	50.0	8.0	47.0	7.5	243.0	6.9	5	0.0
05/30/2006 22:00	39.0	5.1	47.0	6.3	44.0	6.6	43.0	7.5	42.0	7.0	215.0	6.5	5	0.0
05/30/2006 22:05	37.0	4.7	48.0	6.4	44.0	6.3	47.0	8.2	42.0	7.1	218.0	6.5	5	0.0
05/30/2006 22:10	44.0	5.9	48.0	6.3	49.0	7.1	50.0	8.1	44.0	7.0	235.0	6.8	5	0.0
05/30/2006 22:15	41.0	5.1	48.0	5.9	42.0	6.5	40.0	7.2	43.0	6.7	214.0	6.3	5	0.0
05/30/2006 22:20	37.0	4.8	50.0	6.6	47.0	7.1	45.0	7.3	42.0	6.6	221.0	6.4	5	0.0
05/30/2006 22:25	33.0	4.3	45.0	5.9	49.0	7.0	41.0	7.0	40.0	6.7	208.0	6.2	5	0.0
05/30/2006 22:30	32.0	3.9	43.0	5.6	46.0	6.6	44.0	7.9	39.0	5.7	204.0	5.9	5	0.0
05/30/2006 22:35	29.0	3.8	40.0	5.1	42.0	6.3	43.0	6.8	41.0	7.0	195.0	5.8	5	0.0
05/30/2006 22:40	24.0	2.9	38.0	5.2	40.0	6.0	37.0	5.9	38.0	6.6	177.0	5.3	5	0.0
05/30/2006 22:45	21.0	2.8	36.0	4.7	37.0	5.4	36.0	6.0	35.0	5.9	165.0	4.9	5	0.0
05/30/2006 22:50	27.0	3.2	38.0	4.7	42.0	5.7	34.0	6.4	38.0	6.0	179.0	5.2	5	0.0
05/30/2006 22:55	26.0	3.3	37.0	4.8	40.0	5.7	32.0	6.1	31.0	5.3	166.0	5.0	5	0.0
05/30/2006 23:00	21.0	2.6	35.0	4.6	36.0	5.2	30.0	5.5	31.0	4.7	153.0	4.5	5	0.0
05/30/2006 23:05	17.0	2.1	29.0	3.7	32.0	4.6	29.0	5.0	27.0	4.5	134.0	4.0	5	0.0
05/30/2006 23:10	17.0	2.0	29.0	3.7	31.0	4.8	27.0	4.9	32.0	5.3	136.0	4.1	5	0.0
05/30/2006 23:15	19.0	2.3	32.0	4.1	32.0	4.6	29.0	5.2	29.0	4.4	141.0	4.1	5	0.0
05/30/2006 23:20	21.0	2.3	28.0	3.5	31.0	4.6	33.0	5.3	26.0	4.6	139.0	4.1	5	0.0
05/30/2006 23:25	16.0	2.0	29.0	3.8	27.0	4.0	24.0	4.5	25.0	4.0	121.0	3.6	5	0.0
05/30/2006 23:30	15.0	1.8	30.0	3.6	27.0	4.1	26.0	4.7	21.0	3.4	119.0	3.5	5	0.0
05/30/2006 23:35	16.0	1.9	27.0	3.5	30.0	4.3	28.0	4.9	20.0	3.6	121.0	3.6	5	0.0
05/30/2006 23:40	16.0	1.9	28.0	3.4	23.0	3.7	25.0	4.2	23.0	3.7	115.0	3.3	5	0.0
05/30/2006 23:45	15.0	1.6	25.0	3.2	26.0	3.9	26.0	4.7	23.0	3.9	115.0	3.5	5	0.0
05/30/2006 23:50	15.0	1.8	30.0	3.7	22.0	3.2	28.0	5.5	20.0	2.8	115.0	3.4	5	0.0
05/30/2006 23:55	12.0	1.4	23.0	2.7	23.0	3.0	23.0	3.9	22.0	3.4	103.0	2.9	5	0.0
05/31/2006 00:00	10.0	1.1	23.0	2.9	21.0	3.1	21.0	3.7	19.0	3.8	94.0	2.9	5	0.0
05/31/2006 00:05	13.0	1.4	23.0	3.1	23.0	3.2	19.0	3.8	19.0	3.3	97.0	3.0	5	0.0
05/31/2006 00:10	8.0	1.1	22.0	2.7	21.0	2.8	21.0	3.3	17.0	2.7	89.0	2.5	5	0.0
05/31/2006 00:15	10.0	1.0	23.0	2.8	23.0	3.3	21.0	3.3	16.0	2.3	93.0	2.5	5	0.0
05/31/2006 00:20	12.0	1.3	19.0	2.4	18.0	2.6	20.0	4.5	14.0	2.5	83.0	2.7	5	0.0
05/31/2006 00:25	6.0	0.6	19.0	2.1	17.0	2.4	16.0	3.0	13.0	3.1	71.0	2.3	5	0.0
05/31/2006 00:30	8.0	0.8	18.0	2.4	16.0	2.6	17.0	3.7	12.0	2.9	71.0	2.5	5	0.0
05/31/2006 00:35	7.0	0.8	17.0	2.1	15.0	1.7	16.0	3.4	13.0	2.7	68.0	2.1	5	0.0
05/31/2006 00:40	8.0	0.9	15.0	1.9	15.0	2.3	13.0	3.0	15.0	3.2	66.0	2.3	5	0.0
05/31/2006 00:45	7.0	0.8	17.0	1.9	13.0	1.9	16.0	3.4	14.0	2.8	67.0	2.2	5	0.0
05/31/2006 00:50	5.0	0.9	14.0	1.7	13.0	1.9	14.0	3.3	13.0	2.1	59.0	2.0	5	0.0
05/31/2006 00:55	3.0	0.3	13.0	1.7	12.0	2.0	11.0	2.1	9.0	1.7	48.0	1.6	5	0.0
05/31/2006 01:00	4.0	0.4	11.0	1.3	10.0	1.6	12.0	2.0	10.0	2.1	47.0	1.5	5	0.0
05/31/2006 01:05	2.0	0.2	11.0	1.1	11.0	1.4	16.0	2.2	9.0	1.2	49.0	1.2	5	0.0
05/31/2006 01:10	2.0	0.2	13.0	1.5	10.0	1.6	12.0	1.9	7.0	1.0	44.0	1.2	5	0.0
05/31/2006 01:15	3.0	0.3	11.0	1.5	12.0	1.6	10.0	1.9	7.0	1.0	43.0	1.3	5	0.0
05/31/2006 01:20	4.0	0.4	11.0	1.2	11.0	1.6	12.0	2.4	7.0	1.1	45.0	1.3	5	0.0
05/31/2006 01:25	2.0	0.2	11.0	1.2	9.0	1.0	8.0	1.3	6.0	1.1	36.0	1.0	5	0.0
05/31/2006 01:30	4.0	0.4	8.0	0.8	10.0	1.2	14.0	2.4	8.0	1.2	44.0	1.2	5	0.0
05/31/2006 01:35	1.0	0.1	7.0	0.7	11.0	1.2	13.0	2.0	9.0	1.7	41.0	1.2	5	0.0
05/31/2006 01:40	4.0	0.4	10.0	1.3	11.0	1.2	12.0	2.3	11.0	2.3	48.0	1.5	5	0.0
05/31/2006 01:45	1.0	0.1	10.0	1.0	10.0	1.4	10.0	1.9	7.0	1.2	38.0	1.1	5	0.0
05/31/2006 01:50	2.0	0.3	7.0	0.9	9.0	1.2	9.0	2.1	8.0	1.3	35.0	1.2	5	0.0
05/31/2006 01:55	4.0	0.4	11.0	1.2	10.0	1.2	13.0	2.6	14.0	2.9	52.0	1.7	5	0.0
05/31/2006 02:00	2.0	0.2	7.0	0.7	10.0	1.4	10.0	2.0	8.0	1.5	37.0	1.2	5	0.0
05/31/2006 02:05	2.0	0.2	7.0	1.0	9.0	1.2	12.0	2.7	9.0	2.2	39.0	1.5	5	0.0
05/31/2006 02:10	6.0	0.6	9.0	1.0	9.0	1.1	12.0	2.6	9.0	1.9	45.0	1.4	5	0.0
05/31/2006 02:15	3.0	0.3	12.0	1.4	9.0	1.2	10.0	2.0	7.0	1.2	41.0	1.2	5	0.0
05/31/2006 02:20	8.0	0.8	6.0	0.7	10.0	1.6	9.0	2.2	7.0	1.4	40.0	1.3	5	0.0
05/31/2006 02:25	0.0	0.0	5.0	0.5	8.0	0.8	11.0	3.0	6.0	1.1	30.0	1.1	5	0.0
05/31/2006 02:30	4.0	0.4	10.0	1.2	5.0	0.5	10.0	2.0	8.0	1.0	37.0	1.0	5	0.0
05/31/2006 02:35	2.0	0.2	5.0	0.5	9.0	1.1	9.0	2.4	8.0	1.0	33.0	1.0	5	0.0
05/31/2006 02:40	1.0	0.1	7.0	0.8	10.0	1.5	6.0	1.8	5.0	0.8	29.0	1.0	5	0.0
05/31/2006 02:45	0.0	0.0	6.0	0.7	7.0	0.9	8.0	1.7	8.0	1.6	29.0	1.0	5	0.0
05/31/2006 02:50	1.0	0.1	6.0	0.7	6.0	0.9	6.0	1.4	9.0	1.4	28.0	0.9	5	0.0
05/31/2006 02:55	0.0	0.0	7.0	0.7	6.0	0.9	9.0	1.5	8.0	2.4	30.0	1.1	5	0.0
05/31/2006 03:00	2.0	0.2	5.0	0.6	4.0	1.2	10.0	2.2	7.0	1.7	28.0	1.2	5	0.0
05/31/2006 03:05	0.0	0.0	7.0	0.6	10.0	1.1	9.0	1.9	8.0	1.5	34.0	1.0	5	0.0
05/31/2006 03:10	0.0	0.0	4.0	0.4	8.0	1.3	9.0	1.9	5.0	0.9	26.0	0.9	5	0.0
05/31/2006 03:15	3.0	0.3	4.0	0.4	4.0	0.5	10.0	2.9	7.0	2.2	28.0	1.2	5	0.0
05/31/2006 03:20	1.0	0.1	0.0	0.0	0.0	0.0	11.0	3.6	9.0	2.3	21.0	1.2	5	0.0
05/31/2006 03:25	0.0	0.0	0.0	0.0	0.0	0.0	15.0	3.5	10.0	5.0	25.0	1.7	5	0.0
05/31/2006 03:30	0.0	0.0	0.0	0.0	0.0	0.0	15.0	3.5	10.0	5.0	25.0	1.7	5	0.0
05/31/2006 03:35	0.0	0.0	0.0	0.0	0.0	0.0	15.0	3.5	10.0	5.0	25.0	1.7	5	0.0
05/31/2006 03:40	0.0	0.0	10.0	1.0	2.0	0.2	10.0	2.1	10.0	4.1	32.0	1.5	5	0.0
05/31/2006 03:45	0.0	0.0	10.0	1.0	10.0	1.0	10.0	2.1	6.0	1.2	36.0	1.1	5	0.0
05/31/2006 03:50	3.0	0.3	4.0	0.5	8.0	1.0	12.0	2.3	9.0	2.1	36.0	1.3	5	0.0
05/31/2006 03:55	5.0	0.5	5.0	0.5	7.0	1.4	12.0	2.6	8.0	2.1	37.0	1.4	5	0.0
05/31/2006 04:00	2.0	0.2	5.0	0.7	8.0	1.0	7.0	2.3	9.0	1.8	31.0	1.2	5	0.0
05/31/2006 04:05	1.0	0.1	5.0	0.7	9.0	1.8	11.0	2.6	8.0	1.7	34.0	1.4	5	0.0
05/31/2006 04:10	0.0	0.0	6.0	0.6	6.0	0.7	7.0	2.2	9.0	2.6	28.0	1.2	5	0.0
05/31/2006 04:15	0.0	0.0	7.0	0.9	11.0	1.4	11.0	3.6	11.0	2.0	40.0	1.6	5	0.0
05/31/2006 04:20	1.0	0.1	8.0	0.8	6.0	0.9	13.0	3.1	10.0	1.9	38.0	1.4	5	0.0
05/31/2006 04:25	6.0	0.6	7.0	0.9	11.0	2.3	12.0	3.7	13.0	2.7	49.0	2.0	5	0.0
05/31/2006 04:30	4.0	0.4	6.0	0.6	12.0	2.0	15.0	3.4	12.0	2.2	49.0	1.7	5	0.0
05/31/2006 04:35	5.0	0.5	9.0	0.9	10.0	2.4	10.0	2.5	11.0	2.8	45.0	1.8	5	0.0
05/31/2006 04:40	0.0	0.0	12.0	1.3	11.0	2.2	13.0	4.4	15.0	4.0	51.0	2.4	5	0.0
05/31/2006 04:45	0.0	0.0	11.0	1.3	10.0	1.9	15.0	4.1	13.0	2.8	49.0	2.0	5	0.0
05/31/2006 04:50	0.0	0.0	11.0	1.2	13.0	2.3	16.0	4.6	11.0	2.7	51.0	2.2	5	0.0
05/31/2006 04:55	1.0	0.1	10.0	1.3	13.0	2.1	17.0	3.1	11.0	2.3	52.0	1.8	5	0.0
05/31/2006 05:00	3.0	0.3	9.0	1.0	14.0	2.2	14.0	4.1	16.0	3.4	56.0	2.2	5	0.0
05/31/2006 05:05	0.0	0.0	11.0	1.3	16.0	3.1	14.0	4.1	18.0	3.3	59.0	2.4	5	0.0
05/31/2006 05:10	0.0	0.0	14.0	1.8	13.0	1.9	17.0	4.2	13.0	3.6	57.0	2.3	5	0.0
05/31/2006 05:15	2.0	0.2	11.0	1.3	17.0	3.4	15.0	3.7	14.0	2.7	59.0	2.3	5	0.0
05/31/2006 05:20	0.0	0.0	18.0	2.2	23.0	3.8	21.0	5.5	19.0	3.0	81.0	2.9	5	0.0
05/31/2006 05:25	2.0	0.2	21.0	2.1	23.0	3.8	21.0	4.6	20.0	4.3	87.0	3.0	5	0.0
05/31/2006 05:30	1.0	0.1	30.0	3.9	29.0	5.3	24.0	6.3	23.0	4.8	107.0	4.1	5	0.0
05/31/2006 05:35	0.0	0.0	20.0	2.7	26.0	4.2	26.0	5.8	24.0	4.5	96.0	3.4	5	0.0
05/31/2006 05:40	2.0	0.2	33.0	4.2	30.0	5.5	28.0	7.0	23.0	4.5	116.0	4.3	5	0.0
05/31/2006 05:45	4.0	0.4	34.0	4.2	36.0	5.9	32.0	6.6	27.0	5.1	133.0	4.4	5	0.0
05/31/2006 05:50	4.0	0.4	38.0	4.7	34.0	5.6	32.0	6.4	32.0	5.4	140.0	4.5	5	0.0
05/31/2006 05:55	3.0	0.3	30.0	3.6	33.0	5.6	28.0	7.1	29.0	5.5	123.0	4.4	5	0.0
05/31/2006 06:00	4.0	0.4	38.0	4.7	32.0	5.3	28.0	5.8	29.0	5.3	131.0	4.3	5	0.0
05/31/2006 06:05	3.0	0.7	34.0	4.3	38.0	5.5	32.0	6.5	30.0	6.0	137.0	4.6	5	0.0
05/31/2006 06:10	5.0	0.5	40.0	5.2	42.0	6.3	38.0	7.7	31.0	5.8	156.0	5.1	5	0.0
05/31/2006 06:15	9.0	1.2	51.0	6.5	47.0	7.2	40.0	7.6	32.0	6.1	179.0	5.7	5	0.0
05/31/2006 06:20	7.0	0.8	43.0	5.4	49.0	7.2	39.0	8.3	30.0	6.1	168.0	5.6	5	0.0
05/31/2006 06:25	10.0	1.0	45.0	5.7	43.0	7.1	44.0	8.3	39.0	6.8	181.0	5.8	5	0.0
05/31/2006 06:30	9.0	1.1	55.0	7.2	54.0	8.4	45.0	9.5	44.0	7.8	207.0	6.8	5	0.0
05/31/2006 06:35	5.0	0.8	55.0	7.2	45.0	7.7	48.0	9.8	42.0	8.8	195.0	6.9	5	0.0
05/31/2006 06:40	8.0	0.9	63.0	8.1	56.0	9.2	49.0	10.3	49.0	9.0	225.0	7.5	5	0.0
05/31/2006 06:45	8.0	1.0	62.0	8.0	52.0	8.7	48.0	9.7	43.0	7.8	213.0	7.0	5	0.0
05/31/2006 06:50	11.0	1.3	60.0	8.1	54.0	8.9	54.0	10.2	53.0	9.1	232.0	7.5	5	0.0
05/31/2006 06:55	12.0	1.6	60.0	7.9	52.0	8.6	52.0	9.4	53.0	8.9	229.0	7.3	5	0.0
05/31/2006 07:00	7.0	0.8	67.0	9.2	55.0	9.6	54.0	9.9	57.0	10.1	240.0	7.9	5	0.0
05/31/2006 07:05	9.0	1.0	67.0	9.3	55.0	8.9	52.0	10.2	51.0	9.0	234.0	7.7	5	0.0
05/31/2006 07:10	12.0	2.3	73.0	10.1	60.0	9.6	54.0	10.1	55.0	10.1	254.0	8.4	5	0.0
05/31/2006 07:15	13.0	1.6	77.0	11.1	64.0	10.4	67.0	13.4	56.0	11.4	277.0	9.6	5	0.0
05/31/2006 07:20	16.0	2.0	82.0	11.7	68.0	12.3	67.0	12.9	63.0	10.9	296.0	10.0	5	0.0
05/31/2006 07:25	14.0	1.6	86.0	12.2	69.0	11.2	64.0	11.8	66.0	12.4	299.0	9.8	5	0.0
05/31/2006 07:30	13.0	1.7	92.0	12.5	68.0	11.5	66.0	13.8	67.0	11.7	306.0	10.2	5	0.0
05/31/2006 07:35	16.0	1.8	91.0	12.7	74.0	12.8	66.0	13.0	70.0	12.5	317.0	10.6	5	0.0
05/31/2006 07:40	14.0	2.2	89.0	13.2	72.0	12.7	69.0	13.5	69.0	12.7	313.0	10.9	5	0.0
05/31/2006 07:45	12.0	1.6	95.0	13.8	73.0	12.8	69.0	13.7	81.0	16.4	330.0	11.7	5	0.0
05/31/2006 07:50	15.0	2.2	91.0	12.8	70.0	12.7	72.0	13.0	76.0	14.5	324.0	11.0	5	0.0
05/31/2006 07:55	13.0	1.8	78.0	10.8	67.0	11.6	67.0	13.1	70.0	13.4	295.0	10.1	5	0.0
05/31/2006 08:00	14.0	2.0	73.0	10.0	64.0	11.1	58.0	10.9	69.0	11.8	278.0	9.2	5	0.0
05/31/2006 08:05	16.0	2.1	90.0	13.2	66.0	12.3	69.0	13.8	74.0	14.2	315.0	11.1	5	0.0
05/31/2006 08:10	6.0	1.4	1.0	1.1	1.0	1.7	1.0	3.1	1.0	2.8	10.0	2.0	5	0.0
05/31/2006 08:15	16.0	2.2	91.0	13.7	68.0	13.7	63.0	14.5	78.0	14.3	316.0	11.7	5	0.0
05/31/2006 08:20	16.0	2.5	81.0	11.3	64.0	11.2	61.0	11.6	73.0	14.5	295.0	10.2	5	0.0
05/31/2006 08:25	13.0	1.8	85.0	12.4	64.0	12.4	70.0	14.2	81.0	15.9	313.0	11.3	5	0.0
05/31/2006 08:30	14.0	2.1	82.0	12.4	69.0	12.7	67.0	13.6	74.0	14.1	306.0	11.0	5	0.0
05/31/2006 08:35	14.0	2.1	83.0	12.3	66.0	13.3	64.0	12.6	77.0	14.9	304.0	11.0	5	0.0
05/31/2006 08:40	16.0	2.1	86.0	12.6	71.0	12.8	68.0	14.2	75.0	14.1	316.0	11.2	5	0.0
05/31/2006 08:45	13.0	1.7	83.0	12.7	62.0	13.1	64.0	12.3	74.0	15.0	296.0	11.0	5	0.0
05/31/2006 08:50	10.0	1.8	82.0	11.7	63.0	12.3	64.0	12.8	75.0	14.2	294.0	10.6	5	0.0
05/31/2006 08:55	12.0	1.6	82.0	11.7	64.0	11.5	67.0	13.5	82.0	15.2	307.0	10.7	5	0.0
05/31/2006 09:00	8.0	1.0	77.0	10.9	64.0	11.1	64.0	12.8	70.0	12.7	283.0	9.7	5	0.0
05/31/2006 09:05	9.0	1.5	65.0	9.4	49.0	10.0	55.0	10.8	58.0	11.6	236.0	8.7	5	0.0
05/31/2006 09:10	9.0	1.4	82.0	11.9	62.0	12.4	61.0	12.5	67.0	12.1	281.0	10.1	5	0.0
05/31/2006 09:15	17.0	2.2	84.0	14.2	67.0	14.8	64.0	14.9	76.0	15.5	308.0	12.3	5	0.0
05/31/2006 09:20	19.0	2.4	72.0	10.4	54.0	10.5	60.0	13.7	68.0	13.3	273.0	10.1	5	0.0
05/31/2006 09:25	12.0	1.4	77.0	11.2	60.0	10.8	65.0	13.0	70.0	13.9	284.0	10.1	5	0.0
05/31/2006 09:30	16.0	2.1	78.0	11.4	61.0	12.1	59.0	13.3	72.0	14.3	286.0	10.6	5	0.0
05/31/2006 09:35	14.0	1.8	74.0	10.9	58.0	11.3	55.0	12.7	65.0	12.4	266.0	9.8	5	0.0
05/31/2006 09:40	17.0	2.5	77.0	10.9	60.0	11.6	63.0	12.9	72.0	14.3	289.0	10.4	5	0.0
05/31/2006 09:45	22.0	2.8	75.0	11.4	60.0	13.2	63.0	13.2	76.0	15.0	296.0	11.1	5	0.0
05/31/2006 09:50	16.0	2.2	80.0	11.9	59.0	12.4	63.0	13.7	63.0	12.5	281.0	10.5	5	0.0
05/31/2006 09:55	20.0	2.6	68.0	10.1	55.0	10.8	62.0	12.0	74.0	14.4	279.0	10.0	5	0.0
05/31/2006 10:00	38.0	4.6	71.0	10.0	60.0	12.2	58.0	12.4	70.0	14.0	297.0	10.6	5	0.0
05/31/2006 10:05	32.0	4.1	60.0	8.1	59.0	11.4	58.0	12.1	67.0	12.6	276.0	9.6	5	0.0
05/31/2006 10:10	38.0	5.1	60.0	8.6	50.0	9.4	58.0	12.0	63.0	12.4	269.0	9.5	5	0.0
05/31/2006 10:15	39.0	4.9	57.0	8.1	54.0	9.9	55.0	11.6	62.0	13.2	267.0	9.5	5	0.0
05/31/2006 10:20	34.0	4.4	53.0	7.3	47.0	9.1	58.0	11.5	62.0	11.8	254.0	8.8	5	0.0
05/31/2006 10:25	43.0	6.0	61.0	8.9	46.0	10.0	53.0	11.7	56.0	11.1	259.0	9.5	5	0.0
05/31/2006 10:30	46.0	6.5	61.0	9.1	45.0	9.3	52.0	11.2	52.0	10.3	256.0	9.3	5	0.0
05/31/2006 10:35	37.0	4.8	57.0	8.5	55.0	12.2	60.0	13.0	65.0	13.8	274.0	10.5	5	0.0
05/31/2006 10:40	37.0	4.9	62.0	8.6	54.0	12.7	52.0	13.8	62.0	12.5	267.0	10.5	5	0.0
05/31/2006 10:45	33.0	4.3	58.0	8.1	48.0	10.1	55.0	12.0	58.0	11.9	252.0	9.3	5	0.0
05/31/2006 10:50	40.0	5.3	52.0	7.4	55.0	10.8	49.0	10.1	53.0	11.5	249.0	9.0	5	0.0
05/31/2006 10:55	31.0	4.0	61.0	8.3	52.0	9.8	52.0	11.8	52.0	11.9	248.0	9.2	5	0.0
05/31/2006 11:00	33.0	4.0	60.0	8.0	50.0	9.4	48.0	11.8	63.0	12.2	254.0	9.1	5	0.0
05/31/2006 11:05	33.0	3.8	53.0	7.1	47.0	9.2	59.0	13.8	61.0	11.5	253.0	9.1	5	0.0
05/31/2006 11:10	36.0	4.8	58.0	8.2	50.0	10.6	61.0	11.0	61.0	11.4	266.0	9.2	5	0.0
05/31/2006 11:15	29.0	3.6	58.0	8.0	54.0	10.2	58.0	11.9	65.0	12.0	264.0	9.1	5	0.0
05/31/2006 11:20	36.0	4.9	57.0	7.5	55.0	10.3	59.0	12.6	69.0	12.0	276.0	9.5	5	0.0
05/31/2006 11:25	40.0	5.4	60.0	9.0	57.0	12.1	59.0	12.3	67.0	12.8	283.0	10.3	5	0.0
05/31/2006 11:30	38.0	4.9	68.0	10.0	53.0	11.5	54.0	13.0	65.0	13.7	278.0	10.6	5	0.0
05/31/2006 11:35	44.0	5.8	65.0	8.9	57.0	12.7	56.0	12.5	64.0	12.0	286.0	10.4	5	0.0
05/31/2006 11:40	37.0	4.8	61.0	8.5	54.0	11.2	59.0	13.2	69.0	13.8	280.0	10.3	5	0.0
05/31/2006 11:45	44.0	5.7	68.0	9.7	59.0	12.5	65.0	14.6	68.0	13.5	304.0	11.2	5	0.0
05/31/2006 11:50	48.0	6.1	66.0	9.5	54.0	14.1	64.0	13.1	71.0	15.2	303.0	11.6	5	0.0
05/31/2006 11:55	48.0	6.6	65.0	9.6	59.0	12.9	60.0	14.8	74.0	15.4	306.0	11.9	5	0.0
05/31/2006 12:00	45.0	6.1	62.0	8.4	56.0	11.7	61.0	13.5	63.0	11.6	287.0	10.3	5	0.0
05/31/2006 12:05	50.0	6.9	63.0	8.8	57.0	12.0	63.0	14.0	72.0	14.7	305.0	11.3	5	0.0
05/31/2006 12:10	50.0	6.8	63.0	9.1	58.0	12.5	65.0	13.9	81.0	16.5	317.0	11.8	5	0.0
05/31/2006 12:15	49.0	6.7	68.0	9.9	56.0	12.3	63.0	13.4	76.0	14.4	312.0	11.3	5	0.0
05/31/2006 12:20	54.0	7.5	68.0	9.7	59.0	12.8	68.0	14.1	78.0	15.7	327.0	12.0	5	0.0
05/31/2006 12:25	43.0	5.8	67.0	9.6	56.0	10.7	59.0	13.1	71.0	12.4	296.0	10.3	5	0.0
05/31/2006 12:30	41.0	6.2	62.0	8.7	58.0	11.8	63.0	13.3	74.0	14.1	298.0	10.8	5	0.0
05/31/2006 12:35	51.0	7.1	61.0	8.8	58.0	11.5	63.0	12.4	71.0	13.2	304.0	10.6	5	0.0
05/31/2006 12:40	49.0	6.5	66.0	9.0	58.0	10.8	61.0	13.1	68.0	12.8	302.0	10.4	5	0.0
05/31/2006 12:45	49.0	6.4	63.0	8.9	55.0	10.7	65.0	13.7	71.0	12.8	303.0	10.5	5	0.0
05/31/2006 12:50	48.0	6.4	67.0	9.4	57.0	11.9	66.0	11.5	71.0	12.9	309.0	10.4	5	0.0
05/31/2006 12:55	47.0	6.3	66.0	9.2	58.0	11.7	60.0	12.9	72.0	13.2	303.0	10.7	5	0.0
05/31/2006 13:00	50.0	6.4	62.0	8.8	64.0	11.4	60.0	11.9	69.0	12.1	305.0	10.1	5	0.0
05/31/2006 13:05	52.0	6.8	67.0	9.4	62.0	12.3	58.0	12.3	64.0	12.3	303.0	10.6	5	0.0
05/31/2006 13:10	52.0	6.9	58.0	8.1	63.0	11.4	65.0	13.7	67.0	12.4	305.0	10.5	5	0.0
05/31/2006 13:15	56.0	8.0	68.0	10.3	61.0	12.0	67.0	13.0	70.0	13.4	322.0	11.3	5	0.0
05/31/2006 13:20	46.0	6.0	64.0	9.0	58.0	10.5	54.0	11.4	59.0	11.2	281.0	9.6	5	0.0
05/31/2006 13:25	66.0	8.6	65.0	9.8	62.0	11.3	65.0	12.8	69.0	12.9	327.0	11.1	5	0.0
05/31/2006 13:30	55.0	7.4	68.0	9.7	59.0	11.1	60.0	12.3	70.0	12.6	312.0	10.6	5	0.0
05/31/2006 13:35	62.0	8.9	67.0	9.6	58.0	11.2	63.0	13.0	68.0	12.9	318.0	11.1	5	0.0
05/31/2006 13:40	54.0	7.4	62.0	8.8	63.0	11.1	62.0	13.1	72.0	12.8	313.0	10.6	5	0.0
05/31/2006 13:45	62.0	8.7	71.0	10.7	62.0	11.8	60.0	11.7	73.0	13.4	328.0	11.3	5	0.0
05/31/2006 13:50	50.0	6.6	61.0	8.5	52.0	10.2	57.0	11.2	66.0	12.6	286.0	9.8	5	0.0
05/31/2006 13:55	68.0	9.5	71.0	10.2	60.0	11.2	65.0	12.2	62.0	11.4	326.0	10.9	5	0.0
05/31/2006 14:00	72.0	9.9	60.0	9.2	60.0	11.2	57.0	11.6	58.0	10.6	307.0	10.5	5	0.0
05/31/2006 14:05	71.0	9.3	73.0	10.5	64.0	11.6	59.0	12.6	70.0	13.4	337.0	11.5	5	0.0
05/31/2006 14:10	63.0	8.7	69.0	9.9	66.0	11.7	65.0	11.8	67.0	13.1	330.0	11.0	5	0.0
05/31/2006 14:15	86.0	13.7	87.0	13.8	67.0	15.1	70.0	14.4	75.0	15.6	385.0	14.5	5	0.0
05/31/2006 14:20	88.0	13.7	82.0	13.7	69.0	14.1	68.0	13.6	74.0	15.3	381.0	14.1	5	0.0
05/31/2006 14:25	83.0	12.2	84.0	13.0	65.0	13.6	71.0	14.3	74.0	14.9	377.0	13.6	5	0.0
05/31/2006 14:30	76.0	10.8	83.0	12.7	71.0	14.3	67.0	12.9	71.0	13.2	368.0	12.8	5	0.0
05/31/2006 14:35	84.0	12.4	79.0	11.9	68.0	14.3	68.0	12.7	67.0	13.1	366.0	12.9	5	0.0
05/31/2006 14:40	81.0	11.9	79.0	12.2	71.0	13.7	70.0	12.4	71.0	13.9	372.0	12.8	5	0.0
05/31/2006 14:45	86.0	12.6	80.0	12.7	61.0	11.9	68.0	13.8	70.0	12.9	365.0	12.8	5	0.0
05/31/2006 14:50	73.0	11.0	77.0	12.1	64.0	13.3	66.0	13.4	74.0	13.8	354.0	12.7	5	0.0
05/31/2006 14:55	80.0	10.7	86.0	13.2	68.0	14.1	71.0	14.3	75.0	13.8	380.0	13.2	5	0.0
05/31/2006 15:00	47.0	7.0	85.0	14.8	68.0	15.7	71.0	15.9	71.0	15.0	342.0	13.7	5	0.0
05/31/2006 15:05	47.0	7.8	85.0	19.0	67.0	18.7	66.0	18.5	69.0	17.0	334.0	16.2	5	0.0
05/31/2006 15:10	50.0	9.3	79.0	19.3	66.0	19.1	66.0	16.3	66.0	15.5	327.0	15.9	5	0.0
05/31/2006 15:15	49.0	8.1	79.0	16.2	71.0	16.6	67.0	15.7	66.0	16.0	332.0	14.5	5	0.0
05/31/2006 15:20	49.0	9.7	81.0	18.4	70.0	17.7	67.0	16.3	69.0	17.1	336.0	15.8	5	0.0
05/31/2006 15:25	52.0	10.2	78.0	21.0	67.0	23.8	69.0	20.8	68.0	18.9	334.0	18.9	5	0.0
05/31/2006 15:30	50.0	8.2	78.0	18.8	63.0	18.0	69.0	19.0	69.0	16.9	329.0	16.2	5	0.0
05/31/2006 15:35	45.0	7.8	74.0	21.9	64.0	21.5	65.0	17.9	66.0	17.7	314.0	17.4	5	0.0
05/31/2006 15:40	56.0	10.3	74.0	18.6	67.0	18.0	69.0	17.1	68.0	17.1	334.0	16.2	5	0.0
05/31/2006 15:45	67.0	12.1	83.0	18.5	71.0	17.7	70.0	16.2	70.0	16.5	361.0	16.2	5	0.0
05/31/2006 15:50	61.0	11.2	82.0	17.9	67.0	17.6	69.0	16.8	68.0	16.5	347.0	16.0	5	0.0
05/31/2006 15:55	64.0	12.4	77.0	16.1	66.0	15.9	69.0	17.0	67.0	16.1	343.0	15.5	5	0.0
05/31/2006 16:00	60.0	10.8	82.0	17.2	67.0	17.2	75.0	16.0	68.0	16.6	352.0	15.6	5	0.0
05/31/2006 16:05	69.0	13.4	82.0	18.2	64.0	17.5	73.0	17.5	67.0	16.0	355.0	16.5	5	0.0
05/31/2006 16:10	64.0	13.8	81.0	21.3	65.0	20.8	74.0	20.2	68.0	17.5	352.0	18.7	5	0.0
05/31/2006 16:15	69.0	14.5	79.0	20.3	65.0	19.9	73.0	18.6	69.0	17.4	355.0	18.1	5	0.0
05/31/2006 16:20	62.0	13.2	71.0	22.9	62.0	21.3	67.0	21.4	72.0	18.6	334.0	19.5	5	0.0
05/31/2006 16:25	65.0	13.7	73.0	18.2	69.0	19.7	72.0	19.7	68.0	18.4	347.0	17.9	5	0.0
05/31/2006 16:30	64.0	13.8	65.0	24.3	61.0	24.1	65.0	21.9	68.0	20.1	323.0	20.8	5	0.0
05/31/2006 16:35	63.0	14.3	66.0	22.9	64.0	24.2	65.0	22.6	65.0	19.5	323.0	20.7	5	0.0
05/31/2006 16:40	62.0	13.4	66.0	22.2	62.0	24.4	67.0	22.3	66.0	21.0	323.0	20.7	5	0.0
05/31/2006 16:45	63.0	12.9	62.0	17.3	61.0	17.4	63.0	15.9	59.0	14.9	308.0	15.7	5	0.0
05/31/2006 16:50	66.0	14.4	72.0	24.0	60.0	21.7	63.0	20.8	61.0	17.5	322.0	19.7	5	0.0
05/31/2006 16:55	68.0	14.8	74.0	18.1	65.0	18.7	71.0	17.3	70.0	18.0	348.0	17.4	5	0.0
05/31/2006 17:00	63.0	13.3	79.0	20.1	66.0	20.4	66.0	19.3	68.0	19.8	342.0	18.6	5	0.0
05/31/2006 17:05	68.0	15.5	67.0	25.4	63.0	25.5	67.0	20.4	67.0	21.0	332.0	21.6	5	0.0
05/31/2006 17:10	59.0	15.8	67.0	27.5	59.0	28.4	63.0	25.7	61.0	28.3	309.0	25.1	5	0.0
05/31/2006 17:15	66.0	13.4	71.0	22.0	63.0	23.6	72.0	19.8	68.0	21.9	340.0	20.1	5	0.0
05/31/2006 17:20	66.0	16.0	58.0	28.2	55.0	27.7	62.0	24.8	64.0	26.3	305.0	24.6	5	0.0
05/31/2006 17:25	64.0	17.1	64.0	26.0	63.0	25.8	62.0	25.6	63.0	25.4	316.0	24.0	5	0.0
05/31/2006 17:30	63.0	15.7	64.0	25.3	56.0	26.4	61.0	21.1	64.0	24.5	308.0	22.6	5	0.0
05/31/2006 17:35	56.0	12.7	67.0	25.1	62.0	25.2	68.0	23.5	72.0	19.1	325.0	21.1	5	0.0
05/31/2006 17:40	64.0	15.6	51.0	27.8	50.0	32.5	52.0	31.4	58.0	30.6	275.0	27.6	5	0.0
05/31/2006 17:45	69.0	19.3	64.0	26.1	61.0	26.7	68.0	24.4	64.0	20.7	326.0	23.4	5	0.0
05/31/2006 17:50	68.0	17.9	65.0	26.1	56.0	25.5	64.0	25.0	69.0	22.5	322.0	23.4	5	0.0
05/31/2006 17:55	65.0	16.6	66.0	26.8	59.0	26.0	63.0	23.2	68.0	23.1	321.0	23.1	5	0.0
05/31/2006 18:00	70.0	18.0	69.0	21.7	62.0	23.6	63.0	21.3	64.0	24.0	328.0	21.7	5	0.0
05/31/2006 18:05	62.0	13.6	63.0	25.0	54.0	26.1	59.0	24.0	61.0	20.4	299.0	21.8	5	0.0
05/31/2006 18:10	64.0	15.2	70.0	23.3	63.0	23.2	63.0	21.0	68.0	24.6	328.0	21.5	5	0.0
05/31/2006 18:15	67.0	14.8	75.0	18.8	68.0	18.7	70.0	18.8	65.0	16.9	345.0	17.6	5	0.0
05/31/2006 18:20	69.0	14.9	69.0	19.6	66.0	20.9	69.0	19.8	69.0	19.4	342.0	18.9	5	0.0
05/31/2006 18:25	63.0	14.9	67.0	19.3	63.0	19.3	70.0	17.1	69.0	18.5	332.0	17.8	5	0.0
05/31/2006 18:30	61.0	12.8	78.0	16.9	70.0	18.2	69.0	16.3	68.0	16.6	346.0	16.2	5	0.0
05/31/2006 18:35	57.0	13.0	81.0	17.2	67.0	17.7	70.0	17.1	68.0	17.3	343.0	16.5	5	0.0
05/31/2006 18:40	57.0	10.8	70.0	20.0	64.0	20.1	66.0	19.2	64.0	18.9	321.0	17.8	5	0.0
05/31/2006 18:45	54.0	11.0	74.0	21.6	65.0	18.9	67.0	17.7	70.0	18.0	330.0	17.4	5	0.0
05/31/2006 18:50	50.0	9.1	71.0	16.0	61.0	15.7	69.0	16.0	67.0	15.8	318.0	14.5	5	0.0
05/31/2006 18:55	55.0	8.9	82.0	16.8	66.0	15.3	72.0	16.0	69.0	16.4	344.0	14.7	5	0.0
05/31/2006 19:00	77.0	15.6	68.0	15.4	66.0	15.4	62.0	13.4	66.0	13.9	339.0	14.7	5	0.0
05/31/2006 19:05	72.0	10.6	72.0	11.1	66.0	12.5	63.0	12.6	66.0	12.8	339.0	11.9	5	0.0
05/31/2006 19:10	61.0	8.2	71.0	10.4	68.0	10.8	65.0	11.7	68.0	12.5	333.0	10.7	5	0.0
05/31/2006 19:15	57.0	7.9	63.0	8.9	64.0	9.9	57.0	9.1	56.0	9.1	297.0	9.0	5	0.0
05/31/2006 19:20	64.0	8.6	63.0	8.9	62.0	9.9	57.0	9.6	63.0	10.1	309.0	9.4	5	0.0
05/31/2006 19:25	55.0	7.4	59.0	8.0	58.0	9.2	59.0	10.0	61.0	9.8	292.0	8.9	5	0.0
05/31/2006 19:30	53.0	7.3	58.0	7.6	60.0	8.8	57.0	9.4	61.0	10.0	289.0	8.6	5	0.0
05/31/2006 19:35	55.0	6.9	59.0	7.7	62.0	9.1	60.0	9.5	61.0	9.4	297.0	8.5	5	0.0
05/31/2006 19:40	56.0	7.3	65.0	9.0	58.0	9.0	62.0	10.4	63.0	10.5	304.0	9.2	5	0.0
05/31/2006 19:45	50.0	6.8	58.0	7.8	51.0	7.9	49.0	8.4	58.0	8.9	266.0	8.0	5	0.0
05/31/2006 19:50	50.0	6.5	60.0	7.9	54.0	8.3	55.0	8.8	51.0	7.6	270.0	7.8	5	0.0
05/31/2006 19:55	50.0	6.3	57.0	7.6	55.0	7.6	57.0	9.2	51.0	8.4	270.0	7.8	5	0.0
05/31/2006 20:00	48.0	6.1	52.0	6.9	53.0	7.4	53.0	9.0	51.0	7.5	257.0	7.4	5	0.0
05/31/2006 20:05	48.0	6.2	54.0	7.3	50.0	8.5	53.0	8.1	52.0	8.0	257.0	7.6	5	0.0
05/31/2006 20:10	46.0	6.0	57.0	7.8	53.0	7.9	51.0	8.0	52.0	7.9	259.0	7.5	5	0.0
05/31/2006 20:15	48.0	6.7	51.0	6.9	56.0	8.4	53.0	8.4	48.0	7.9	256.0	7.7	5	0.0
05/31/2006 20:20	46.0	6.3	55.0	7.6	56.0	8.3	57.0	9.3	53.0	8.7	267.0	8.0	5	0.0
05/31/2006 20:25	55.0	7.2	56.0	7.6	53.0	8.7	53.0	8.5	50.0	7.8	267.0	8.0	5	0.0
05/31/2006 20:30	42.0	5.1	53.0	7.2	52.0	7.7	50.0	8.2	51.0	7.9	248.0	7.2	5	0.0
05/31/2006 20:35	47.0	6.1	52.0	7.1	50.0	7.2	54.0	8.4	54.0	8.7	257.0	7.5	5	0.0
05/31/2006 20:40	40.0	5.1	56.0	7.4	51.0	7.8	54.0	8.9	51.0	7.8	252.0	7.4	5	0.0
05/31/2006 20:45	38.0	5.1	49.0	7.0	50.0	7.7	51.0	8.4	49.0	8.2	237.0	7.3	5	0.0
05/31/2006 20:50	41.0	5.3	50.0	6.6	51.0	7.5	49.0	8.0	44.0	7.4	235.0	7.0	5	0.0
05/31/2006 20:55	36.0	4.8	46.0	6.1	41.0	5.8	47.0	7.0	43.0	6.7	213.0	6.1	5	0.0
05/31/2006 21:00	39.0	5.2	52.0	7.3	50.0	7.9	50.0	7.6	43.0	7.1	234.0	7.0	5	0.0
05/31/2006 21:05	34.0	4.0	49.0	6.5	49.0	7.4	49.0	8.2	51.0	8.5	232.0	6.9	5	0.0
05/31/2006 21:10	35.0	4.5	50.0	6.8	50.0	8.1	51.0	8.1	44.0	7.5	230.0	7.0	5	0.0
05/31/2006 21:15	40.0	5.4	50.0	6.6	46.0	7.0	55.0	9.5	50.0	9.4	241.0	7.6	5	0.0
05/31/2006 21:20	42.0	5.5	49.0	6.4	50.0	8.4	49.0	7.9	49.0	7.5	239.0	7.1	5	0.0
05/31/2006 21:25	35.0	4.4	52.0	6.9	53.0	7.9	51.0	8.9	50.0	8.9	241.0	7.4	5	0.0
05/31/2006 21:30	41.0	5.3	52.0	7.2	51.0	7.7	51.0	8.2	51.0	8.1	246.0	7.3	5	0.0
05/31/2006 21:35	41.0	5.2	49.0	6.7	53.0	7.7	50.0	8.7	48.0	7.9	241.0	7.2	5	0.0
05/31/2006 21:40	45.0	6.0	52.0	7.0	51.0	8.2	51.0	8.9	48.0	7.9	247.0	7.6	5	0.0
05/31/2006 21:45	44.0	6.0	53.0	7.1	52.0	8.4	53.0	8.8	50.0	8.6	252.0	7.8	5	0.0
05/31/2006 21:50	40.0	5.2	47.0	6.3	46.0	6.9	50.0	7.9	45.0	7.5	228.0	6.8	5	0.0
05/31/2006 21:55	34.0	4.2	52.0	6.8	48.0	7.3	47.0	7.3	47.0	7.9	228.0	6.7	5	0.0
05/31/2006 22:00	37.0	4.6	49.0	6.5	45.0	7.0	47.0	7.6	41.0	6.1	219.0	6.4	5	0.0
05/31/2006 22:05	31.0	4.1	49.0	6.6	45.0	6.7	47.0	7.6	41.0	6.6	213.0	6.3	5	0.0
05/31/2006 22:10	36.0	4.6	47.0	6.4	43.0	6.5	43.0	7.2	39.0	6.4	208.0	6.2	5	0.0
05/31/2006 22:15	43.0	5.4	48.0	6.5	44.0	7.0	45.0	8.2	44.0	7.4	224.0	6.9	5	0.0
05/31/2006 22:20	34.0	4.6	45.0	6.1	44.0	6.4	43.0	7.2	40.0	7.0	206.0	6.3	5	0.0
05/31/2006 22:25	37.0	4.5	52.0	6.8	44.0	6.5	46.0	7.4	42.0	6.2	221.0	6.3	5	0.0
05/31/2006 22:30	33.0	4.2	45.0	5.8	41.0	6.5	43.0	6.6	40.0	7.1	202.0	6.1	5	0.0
05/31/2006 22:35	32.0	3.9	45.0	5.7	42.0	5.8	38.0	6.5	43.0	6.7	200.0	5.7	5	0.0
05/31/2006 22:40	25.0	2.8	39.0	5.1	36.0	5.4	37.0	7.0	35.0	5.5	172.0	5.2	5	0.0
05/31/2006 22:45	22.0	2.9	37.0	5.0	34.0	5.1	37.0	6.6	36.0	5.4	166.0	5.0	5	0.0
05/31/2006 22:50	22.0	2.8	41.0	5.2	35.0	5.3	38.0	6.4	33.0	5.4	169.0	5.0	5	0.0
05/31/2006 22:55	27.0	3.2	40.0	5.0	38.0	5.2	35.0	5.8	32.0	5.0	172.0	4.8	5	0.0
05/31/2006 23:00	19.0	2.2	35.0	4.3	37.0	5.0	32.0	5.6	27.0	4.5	150.0	4.3	5	0.0
05/31/2006 23:05	19.0	2.3	33.0	4.4	36.0	5.0	33.0	5.8	29.0	5.3	150.0	4.6	5	0.0
05/31/2006 23:10	16.0	2.1	30.0	3.6	30.0	4.4	27.0	4.6	27.0	4.0	130.0	3.7	5	0.0
05/31/2006 23:15	15.0	1.9	32.0	4.3	29.0	4.5	26.0	4.4	22.0	3.6	124.0	3.7	5	0.0
05/31/2006 23:20	19.0	2.5	30.0	3.7	30.0	3.9	24.0	4.2	24.0	3.9	127.0	3.6	5	0.0
05/31/2006 23:25	18.0	2.0	23.0	3.0	27.0	4.0	29.0	4.5	26.0	3.9	123.0	3.5	5	0.0
05/31/2006 23:30	17.0	1.8	29.0	3.7	30.0	4.1	25.0	4.8	21.0	3.6	122.0	3.6	5	0.0
05/31/2006 23:35	13.0	1.4	26.0	3.7	32.0	4.5	25.0	4.3	24.0	3.6	120.0	3.5	5	0.0
05/31/2006 23:40	12.0	1.4	30.0	3.6	29.0	4.2	25.0	4.3	21.0	3.4	117.0	3.4	5	0.0
05/31/2006 23:45	12.0	1.4	27.0	3.7	24.0	4.0	28.0	4.0	22.0	3.3	113.0	3.3	5	0.0
05/31/2006 23:50	16.0	1.9	23.0	2.7	24.0	3.9	24.0	4.6	21.0	3.3	108.0	3.3	5	0.0
05/31/2006 23:55	11.0	1.1	23.0	2.7	19.0	2.6	23.0	3.7	24.0	3.4	100.0	2.7	5	0.0
