5 Minutes	Lane 1 Flow (Veh/5 Minutes)	Lane 1 Occ (%)	Lane 2 Flow (Veh/5 Minutes)	Lane 2 Occ (%)	Lane 3 Flow (Veh/5 Minutes)	Lane 3 Occ (%)	Lane 4 Flow (Veh/5 Minutes)	Lane 4 Occ (%)	Lane 5 Flow (Veh/5 Minutes)	Lane 5 Occ (%)	Flow (Veh/5 Minutes)	Occupancy (%)	# Lane Points	% Observed
08/29/2006 00:00	7.0	0.8	13.0	1.5	11.0	1.5	11.0	2.2	11.0	1.9	53.0	1.6	5	100.0
08/29/2006 00:05	7.0	0.9	13.0	1.7	15.0	2.1	13.0	2.7	9.0	1.3	57.0	1.8	5	100.0
08/29/2006 00:10	11.0	1.2	14.0	1.7	13.0	1.8	11.0	1.9	11.0	2.2	60.0	1.8	5	100.0
08/29/2006 00:15	5.0	0.5	11.0	1.4	13.0	1.7	11.0	2.6	11.0	2.3	51.0	1.7	5	100.0
08/29/2006 00:20	5.0	0.5	9.0	1.2	13.0	1.7	12.0	1.9	9.0	1.3	48.0	1.3	5	100.0
08/29/2006 00:25	4.0	0.5	11.0	1.4	10.0	1.3	11.0	1.9	7.0	1.0	43.0	1.2	5	100.0
08/29/2006 00:30	3.0	0.4	12.0	1.4	10.0	1.5	13.0	2.5	9.0	1.9	47.0	1.5	5	100.0
08/29/2006 00:35	6.0	0.6	11.0	1.1	11.0	1.9	10.0	2.0	9.0	1.7	47.0	1.5	5	100.0
08/29/2006 00:40	3.0	0.3	7.0	0.9	9.0	1.4	9.0	1.7	6.0	1.5	34.0	1.2	5	100.0
08/29/2006 00:45	2.0	0.2	9.0	1.0	10.0	1.2	9.0	2.0	6.0	1.6	36.0	1.2	5	100.0
08/29/2006 00:50	5.0	0.7	11.0	1.2	9.0	1.4	10.0	1.9	5.0	0.8	40.0	1.2	5	100.0
08/29/2006 00:55	5.0	0.7	9.0	0.9	7.0	1.1	7.0	1.9	6.0	1.1	34.0	1.1	5	100.0
08/29/2006 01:00	2.0	0.2	8.0	0.9	9.0	1.3	9.0	1.9	7.0	1.2	35.0	1.1	5	100.0
08/29/2006 01:05	5.0	0.5	9.0	1.2	7.0	0.9	9.0	1.8	6.0	1.0	36.0	1.1	5	100.0
08/29/2006 01:10	3.0	0.3	5.0	0.6	7.0	1.2	6.0	1.1	4.0	0.9	25.0	0.8	5	100.0
08/29/2006 01:15	3.0	0.3	9.0	1.1	9.0	1.1	9.0	1.9	4.0	1.5	34.0	1.2	5	100.0
08/29/2006 01:20	3.0	0.3	7.0	0.9	5.0	0.8	9.0	2.5	6.0	0.7	30.0	1.0	5	100.0
08/29/2006 01:25	2.0	0.2	6.0	0.7	9.0	1.6	5.0	1.0	5.0	0.7	27.0	0.8	5	100.0
08/29/2006 01:30	1.0	0.1	5.0	0.5	4.0	0.6	5.0	1.3	4.0	0.8	19.0	0.7	5	100.0
08/29/2006 01:35	2.0	0.2	7.0	1.0	11.0	1.4	6.0	2.1	6.0	0.7	32.0	1.1	5	100.0
08/29/2006 01:40	3.0	0.3	8.0	0.8	11.0	1.3	9.0	1.7	6.0	0.9	37.0	1.0	5	100.0
08/29/2006 01:45	2.0	0.2	5.0	0.5	5.0	0.6	6.0	1.1	4.0	0.8	22.0	0.6	5	100.0
08/29/2006 01:50	1.0	0.1	7.0	0.8	6.0	1.1	8.0	1.3	4.0	0.6	26.0	0.8	5	100.0
08/29/2006 01:55	1.0	0.1	7.0	0.8	7.0	1.0	9.0	1.6	6.0	1.1	30.0	0.9	5	100.0
08/29/2006 02:00	1.0	0.1	5.0	0.5	9.0	1.3	6.0	0.6	2.0	0.6	23.0	0.6	5	100.0
08/29/2006 02:05	1.0	0.1	4.0	0.4	6.0	0.7	7.0	1.9	5.0	0.8	23.0	0.8	5	100.0
08/29/2006 02:10	1.0	0.1	3.0	0.3	7.0	0.8	7.0	1.6	3.0	0.3	21.0	0.6	5	100.0
08/29/2006 02:15	0.0	0.0	5.0	0.5	5.0	0.7	5.0	1.2	3.0	0.7	18.0	0.6	5	100.0
08/29/2006 02:20	1.0	0.1	4.0	0.4	6.0	1.0	6.0	1.1	3.0	0.5	20.0	0.6	5	100.0
08/29/2006 02:25	0.0	0.0	5.0	0.7	6.0	1.1	4.0	0.9	2.0	0.4	17.0	0.6	5	100.0
08/29/2006 02:30	0.0	0.0	3.0	0.3	7.0	0.8	4.0	0.9	4.0	0.6	18.0	0.5	5	100.0
08/29/2006 02:35	3.0	0.3	4.0	0.4	4.0	0.4	4.0	0.9	3.0	0.5	18.0	0.5	5	100.0
08/29/2006 02:40	1.0	0.1	5.0	0.5	4.0	0.4	3.0	0.7	1.0	0.3	14.0	0.4	5	100.0
08/29/2006 02:45	0.0	0.0	4.0	0.4	1.0	0.1	5.0	1.2	3.0	0.7	13.0	0.5	5	100.0
08/29/2006 02:50	1.0	0.1	7.0	0.7	4.0	0.5	6.0	1.7	4.0	0.9	22.0	0.8	5	100.0
08/29/2006 02:55	0.0	0.0	3.0	0.4	3.0	0.5	3.0	0.9	4.0	0.6	13.0	0.5	5	100.0
08/29/2006 03:00	0.0	0.0	2.0	0.2	5.0	0.6	3.0	1.0	4.0	0.9	14.0	0.6	5	100.0
08/29/2006 03:05	1.0	0.1	1.0	0.1	2.0	0.4	4.0	1.4	4.0	0.8	12.0	0.6	5	100.0
08/29/2006 03:10	0.0	0.0	4.0	0.5	3.0	0.3	6.0	1.1	4.0	0.6	17.0	0.5	5	100.0
08/29/2006 03:15	0.0	0.0	1.0	0.2	2.0	0.3	5.0	1.2	7.0	1.1	15.0	0.6	5	100.0
08/29/2006 03:20	1.0	0.1	1.0	0.1	5.0	0.7	3.0	0.7	3.0	0.6	13.0	0.5	5	100.0
08/29/2006 03:25	0.0	0.0	3.0	0.3	1.0	0.4	4.0	1.6	2.0	0.4	10.0	0.6	5	100.0
08/29/2006 03:30	0.0	0.0	0.0	0.0	4.0	0.5	5.0	1.2	4.0	1.0	13.0	0.6	5	100.0
08/29/2006 03:35	0.0	0.0	2.0	0.2	4.0	0.6	5.0	1.6	3.0	0.6	14.0	0.6	5	100.0
08/29/2006 03:40	0.0	0.0	4.0	0.5	3.0	0.3	4.0	0.9	5.0	0.8	16.0	0.5	5	100.0
08/29/2006 03:45	0.0	0.0	3.0	0.4	2.0	0.6	3.0	0.7	4.0	0.8	12.0	0.5	5	100.0
08/29/2006 03:50	0.0	0.0	3.0	0.3	5.0	0.6	3.0	0.4	6.0	1.8	17.0	0.6	5	100.0
08/29/2006 03:55	0.0	0.0	2.0	0.2	5.0	0.9	8.0	1.9	4.0	1.2	19.0	0.8	5	100.0
08/29/2006 04:00	0.0	0.0	3.0	0.3	4.0	1.1	7.0	1.9	4.0	0.9	18.0	0.9	5	100.0
08/29/2006 04:05	0.0	0.0	3.0	0.4	5.0	0.9	7.0	3.2	6.0	1.3	21.0	1.1	5	100.0
08/29/2006 04:10	0.0	0.0	2.0	0.2	6.0	1.1	7.0	2.6	7.0	1.5	22.0	1.1	5	100.0
08/29/2006 04:15	0.0	0.0	1.0	0.2	3.0	0.3	4.0	1.3	5.0	1.1	13.0	0.6	5	100.0
08/29/2006 04:20	0.0	0.0	3.0	0.5	6.0	1.2	5.0	1.1	4.0	1.0	18.0	0.8	5	100.0
08/29/2006 04:25	1.0	0.1	5.0	0.7	3.0	0.6	5.0	1.8	6.0	1.4	20.0	0.9	5	100.0
08/29/2006 04:30	0.0	0.0	5.0	0.6	6.0	1.2	9.0	2.4	9.0	1.7	29.0	1.2	5	100.0
08/29/2006 04:35	1.0	0.1	5.0	0.5	7.0	0.9	6.0	2.3	5.0	1.2	24.0	1.0	5	100.0
08/29/2006 04:40	1.0	0.1	6.0	0.9	6.0	1.2	8.0	2.2	9.0	2.4	30.0	1.4	5	100.0
08/29/2006 04:45	0.0	0.0	8.0	1.0	7.0	1.6	9.0	1.8	9.0	1.7	33.0	1.2	5	100.0
08/29/2006 04:50	0.0	0.0	6.0	0.6	8.0	1.9	8.0	2.3	8.0	1.4	30.0	1.2	5	100.0
08/29/2006 04:55	1.0	0.1	8.0	0.9	8.0	1.7	9.0	2.3	9.0	2.0	35.0	1.4	5	100.0
08/29/2006 05:00	0.0	0.0	8.0	0.9	7.0	1.4	9.0	2.3	9.0	2.1	33.0	1.3	5	100.0
08/29/2006 05:05	0.0	0.0	6.0	0.6	5.0	1.1	5.0	1.8	6.0	1.9	22.0	1.1	5	100.0
08/29/2006 05:10	0.0	0.0	10.0	1.3	13.0	2.5	11.0	2.5	11.0	1.9	45.0	1.6	5	100.0
08/29/2006 05:15	1.0	0.1	9.0	1.1	13.0	2.5	11.0	3.4	12.0	1.7	46.0	1.8	5	100.0
08/29/2006 05:20	0.0	0.0	16.0	2.1	14.0	3.1	14.0	3.5	11.0	2.4	55.0	2.2	5	100.0
08/29/2006 05:25	0.0	0.0	15.0	1.8	15.0	2.3	17.0	4.3	15.0	2.9	62.0	2.3	5	100.0
08/29/2006 05:30	1.0	0.1	15.0	1.8	14.0	2.7	15.0	3.8	16.0	2.7	61.0	2.2	5	100.0
08/29/2006 05:35	1.0	0.1	20.0	2.5	19.0	3.4	22.0	4.3	13.0	3.2	75.0	2.7	5	100.0
08/29/2006 05:40	1.0	0.1	20.0	2.3	18.0	2.9	19.0	5.1	17.0	3.1	75.0	2.7	5	100.0
08/29/2006 05:45	2.0	0.2	13.0	1.8	19.0	2.9	20.0	4.1	27.0	4.8	81.0	2.8	5	100.0
08/29/2006 05:50	3.0	0.3	19.0	2.3	25.0	3.9	23.0	4.7	18.0	3.5	88.0	3.0	5	100.0
08/29/2006 05:55	1.0	0.2	18.0	2.3	21.0	4.0	24.0	4.3	20.0	2.9	84.0	2.7	5	100.0
08/29/2006 06:00	1.0	0.1	21.0	2.6	19.0	3.1	20.0	4.1	16.0	3.2	77.0	2.6	5	100.0
08/29/2006 06:05	3.0	0.3	22.0	3.1	23.0	3.9	21.0	4.5	21.0	3.7	90.0	3.1	5	100.0
08/29/2006 06:10	1.0	0.1	28.0	3.6	26.0	4.7	22.0	5.7	21.0	4.2	98.0	3.7	5	100.0
08/29/2006 06:15	3.0	0.5	23.0	3.0	25.0	4.1	24.0	4.5	21.0	3.6	96.0	3.1	5	100.0
08/29/2006 06:20	4.0	0.5	16.0	2.1	13.0	2.5	14.0	2.7	15.0	2.3	62.0	2.0	5	100.0
08/29/2006 06:25	2.0	0.3	31.0	4.1	25.0	3.8	30.0	5.1	28.0	4.9	116.0	3.7	5	100.0
08/29/2006 06:30	4.0	0.5	32.0	4.5	30.0	5.0	27.0	5.9	25.0	4.4	118.0	4.1	5	100.0
08/29/2006 06:35	7.0	0.9	42.0	5.8	38.0	6.6	32.0	7.8	29.0	6.1	148.0	5.4	5	100.0
08/29/2006 06:40	4.0	0.5	37.0	5.1	31.0	5.9	33.0	6.7	30.0	5.7	135.0	4.8	5	100.0
08/29/2006 06:45	8.0	1.2	49.0	6.9	39.0	7.0	39.0	7.4	31.0	6.2	166.0	5.8	5	100.0
08/29/2006 06:50	5.0	0.7	44.0	6.1	35.0	6.3	35.0	6.1	31.0	6.1	150.0	5.1	5	100.0
08/29/2006 06:55	8.0	1.1	40.0	5.5	32.0	5.8	34.0	5.9	33.0	5.3	147.0	4.7	5	100.0
08/29/2006 07:00	6.0	0.9	41.0	5.7	39.0	6.5	36.0	6.9	34.0	5.9	156.0	5.2	5	100.0
08/29/2006 07:05	5.0	0.6	50.0	6.9	40.0	6.5	39.0	7.2	34.0	6.8	168.0	5.6	5	100.0
08/29/2006 07:10	7.0	0.9	43.0	5.9	33.0	5.1	30.0	5.7	36.0	5.9	149.0	4.7	5	100.0
08/29/2006 07:15	7.0	1.0	49.0	7.1	43.0	6.9	36.0	6.9	38.0	6.4	173.0	5.7	5	100.0
08/29/2006 07:20	5.0	0.7	49.0	6.6	39.0	6.0	43.0	7.4	39.0	6.8	175.0	5.5	5	100.0
08/29/2006 07:25	10.0	1.3	50.0	6.9	42.0	7.6	37.0	7.5	41.0	7.9	180.0	6.2	5	100.0
08/29/2006 07:30	10.0	1.3	53.0	7.9	43.0	7.7	37.0	7.1	35.0	6.3	178.0	6.1	5	100.0
08/29/2006 07:35	9.0	1.1	48.0	7.1	43.0	8.5	38.0	7.7	41.0	7.1	179.0	6.3	5	100.0
08/29/2006 07:40	9.0	1.1	56.0	8.4	44.0	8.5	45.0	8.1	49.0	9.5	203.0	7.1	5	100.0
08/29/2006 07:45	7.0	1.0	55.0	8.2	45.0	8.5	41.0	8.3	43.0	7.9	191.0	6.8	5	100.0
08/29/2006 07:50	15.0	2.2	47.0	7.1	32.0	6.2	33.0	6.5	33.0	6.1	160.0	5.6	5	100.0
08/29/2006 07:55	6.0	1.1	49.0	7.9	41.0	7.6	35.0	8.7	46.0	9.4	177.0	7.0	5	100.0
08/29/2006 08:00	11.0	1.8	47.0	7.5	35.0	7.9	37.0	7.9	45.0	9.1	175.0	6.8	5	100.0
08/29/2006 08:05	14.0	2.0	48.0	7.6	41.0	8.0	39.0	7.4	40.0	8.2	182.0	6.6	5	100.0
08/29/2006 08:10	18.0	2.9	57.0	10.4	45.0	10.9	42.0	8.7	52.0	10.8	214.0	8.7	5	100.0
08/29/2006 08:15	11.0	1.8	53.0	9.2	43.0	9.8	43.0	9.6	47.0	10.5	197.0	8.2	5	100.0
08/29/2006 08:20	14.0	2.4	56.0	10.9	47.0	11.4	43.0	10.9	55.0	13.7	215.0	9.9	5	100.0
08/29/2006 08:25	11.0	2.1	54.0	11.4	43.0	12.4	44.0	12.7	50.0	14.1	202.0	10.5	5	100.0
08/29/2006 08:30	12.0	2.1	45.0	11.6	36.0	12.4	39.0	12.9	44.0	17.5	176.0	11.3	5	100.0
08/29/2006 08:35	11.0	1.7	54.0	9.6	40.0	10.9	39.0	10.8	49.0	12.8	193.0	9.2	5	100.0
08/29/2006 08:40	9.0	1.3	59.0	10.3	45.0	10.8	49.0	11.9	57.0	14.5	219.0	9.8	5	100.0
08/29/2006 08:45	11.0	1.6	59.0	9.3	46.0	9.2	43.0	8.8	50.0	10.8	209.0	7.9	5	100.0
08/29/2006 08:50	8.0	1.0	56.0	8.6	46.0	9.9	44.0	8.7	54.0	10.4	208.0	7.7	5	100.0
08/29/2006 08:55	8.0	1.5	56.0	8.5	39.0	8.6	45.0	8.2	49.0	9.0	197.0	7.2	5	100.0
08/29/2006 09:00	9.0	1.4	50.0	7.3	39.0	8.1	40.0	7.1	47.0	9.6	185.0	6.7	5	100.0
08/29/2006 09:05	7.0	1.1	49.0	7.3	39.0	7.5	37.0	6.4	45.0	8.3	177.0	6.1	5	100.0
08/29/2006 09:10	8.0	1.3	49.0	7.1	42.0	7.7	40.0	8.9	44.0	8.0	183.0	6.6	5	100.0
08/29/2006 09:15	10.0	1.5	55.0	8.5	42.0	9.3	44.0	8.3	45.0	8.8	196.0	7.3	5	100.0
08/29/2006 09:20	6.0	0.7	46.0	6.8	35.0	7.1	38.0	7.4	44.0	8.7	169.0	6.1	5	100.0
08/29/2006 09:25	10.0	1.2	46.0	7.1	36.0	8.1	39.0	7.6	44.0	7.5	175.0	6.3	5	100.0
08/29/2006 09:30	9.0	1.4	59.0	8.9	41.0	8.9	41.0	9.1	46.0	8.4	196.0	7.3	5	100.0
08/29/2006 09:35	13.0	1.9	50.0	7.2	38.0	8.3	44.0	9.9	49.0	9.8	194.0	7.4	5	100.0
08/29/2006 09:40	13.0	1.6	51.0	7.8	39.0	7.6	40.0	7.7	47.0	9.1	190.0	6.8	5	100.0
08/29/2006 09:45	11.0	1.7	52.0	7.9	42.0	8.0	43.0	8.3	50.0	9.2	198.0	7.0	5	100.0
08/29/2006 09:50	7.0	1.1	45.0	6.6	37.0	7.4	39.0	7.9	45.0	9.5	173.0	6.5	5	100.0
08/29/2006 09:55	15.0	1.9	52.0	8.1	36.0	9.1	38.0	8.4	47.0	9.5	188.0	7.4	5	100.0
08/29/2006 10:00	19.0	2.3	45.0	6.5	33.0	7.1	41.0	8.4	39.0	8.4	177.0	6.5	5	100.0
08/29/2006 10:05	26.0	3.5	44.0	6.1	35.0	7.9	41.0	8.7	44.0	8.2	190.0	6.9	5	100.0
08/29/2006 10:10	17.0	2.1	41.0	5.5	31.0	6.3	33.0	6.8	41.0	8.0	163.0	5.8	5	100.0
08/29/2006 10:15	33.0	4.5	44.0	6.8	39.0	9.0	39.0	8.3	45.0	9.0	200.0	7.5	5	100.0
08/29/2006 10:20	24.0	3.0	35.0	4.8	31.0	5.9	34.0	7.7	34.0	6.4	158.0	5.6	5	100.0
08/29/2006 10:25	23.0	2.6	40.0	5.3	35.0	6.4	34.0	7.4	38.0	6.8	170.0	5.7	5	100.0
08/29/2006 10:30	24.0	3.1	36.0	5.1	32.0	5.7	35.0	7.1	42.0	7.2	169.0	5.7	5	100.0
08/29/2006 10:35	22.0	2.8	40.0	5.5	37.0	7.3	43.0	8.5	41.0	7.8	183.0	6.4	5	100.0
08/29/2006 10:40	22.0	2.9	35.0	5.3	35.0	6.7	39.0	6.7	43.0	8.9	174.0	6.1	5	100.0
08/29/2006 10:45	19.0	2.4	38.0	5.2	35.0	6.7	36.0	7.7	43.0	8.4	171.0	6.1	5	100.0
08/29/2006 10:50	21.0	2.5	36.0	4.9	30.0	6.4	38.0	7.0	41.0	7.9	166.0	5.7	5	100.0
08/29/2006 10:55	25.0	3.2	41.0	5.6	37.0	6.7	38.0	6.9	45.0	8.6	186.0	6.2	5	100.0
08/29/2006 11:00	11.0	1.2	22.0	3.0	21.0	3.6	23.0	4.4	19.0	3.7	96.0	3.2	5	100.0
08/29/2006 11:05	33.0	4.7	41.0	5.9	36.0	7.6	42.0	8.9	40.0	8.1	192.0	7.0	5	100.0
08/29/2006 11:10	24.0	3.1	38.0	5.1	32.0	7.0	36.0	6.9	46.0	8.4	176.0	6.1	5	100.0
08/29/2006 11:15	30.0	3.7	41.0	5.3	36.0	6.7	38.0	7.9	48.0	10.5	193.0	6.8	5	100.0
08/29/2006 11:20	24.0	3.2	37.0	5.3	34.0	6.8	37.0	7.8	48.0	8.6	180.0	6.3	5	100.0
08/29/2006 11:25	29.0	3.7	39.0	5.1	36.0	7.1	41.0	8.4	45.0	8.1	190.0	6.5	5	100.0
08/29/2006 11:30	26.0	3.3	43.0	5.9	31.0	6.4	37.0	7.5	45.0	8.9	182.0	6.4	5	100.0
08/29/2006 11:35	25.0	3.2	35.0	4.8	35.0	6.9	38.0	7.0	43.0	8.1	176.0	6.0	5	100.0
08/29/2006 11:40	25.0	3.1	43.0	5.9	37.0	8.1	39.0	9.4	48.0	9.7	192.0	7.3	5	100.0
08/29/2006 11:45	30.0	3.9	36.0	5.1	36.0	8.1	41.0	8.0	44.0	8.6	187.0	6.7	5	100.0
08/29/2006 11:50	25.0	3.1	39.0	5.4	38.0	7.6	39.0	8.7	46.0	8.7	187.0	6.7	5	100.0
08/29/2006 11:55	29.0	3.9	43.0	5.9	36.0	8.6	42.0	8.5	50.0	9.4	200.0	7.3	5	100.0
08/29/2006 12:00	23.0	2.7	41.0	5.6	37.0	7.1	36.0	6.8	45.0	8.7	182.0	6.2	5	100.0
08/29/2006 12:05	30.0	3.9	40.0	5.5	39.0	7.5	41.0	8.1	45.0	8.6	195.0	6.7	5	100.0
08/29/2006 12:10	30.0	3.9	43.0	5.8	39.0	7.9	40.0	8.2	47.0	8.9	199.0	7.0	5	100.0
08/29/2006 12:15	36.0	4.5	44.0	6.2	39.0	7.6	41.0	8.1	46.0	9.2	206.0	7.1	5	100.0
08/29/2006 12:20	28.0	3.7	45.0	6.2	43.0	7.1	40.0	8.5	41.0	7.0	197.0	6.5	5	100.0
08/29/2006 12:25	29.0	3.9	43.0	5.8	37.0	6.9	45.0	7.9	44.0	8.0	198.0	6.5	5	100.0
08/29/2006 12:30	19.0	2.5	27.0	3.6	29.0	5.0	25.0	4.6	29.0	5.1	129.0	4.2	5	100.0
08/29/2006 12:35	32.0	4.3	45.0	6.4	46.0	8.8	47.0	9.4	49.0	9.7	219.0	7.7	5	100.0
08/29/2006 12:40	28.0	3.6	45.0	6.2	41.0	6.9	34.0	7.9	42.0	7.3	190.0	6.4	5	100.0
08/29/2006 12:45	33.0	4.3	43.0	6.1	41.0	7.3	39.0	7.7	49.0	9.3	205.0	6.9	5	100.0
08/29/2006 12:50	27.0	3.5	36.0	4.7	36.0	6.3	39.0	7.0	42.0	7.6	180.0	5.8	5	100.0
08/29/2006 12:55	28.0	3.9	40.0	5.5	38.0	7.9	43.0	7.8	42.0	8.5	191.0	6.7	5	100.0
08/29/2006 13:00	28.0	3.5	39.0	5.4	35.0	6.4	37.0	7.6	46.0	7.6	185.0	6.1	5	100.0
08/29/2006 13:05	36.0	4.6	43.0	5.9	42.0	7.3	41.0	7.8	45.0	7.5	207.0	6.6	5	100.0
08/29/2006 13:10	36.0	4.6	48.0	6.7	42.0	8.1	48.0	9.1	47.0	8.4	221.0	7.4	5	100.0
08/29/2006 13:15	28.0	3.6	35.0	5.1	37.0	5.9	41.0	8.1	47.0	8.7	188.0	6.3	5	100.0
08/29/2006 13:20	29.0	3.8	42.0	5.5	36.0	6.4	39.0	7.4	47.0	8.7	193.0	6.3	5	100.0
08/29/2006 13:25	30.0	3.8	45.0	6.3	40.0	7.5	39.0	8.0	44.0	8.0	198.0	6.7	5	100.0
08/29/2006 13:30	43.0	6.0	47.0	6.8	41.0	8.0	45.0	9.4	49.0	9.3	225.0	7.9	5	100.0
08/29/2006 13:35	36.0	4.6	49.0	6.9	48.0	8.3	48.0	9.9	52.0	10.1	233.0	8.0	5	100.0
08/29/2006 13:40	39.0	5.5	49.0	6.7	42.0	8.5	44.0	7.9	51.0	9.1	225.0	7.6	5	100.0
08/29/2006 13:45	43.0	5.7	43.0	6.1	37.0	7.2	41.0	7.4	46.0	8.2	210.0	6.9	5	100.0
08/29/2006 13:50	33.0	4.2	44.0	6.1	37.0	6.7	41.0	7.9	47.0	8.5	202.0	6.7	5	100.0
08/29/2006 13:55	30.0	4.0	38.0	5.5	35.0	6.8	38.0	7.3	38.0	7.2	179.0	6.2	5	100.0
08/29/2006 14:00	47.0	6.4	47.0	7.1	41.0	8.0	42.0	7.7	48.0	9.1	225.0	7.6	5	100.0
08/29/2006 14:05	41.0	5.9	42.0	6.6	41.0	7.7	41.0	7.9	46.0	8.0	211.0	7.2	5	100.0
08/29/2006 14:10	51.0	6.9	51.0	7.3	44.0	8.5	45.0	7.5	46.0	8.5	237.0	7.7	5	100.0
08/29/2006 14:15	45.0	5.9	57.0	8.4	40.0	7.6	47.0	9.5	49.0	9.2	238.0	8.1	5	100.0
08/29/2006 14:20	41.0	5.7	51.0	7.6	45.0	9.4	44.0	9.1	42.0	7.6	223.0	7.9	5	100.0
08/29/2006 14:25	52.0	8.9	55.0	9.2	48.0	10.2	49.0	10.0	45.0	8.9	249.0	9.4	5	100.0
08/29/2006 14:30	55.0	7.9	54.0	8.3	45.0	9.9	47.0	8.0	47.0	9.0	248.0	8.6	5	100.0
08/29/2006 14:35	52.0	7.5	59.0	8.8	45.0	9.4	43.0	8.0	48.0	8.5	247.0	8.4	5	100.0
08/29/2006 14:40	57.0	8.1	51.0	7.5	44.0	9.3	45.0	8.3	46.0	8.9	243.0	8.4	5	100.0
08/29/2006 14:45	65.0	9.8	61.0	9.6	53.0	10.4	49.0	9.1	51.0	10.3	279.0	9.8	5	100.0
08/29/2006 14:50	47.0	6.7	51.0	7.3	48.0	9.0	49.0	8.7	46.0	8.7	241.0	8.1	5	100.0
08/29/2006 14:55	45.0	6.5	59.0	8.5	49.0	9.0	41.0	7.2	43.0	7.6	237.0	7.8	5	100.0
08/29/2006 15:00	29.0	4.0	59.0	9.2	51.0	9.5	46.0	8.9	45.0	8.1	230.0	7.9	5	100.0
08/29/2006 15:05	27.0	4.3	53.0	11.9	45.0	12.3	49.0	11.4	49.0	10.6	223.0	10.1	5	100.0
08/29/2006 15:10	30.0	5.6	55.0	15.5	40.0	11.5	41.0	10.5	45.0	10.4	211.0	10.7	5	100.0
08/29/2006 15:15	31.0	5.2	52.0	12.5	46.0	12.5	49.0	12.9	39.0	10.1	217.0	10.7	5	100.0
08/29/2006 15:20	34.0	5.8	55.0	10.7	44.0	10.2	43.0	9.9	44.0	9.2	220.0	9.2	5	100.0
08/29/2006 15:25	39.0	6.0	54.0	9.9	45.0	10.7	43.0	9.5	45.0	9.6	226.0	9.1	5	100.0
08/29/2006 15:30	33.0	5.7	53.0	10.6	44.0	10.4	41.0	8.8	43.0	9.4	214.0	9.0	5	100.0
08/29/2006 15:35	37.0	6.3	59.0	11.9	47.0	11.8	45.0	9.5	45.0	10.1	233.0	9.9	5	100.0
08/29/2006 15:40	39.0	7.0	56.0	14.6	49.0	14.1	47.0	12.3	47.0	11.1	238.0	11.8	5	100.0
08/29/2006 15:45	44.0	7.9	53.0	13.8	50.0	13.6	50.0	13.8	47.0	12.9	244.0	12.4	5	100.0
08/29/2006 15:50	37.0	6.6	46.0	9.6	41.0	9.6	44.0	9.4	41.0	8.6	209.0	8.8	5	100.0
08/29/2006 15:55	44.0	8.5	59.0	11.5	45.0	11.3	45.0	10.4	43.0	9.7	236.0	10.3	5	100.0
08/29/2006 16:00	45.0	8.4	54.0	12.1	46.0	11.7	47.0	10.5	46.0	10.6	238.0	10.7	5	100.0
08/29/2006 16:05	40.0	7.7	59.0	12.3	47.0	12.6	44.0	10.5	47.0	11.0	237.0	10.8	5	100.0
08/29/2006 16:10	46.0	8.7	58.0	12.4	51.0	12.1	46.0	11.4	46.0	11.1	247.0	11.1	5	100.0
08/29/2006 16:15	42.0	9.2	48.0	12.5	36.0	11.8	44.0	11.0	41.0	9.0	211.0	10.7	5	100.0
08/29/2006 16:20	38.0	6.9	51.0	10.2	45.0	11.4	47.0	10.5	43.0	9.8	224.0	9.8	5	100.0
08/29/2006 16:25	49.0	8.9	57.0	10.5	45.0	11.5	49.0	10.3	45.0	9.8	245.0	10.2	5	100.0
08/29/2006 16:30	43.0	8.2	57.0	14.1	44.0	12.3	49.0	12.7	45.0	11.2	238.0	11.7	5	100.0
08/29/2006 16:35	44.0	10.9	49.0	15.2	40.0	14.7	43.0	11.9	45.0	12.6	221.0	13.1	5	100.0
08/29/2006 16:40	41.0	8.7	48.0	15.9	43.0	14.5	45.0	13.1	42.0	11.7	219.0	12.8	5	100.0
08/29/2006 16:45	45.0	11.8	45.0	20.9	40.0	17.7	41.0	14.2	41.0	11.9	212.0	15.3	5	100.0
08/29/2006 16:50	45.0	10.3	46.0	14.0	40.0	13.5	42.0	12.5	42.0	11.5	215.0	12.4	5	100.0
08/29/2006 16:55	42.0	9.1	47.0	14.5	43.0	15.9	46.0	13.4	49.0	14.1	227.0	13.4	5	100.0
08/29/2006 17:00	41.0	10.1	52.0	14.7	44.0	14.9	43.0	13.1	42.0	12.7	222.0	13.1	5	100.0
08/29/2006 17:05	42.0	12.8	36.0	19.4	34.0	19.4	40.0	16.6	41.0	16.1	193.0	16.9	5	100.0
08/29/2006 17:10	42.0	9.4	46.0	13.9	45.0	14.7	41.0	10.9	43.0	11.3	217.0	12.0	5	100.0
08/29/2006 17:15	42.0	10.5	47.0	17.5	39.0	16.8	46.0	15.1	47.0	13.9	221.0	14.8	5	100.0
08/29/2006 17:20	39.0	7.5	46.0	12.7	47.0	12.8	48.0	12.7	49.0	12.4	229.0	11.6	5	100.0
08/29/2006 17:25	46.0	8.5	53.0	11.1	46.0	11.1	49.0	10.9	46.0	10.1	240.0	10.3	5	100.0
08/29/2006 17:30	45.0	9.1	53.0	12.7	44.0	11.7	49.0	12.3	46.0	11.0	237.0	11.4	5	100.0
08/29/2006 17:35	49.0	12.7	44.0	17.0	44.0	16.8	46.0	13.4	49.0	12.2	232.0	14.4	5	100.0
08/29/2006 17:40	39.0	10.6	36.0	17.7	35.0	19.0	40.0	15.1	39.0	13.6	189.0	15.2	5	100.0
08/29/2006 17:45	39.0	7.9	44.0	14.6	41.0	13.8	44.0	12.5	47.0	13.9	215.0	12.5	5	100.0
08/29/2006 17:50	41.0	10.5	43.0	17.1	41.0	15.3	42.0	15.6	47.0	15.7	214.0	14.9	5	100.0
08/29/2006 17:55	46.0	10.2	49.0	12.5	43.0	11.5	47.0	12.3	43.0	11.8	228.0	11.7	5	100.0
08/29/2006 18:00	40.0	9.5	40.0	13.3	35.0	15.6	40.0	12.3	45.0	12.5	200.0	12.7	5	100.0
08/29/2006 18:05	45.0	8.9	50.0	10.9	47.0	10.4	45.0	10.9	47.0	11.6	234.0	10.5	5	100.0
08/29/2006 18:10	41.0	7.6	48.0	11.4	43.0	11.2	46.0	11.9	40.0	9.5	218.0	10.3	5	100.0
08/29/2006 18:15	41.0	10.7	43.0	18.9	43.0	16.2	45.0	15.0	43.0	12.6	215.0	14.7	5	100.0
08/29/2006 18:20	43.0	8.1	53.0	10.6	47.0	12.1	48.0	10.3	42.0	9.4	233.0	10.1	5	100.0
08/29/2006 18:25	45.0	9.3	52.0	12.3	48.0	12.1	47.0	11.6	44.0	10.9	236.0	11.2	5	100.0
08/29/2006 18:30	34.0	10.2	41.0	14.0	40.0	13.1	41.0	11.6	41.0	11.2	197.0	12.0	5	100.0
08/29/2006 18:35	33.0	5.5	51.0	11.9	50.0	13.3	49.0	12.9	46.0	12.0	229.0	11.1	5	100.0
08/29/2006 18:40	33.0	6.3	49.0	11.9	46.0	13.7	44.0	13.3	47.0	15.9	219.0	12.2	5	100.0
08/29/2006 18:45	35.0	6.5	51.0	12.9	41.0	12.5	44.0	12.3	45.0	13.1	216.0	11.5	5	100.0
08/29/2006 18:50	36.0	6.9	45.0	15.0	43.0	14.7	42.0	12.4	43.0	11.8	209.0	12.2	5	100.0
08/29/2006 18:55	45.0	9.5	48.0	11.9	43.0	11.2	43.0	13.0	49.0	15.2	228.0	12.2	5	100.0
08/29/2006 19:00	36.0	5.1	46.0	6.7	37.0	6.3	43.0	7.1	37.0	7.1	199.0	6.5	5	100.0
08/29/2006 19:05	35.0	4.5	40.0	5.3	40.0	5.9	39.0	6.1	39.0	6.7	193.0	5.7	5	100.0
08/29/2006 19:10	40.0	5.3	45.0	6.5	37.0	6.4	43.0	6.8	42.0	6.3	207.0	6.3	5	100.0
08/29/2006 19:15	44.0	6.2	45.0	6.3	43.0	6.8	41.0	6.3	41.0	6.8	214.0	6.5	5	100.0
08/29/2006 19:20	42.0	6.2	43.0	6.3	43.0	7.3	41.0	7.2	43.0	7.1	212.0	6.8	5	100.0
08/29/2006 19:25	41.0	5.5	44.0	6.1	41.0	6.6	43.0	6.8	39.0	6.7	208.0	6.4	5	100.0
08/29/2006 19:30	40.0	5.4	45.0	5.7	38.0	5.5	37.0	5.6	37.0	5.7	197.0	5.6	5	100.0
08/29/2006 19:35	29.0	3.7	37.0	4.9	37.0	5.5	39.0	5.7	33.0	5.0	175.0	5.0	5	100.0
08/29/2006 19:40	37.0	5.2	40.0	5.7	41.0	5.9	41.0	6.5	35.0	6.0	194.0	5.9	5	100.0
08/29/2006 19:45	38.0	4.9	37.0	5.2	43.0	6.3	43.0	6.9	37.0	5.7	198.0	5.8	5	100.0
08/29/2006 19:50	36.0	4.9	41.0	5.4	44.0	6.3	37.0	6.4	37.0	5.9	195.0	5.8	5	100.0
08/29/2006 19:55	32.0	4.3	38.0	5.1	35.0	5.3	36.0	5.7	31.0	5.1	172.0	5.1	5	100.0
08/29/2006 20:00	32.0	4.1	39.0	5.3	41.0	6.1	39.0	5.8	36.0	6.3	187.0	5.5	5	100.0
08/29/2006 20:05	31.0	4.1	37.0	5.0	30.0	5.5	42.0	6.1	33.0	5.3	173.0	5.2	5	100.0
08/29/2006 20:10	29.0	3.5	38.0	5.3	42.0	6.5	35.0	5.7	35.0	5.6	179.0	5.3	5	100.0
08/29/2006 20:15	28.0	3.7	37.0	4.9	37.0	5.2	36.0	6.1	36.0	6.0	174.0	5.2	5	100.0
08/29/2006 20:20	34.0	4.1	34.0	4.5	37.0	5.6	43.0	6.2	35.0	6.1	183.0	5.3	5	100.0
08/29/2006 20:25	32.0	4.1	39.0	5.2	33.0	4.9	37.0	6.2	32.0	5.5	173.0	5.2	5	100.0
08/29/2006 20:30	26.0	3.2	35.0	4.5	33.0	5.1	39.0	6.0	37.0	6.2	170.0	5.0	5	100.0
08/29/2006 20:35	30.0	3.8	41.0	5.4	43.0	6.4	41.0	7.1	36.0	6.0	191.0	5.7	5	100.0
08/29/2006 20:40	23.0	2.7	28.0	3.9	33.0	4.9	33.0	5.0	35.0	5.5	152.0	4.4	5	100.0
08/29/2006 20:45	24.0	3.0	31.0	3.9	26.0	3.8	33.0	4.8	21.0	3.4	135.0	3.8	5	100.0
08/29/2006 20:50	24.0	3.0	32.0	4.2	32.0	5.3	31.0	4.9	29.0	4.6	148.0	4.4	5	100.0
08/29/2006 20:55	23.0	2.9	33.0	4.3	27.0	4.8	31.0	4.9	31.0	4.5	145.0	4.3	5	100.0
08/29/2006 21:00	22.0	2.7	26.0	3.4	29.0	3.9	33.0	4.9	29.0	4.5	139.0	3.9	5	100.0
08/29/2006 21:05	23.0	2.9	33.0	4.1	35.0	5.5	33.0	5.0	27.0	4.4	151.0	4.4	5	100.0
08/29/2006 21:10	24.0	3.3	33.0	4.3	29.0	4.3	29.0	4.8	26.0	4.4	141.0	4.2	5	100.0
08/29/2006 21:15	21.0	2.7	27.0	3.5	28.0	4.0	26.0	4.0	29.0	4.7	131.0	3.8	5	100.0
08/29/2006 21:20	29.0	3.7	33.0	4.4	34.0	5.0	35.0	5.2	32.0	5.3	163.0	4.7	5	100.0
08/29/2006 21:25	23.0	2.7	30.0	4.1	31.0	4.1	37.0	6.1	33.0	5.1	154.0	4.4	5	100.0
08/29/2006 21:30	11.0	1.4	16.0	2.2	21.0	3.1	21.0	3.6	22.0	3.6	91.0	2.8	5	100.0
08/29/2006 21:35	31.0	4.0	33.0	4.4	32.0	5.1	27.0	4.4	27.0	5.0	150.0	4.6	5	100.0
08/29/2006 21:40	23.0	2.9	32.0	4.2	34.0	5.1	33.0	5.0	33.0	5.8	155.0	4.6	5	100.0
08/29/2006 21:45	26.0	3.5	38.0	4.9	33.0	5.6	33.0	4.8	29.0	4.8	159.0	4.7	5	100.0
08/29/2006 21:50	20.0	2.5	31.0	3.8	32.0	4.6	32.0	5.1	28.0	4.2	143.0	4.1	5	100.0
08/29/2006 21:55	21.0	2.5	28.0	3.4	27.0	4.0	29.0	4.8	28.0	4.5	133.0	3.9	5	100.0
08/29/2006 22:00	23.0	2.7	27.0	3.5	30.0	3.9	25.0	4.9	23.0	3.5	128.0	3.7	5	100.0
08/29/2006 22:05	29.0	3.6	37.0	4.9	30.0	4.7	31.0	4.6	27.0	4.0	154.0	4.4	5	100.0
08/29/2006 22:10	23.0	3.0	31.0	3.9	28.0	3.8	27.0	4.2	23.0	3.6	132.0	3.7	5	100.0
08/29/2006 22:15	29.0	3.7	34.0	4.2	34.0	4.8	30.0	4.7	27.0	3.7	154.0	4.2	5	100.0
08/29/2006 22:20	33.0	4.1	37.0	4.9	37.0	5.4	31.0	5.5	33.0	5.2	171.0	5.0	5	100.0
08/29/2006 22:25	31.0	3.9	37.0	4.9	35.0	5.1	27.0	4.9	25.0	4.2	155.0	4.6	5	100.0
08/29/2006 22:30	25.0	3.2	29.0	3.9	25.0	3.4	23.0	4.5	18.0	3.0	120.0	3.6	5	100.0
08/29/2006 22:35	29.0	3.6	36.0	4.7	31.0	4.8	31.0	4.7	29.0	4.6	156.0	4.5	5	100.0
08/29/2006 22:40	21.0	2.6	34.0	4.3	28.0	4.4	26.0	4.3	23.0	3.5	132.0	3.8	5	100.0
08/29/2006 22:45	18.0	1.9	27.0	3.5	18.0	3.8	19.0	3.2	18.0	2.9	100.0	3.1	5	100.0
08/29/2006 22:50	15.0	1.8	25.0	3.2	19.0	3.4	21.0	3.6	18.0	3.3	98.0	3.1	5	100.0
08/29/2006 22:55	9.0	1.0	19.0	2.3	16.0	2.5	19.0	3.7	18.0	2.7	81.0	2.4	5	100.0
08/29/2006 23:00	12.0	1.4	17.0	2.2	20.0	2.7	18.0	3.3	11.0	1.7	78.0	2.3	5	100.0
08/29/2006 23:05	6.0	0.7	16.0	1.9	18.0	2.2	13.0	2.1	10.0	1.4	63.0	1.7	5	100.0
08/29/2006 23:10	11.0	1.3	17.0	2.3	17.0	2.5	18.0	3.0	12.0	2.3	75.0	2.3	5	100.0
08/29/2006 23:15	13.0	1.4	20.0	2.5	16.0	2.5	18.0	3.1	16.0	2.9	83.0	2.5	5	100.0
08/29/2006 23:20	9.0	1.0	15.0	1.8	17.0	2.7	16.0	2.5	9.0	1.5	66.0	1.9	5	100.0
08/29/2006 23:25	5.0	0.5	15.0	1.7	16.0	2.0	14.0	2.3	11.0	2.0	61.0	1.7	5	100.0
08/29/2006 23:30	11.0	1.4	16.0	1.8	15.0	2.3	15.0	2.5	11.0	1.9	68.0	2.0	5	100.0
08/29/2006 23:35	5.0	0.5	14.0	1.7	18.0	2.3	14.0	2.6	16.0	2.6	67.0	1.9	5	100.0
08/29/2006 23:40	5.0	0.6	13.0	1.5	15.0	2.2	15.0	2.4	11.0	1.6	59.0	1.7	5	100.0
08/29/2006 23:45	6.0	0.6	13.0	1.6	15.0	2.3	15.0	2.4	13.0	2.1	62.0	1.8	5	100.0
08/29/2006 23:50	7.0	0.9	15.0	1.7	15.0	1.7	15.0	2.9	10.0	1.3	62.0	1.7	5	100.0
08/29/2006 23:55	7.0	0.7	16.0	1.7	13.0	1.6	12.0	1.9	10.0	1.4	58.0	1.5	5	100.0
08/30/2006 00:00	2.0	0.2	13.0	1.5	12.0	1.6	11.0	2.3	11.0	1.9	49.0	1.5	5	100.0
08/30/2006 00:05	8.0	0.9	16.0	1.9	14.0	2.6	15.0	2.6	10.0	1.7	63.0	2.0	5	100.0
08/30/2006 00:10	4.0	0.4	13.0	1.8	12.0	1.6	15.0	3.0	10.0	1.6	54.0	1.7	5	100.0
08/30/2006 00:15	3.0	0.3	13.0	1.6	13.0	1.9	12.0	2.2	13.0	2.0	54.0	1.6	5	100.0
08/30/2006 00:20	5.0	0.6	13.0	1.4	11.0	1.5	15.0	2.4	11.0	1.7	55.0	1.5	5	100.0
08/30/2006 00:25	4.0	0.4	13.0	1.4	9.0	1.2	9.0	1.4	6.0	1.2	41.0	1.1	5	100.0
08/30/2006 00:30	2.0	0.2	9.0	1.0	8.0	1.1	9.0	1.9	9.0	1.5	37.0	1.1	5	100.0
08/30/2006 00:35	4.0	0.4	12.0	1.5	11.0	1.6	7.0	2.0	10.0	1.9	44.0	1.5	5	100.0
08/30/2006 00:40	5.0	0.5	14.0	1.9	10.0	1.7	9.0	1.9	8.0	1.3	46.0	1.5	5	100.0
08/30/2006 00:45	1.0	0.1	8.0	0.9	9.0	1.5	10.0	1.9	9.0	1.6	37.0	1.2	5	100.0
08/30/2006 00:50	4.0	0.4	9.0	0.9	11.0	1.9	11.0	2.4	8.0	1.2	43.0	1.4	5	100.0
08/30/2006 00:55	5.0	0.6	11.0	1.4	12.0	1.5	11.0	1.9	9.0	1.9	48.0	1.5	5	100.0
08/30/2006 01:00	3.0	0.3	8.0	0.9	10.0	1.4	8.0	1.5	4.0	0.9	33.0	1.0	5	100.0
08/30/2006 01:05	4.0	0.5	11.0	1.1	9.0	1.7	9.0	1.7	9.0	1.7	42.0	1.3	5	100.0
08/30/2006 01:10	4.0	0.4	8.0	0.9	10.0	1.1	6.0	1.4	7.0	1.1	35.0	1.0	5	100.0
08/30/2006 01:15	5.0	0.6	7.0	0.7	8.0	1.0	6.0	1.7	6.0	0.9	32.0	1.0	5	100.0
08/30/2006 01:20	4.0	0.4	9.0	1.0	7.0	1.1	10.0	1.8	4.0	0.8	34.0	1.0	5	100.0
08/30/2006 01:25	3.0	0.3	6.0	0.7	7.0	1.2	7.0	1.4	4.0	0.6	27.0	0.8	5	100.0
08/30/2006 01:30	0.0	0.0	5.0	0.5	5.0	0.8	7.0	1.3	6.0	1.1	23.0	0.8	5	100.0
08/30/2006 01:35	2.0	0.3	6.0	0.6	7.0	1.1	7.0	1.1	3.0	0.3	25.0	0.7	5	100.0
08/30/2006 01:40	1.0	0.1	8.0	0.9	11.0	1.8	7.0	1.2	5.0	1.4	32.0	1.1	5	100.0
08/30/2006 01:45	1.0	0.1	6.0	0.7	7.0	0.9	4.0	1.0	8.0	1.5	26.0	0.8	5	100.0
08/30/2006 01:50	2.0	0.2	5.0	0.5	5.0	0.7	6.0	1.4	6.0	1.1	24.0	0.8	5	100.0
08/30/2006 01:55	1.0	0.1	4.0	0.6	6.0	0.7	7.0	1.2	5.0	0.9	23.0	0.7	5	100.0
08/30/2006 02:00	1.0	0.3	5.0	0.5	6.0	0.6	7.0	1.2	4.0	0.7	23.0	0.6	5	100.0
08/30/2006 02:05	0.0	0.0	4.0	0.4	2.0	0.3	3.0	0.6	1.0	0.1	10.0	0.3	5	100.0
08/30/2006 02:10	1.0	0.1	5.0	0.5	6.0	0.9	6.0	1.5	3.0	0.8	21.0	0.7	5	100.0
08/30/2006 02:15	1.0	0.1	4.0	0.5	7.0	1.0	6.0	1.4	4.0	0.7	22.0	0.7	5	100.0
08/30/2006 02:20	1.0	0.1	3.0	0.3	7.0	1.0	7.0	1.6	5.0	0.8	23.0	0.8	5	100.0
08/30/2006 02:25	0.0	0.0	3.0	0.5	7.0	1.0	3.0	0.7	8.0	1.1	21.0	0.7	5	100.0
08/30/2006 02:30	0.0	0.0	5.0	0.5	4.0	0.5	4.0	0.5	3.0	0.7	16.0	0.4	5	100.0
08/30/2006 02:35	1.0	0.1	5.0	0.5	3.0	0.5	5.0	1.3	2.0	0.3	16.0	0.5	5	100.0
08/30/2006 02:40	1.0	0.1	3.0	0.3	5.0	0.7	7.0	1.5	6.0	1.3	22.0	0.8	5	100.0
08/30/2006 02:45	1.0	0.1	3.0	0.5	3.0	0.4	7.0	1.6	2.0	0.3	16.0	0.6	5	100.0
08/30/2006 02:50	0.0	0.0	1.0	0.1	1.0	0.2	4.0	0.6	4.0	0.9	10.0	0.4	5	100.0
08/30/2006 02:55	1.0	0.1	4.0	0.5	3.0	0.3	7.0	1.7	4.0	0.8	19.0	0.7	5	100.0
08/30/2006 03:00	1.0	0.1	2.0	0.2	4.0	0.6	5.0	0.9	6.0	1.7	18.0	0.7	5	100.0
08/30/2006 03:05	0.0	0.0	2.0	0.2	3.0	0.3	6.0	1.4	1.0	0.1	12.0	0.4	5	100.0
08/30/2006 03:10	1.0	0.1	1.0	0.1	6.0	0.9	4.0	1.1	1.0	0.2	13.0	0.5	5	100.0
08/30/2006 03:15	0.0	0.0	1.0	0.1	2.0	0.3	3.0	0.6	1.0	0.3	7.0	0.3	5	100.0
08/30/2006 03:20	0.0	0.0	2.0	0.3	1.0	0.1	4.0	1.1	4.0	0.9	11.0	0.5	5	100.0
08/30/2006 03:25	1.0	0.1	1.0	0.1	1.0	0.1	4.0	0.8	4.0	0.6	11.0	0.3	5	100.0
08/30/2006 03:30	1.0	0.1	3.0	0.3	1.0	0.3	6.0	1.6	3.0	0.3	14.0	0.5	5	100.0
08/30/2006 03:35	0.0	0.0	2.0	0.3	4.0	0.4	4.0	1.3	2.0	0.2	12.0	0.4	5	100.0
08/30/2006 03:40	0.0	0.0	3.0	0.3	5.0	0.9	6.0	1.6	4.0	0.5	18.0	0.7	5	100.0
08/30/2006 03:45	0.0	0.0	1.0	0.2	4.0	0.6	5.0	1.3	4.0	0.5	14.0	0.5	5	100.0
08/30/2006 03:50	0.0	0.0	2.0	0.2	2.0	0.4	4.0	0.9	5.0	1.4	13.0	0.6	5	100.0
08/30/2006 03:55	0.0	0.0	2.0	0.2	4.0	1.1	5.0	1.9	5.0	1.7	16.0	1.0	5	100.0
08/30/2006 04:00	0.0	0.0	3.0	0.3	6.0	1.3	3.0	0.9	4.0	1.1	16.0	0.7	5	100.0
08/30/2006 04:05	1.0	0.1	3.0	0.3	4.0	0.9	6.0	1.5	4.0	1.0	18.0	0.8	5	100.0
08/30/2006 04:10	0.0	0.0	4.0	0.4	4.0	0.6	5.0	1.1	4.0	1.2	17.0	0.7	5	100.0
08/30/2006 04:15	0.0	0.0	4.0	0.4	5.0	0.7	6.0	1.8	5.0	1.3	20.0	0.9	5	100.0
08/30/2006 04:20	0.0	0.0	5.0	0.5	4.0	0.8	8.0	2.1	7.0	1.2	24.0	0.9	5	100.0
08/30/2006 04:25	0.0	0.0	3.0	0.3	7.0	1.1	9.0	2.5	6.0	1.1	25.0	1.0	5	100.0
08/30/2006 04:30	1.0	0.1	4.0	0.5	7.0	1.2	7.0	1.8	8.0	1.7	27.0	1.1	5	100.0
08/30/2006 04:35	0.0	0.0	5.0	0.5	9.0	1.5	9.0	2.5	11.0	1.8	34.0	1.3	5	100.0
08/30/2006 04:40	1.0	0.1	3.0	0.3	8.0	2.2	9.0	2.4	10.0	2.0	31.0	1.4	5	100.0
08/30/2006 04:45	2.0	0.2	6.0	0.7	8.0	1.3	11.0	2.1	7.0	1.4	34.0	1.1	5	100.0
08/30/2006 04:50	1.0	0.1	5.0	0.6	9.0	1.3	7.0	1.7	9.0	1.9	31.0	1.1	5	100.0
08/30/2006 04:55	1.0	0.1	5.0	0.5	5.0	1.1	7.0	1.7	9.0	1.9	27.0	1.1	5	100.0
08/30/2006 05:00	0.0	0.0	7.0	0.7	8.0	1.3	9.0	2.2	7.0	1.5	31.0	1.1	5	100.0
08/30/2006 05:05	1.0	0.1	9.0	1.0	9.0	1.5	11.0	2.8	8.0	1.7	38.0	1.4	5	100.0
08/30/2006 05:10	0.0	0.0	7.0	0.9	8.0	1.4	11.0	2.6	9.0	2.1	35.0	1.4	5	100.0
08/30/2006 05:15	0.0	0.0	12.0	1.3	15.0	2.9	13.0	3.1	11.0	2.3	51.0	1.9	5	100.0
08/30/2006 05:20	0.0	0.0	15.0	1.8	14.0	3.3	15.0	3.6	11.0	2.3	55.0	2.2	5	100.0
08/30/2006 05:25	1.0	0.1	14.0	1.7	15.0	2.3	16.0	3.3	13.0	2.3	59.0	2.0	5	100.0
08/30/2006 05:30	3.0	0.3	17.0	2.1	18.0	3.1	15.0	3.7	13.0	2.8	66.0	2.4	5	100.0
08/30/2006 05:35	1.0	0.1	15.0	1.7	15.0	2.5	17.0	3.7	15.0	2.6	63.0	2.1	5	100.0
08/30/2006 05:40	1.0	0.1	29.0	3.8	19.0	3.8	20.0	5.1	20.0	3.9	89.0	3.3	5	100.0
08/30/2006 05:45	3.0	0.3	21.0	2.6	19.0	3.4	21.0	4.0	17.0	2.6	81.0	2.6	5	100.0
08/30/2006 05:50	1.0	0.1	19.0	2.1	18.0	2.8	18.0	3.3	19.0	3.6	75.0	2.4	5	100.0
08/30/2006 05:55	2.0	0.2	18.0	2.6	19.0	3.1	21.0	4.1	17.0	3.2	77.0	2.6	5	100.0
08/30/2006 06:00	1.0	0.1	21.0	2.7	23.0	3.7	19.0	4.2	21.0	3.5	85.0	2.8	5	100.0
08/30/2006 06:05	1.0	0.1	23.0	2.7	23.0	3.8	19.0	4.1	15.0	3.5	81.0	2.9	5	100.0
08/30/2006 06:10	0.0	0.0	11.0	1.3	14.0	2.6	17.0	3.5	13.0	2.6	55.0	2.0	5	100.0
08/30/2006 06:15	4.0	0.6	28.0	3.7	28.0	4.6	23.0	4.9	19.0	4.1	102.0	3.6	5	100.0
08/30/2006 06:20	3.0	0.3	35.0	4.4	33.0	5.0	27.0	5.5	23.0	4.3	121.0	3.9	5	100.0
08/30/2006 06:25	6.0	0.6	36.0	4.5	33.0	5.3	29.0	5.6	23.0	4.0	127.0	4.0	5	100.0
08/30/2006 06:30	8.0	1.0	44.0	5.5	33.0	5.5	34.0	6.5	25.0	5.5	144.0	4.8	5	100.0
08/30/2006 06:35	4.0	0.5	43.0	5.6	33.0	5.7	32.0	7.2	30.0	6.1	142.0	5.0	5	100.0
08/30/2006 06:40	5.0	0.5	42.0	5.7	37.0	5.8	32.0	6.1	29.0	5.3	145.0	4.7	5	100.0
08/30/2006 06:45	2.0	0.4	42.0	5.6	33.0	5.9	27.0	4.9	31.0	5.4	135.0	4.4	5	100.0
08/30/2006 06:50	8.0	1.3	48.0	6.5	43.0	7.0	34.0	7.1	35.0	7.1	168.0	5.8	5	100.0
08/30/2006 06:55	6.0	0.7	39.0	5.1	37.0	5.6	35.0	6.6	37.0	6.5	154.0	4.9	5	100.0
08/30/2006 07:00	8.0	0.9	45.0	5.9	38.0	5.9	35.0	6.3	34.0	6.3	160.0	5.1	5	100.0
08/30/2006 07:05	5.0	0.8	36.0	4.9	37.0	5.9	38.0	7.7	29.0	5.3	145.0	4.9	5	100.0
08/30/2006 07:10	5.0	0.7	44.0	6.3	40.0	6.6	34.0	6.5	39.0	7.0	162.0	5.4	5	100.0
08/30/2006 07:15	9.0	1.1	50.0	6.9	43.0	6.5	38.0	7.6	41.0	7.4	181.0	5.9	5	100.0
08/30/2006 07:20	7.0	1.1	54.0	7.4	45.0	7.0	41.0	7.9	38.0	6.7	185.0	6.0	5	100.0
08/30/2006 07:25	9.0	1.1	58.0	8.1	42.0	7.1	42.0	8.3	45.0	8.5	196.0	6.6	5	100.0
08/30/2006 07:30	7.0	0.9	52.0	7.4	43.0	7.9	44.0	8.3	51.0	8.7	197.0	6.7	5	100.0
08/30/2006 07:35	6.0	1.0	59.0	8.3	51.0	8.5	47.0	8.6	46.0	8.9	209.0	7.1	5	100.0
08/30/2006 07:40	6.0	0.7	63.0	8.9	44.0	8.5	50.0	10.1	50.0	8.9	213.0	7.4	5	100.0
08/30/2006 07:45	7.0	0.9	50.0	7.4	43.0	7.9	44.0	7.6	48.0	8.4	192.0	6.4	5	100.0
08/30/2006 07:50	7.0	1.0	56.0	8.1	42.0	7.5	42.0	7.7	51.0	9.4	198.0	6.8	5	100.0
08/30/2006 07:55	9.0	1.4	54.0	7.9	49.0	8.6	41.0	8.5	49.0	9.1	202.0	7.1	5	100.0
08/30/2006 08:00	9.0	0.9	57.0	8.2	41.0	8.2	44.0	8.1	48.0	9.1	199.0	6.9	5	100.0
08/30/2006 08:05	7.0	0.9	61.0	8.8	44.0	7.8	47.0	8.3	49.0	9.3	208.0	7.0	5	100.0
08/30/2006 08:10	8.0	1.3	61.0	8.5	40.0	7.2	43.0	7.9	45.0	8.4	197.0	6.7	5	100.0
08/30/2006 08:15	8.0	1.1	56.0	8.5	43.0	8.7	44.0	8.9	52.0	9.9	203.0	7.4	5	100.0
08/30/2006 08:20	7.0	1.0	57.0	8.5	48.0	8.6	36.0	7.7	54.0	10.7	202.0	7.3	5	100.0
08/30/2006 08:25	8.0	0.9	57.0	8.7	44.0	8.4	43.0	8.9	53.0	10.5	205.0	7.5	5	100.0
08/30/2006 08:30	9.0	1.3	57.0	8.1	40.0	8.3	40.0	8.5	49.0	8.7	195.0	7.0	5	100.0
08/30/2006 08:35	14.0	1.7	53.0	7.9	38.0	8.5	45.0	8.9	50.0	11.0	200.0	7.6	5	100.0
08/30/2006 08:40	9.0	1.2	61.0	9.3	43.0	8.7	45.0	9.9	54.0	11.8	212.0	8.2	5	100.0
08/30/2006 08:45	7.0	1.0	53.0	8.5	42.0	8.9	42.0	9.2	50.0	10.1	194.0	7.5	5	100.0
08/30/2006 08:50	11.0	1.3	50.0	7.2	38.0	8.7	45.0	9.3	53.0	11.2	197.0	7.5	5	100.0
08/30/2006 08:55	7.0	0.9	52.0	7.3	40.0	6.5	41.0	8.6	45.0	9.0	185.0	6.5	5	100.0
08/30/2006 09:00	9.0	1.1	50.0	7.5	39.0	8.3	38.0	7.7	42.0	7.5	178.0	6.4	5	100.0
08/30/2006 09:05	5.0	0.6	48.0	7.2	45.0	8.5	42.0	7.8	43.0	8.3	183.0	6.5	5	100.0
08/30/2006 09:10	8.0	1.2	46.0	6.8	37.0	7.5	37.0	8.3	42.0	7.8	170.0	6.3	5	100.0
08/30/2006 09:15	8.0	1.2	51.0	7.8	43.0	9.4	45.0	8.7	43.0	8.4	190.0	7.1	5	100.0
08/30/2006 09:20	9.0	1.1	58.0	8.8	41.0	9.3	47.0	9.4	48.0	9.2	203.0	7.6	5	100.0
08/30/2006 09:25	13.0	1.9	58.0	8.7	45.0	9.3	41.0	9.0	55.0	10.3	212.0	7.9	5	100.0
08/30/2006 09:30	12.0	1.6	56.0	8.3	37.0	7.1	45.0	8.9	41.0	7.8	191.0	6.7	5	100.0
08/30/2006 09:35	11.0	1.4	54.0	8.3	41.0	9.0	42.0	9.4	50.0	9.8	198.0	7.6	5	100.0
08/30/2006 09:40	15.0	2.3	53.0	8.1	40.0	8.9	41.0	8.5	44.0	8.5	193.0	7.3	5	100.0
08/30/2006 09:45	11.0	1.5	53.0	7.6	42.0	8.6	44.0	9.8	51.0	9.9	201.0	7.5	5	100.0
08/30/2006 09:50	17.0	2.7	50.0	8.9	38.0	10.3	36.0	9.9	41.0	9.5	182.0	8.3	5	100.0
08/30/2006 09:55	29.0	5.2	53.0	12.1	39.0	11.9	33.0	10.1	43.0	12.5	197.0	10.4	5	100.0
08/30/2006 10:00	46.0	8.2	45.0	9.1	41.0	12.1	31.0	10.5	41.0	10.9	204.0	10.2	5	100.0
08/30/2006 10:05	35.0	4.8	45.0	7.1	39.0	9.5	45.0	11.1	52.0	12.3	216.0	9.0	5	100.0
08/30/2006 10:10	22.0	3.0	42.0	6.1	37.0	7.5	41.0	8.7	47.0	9.5	189.0	7.0	5	100.0
08/30/2006 10:15	31.0	3.9	42.0	5.9	39.0	7.9	40.0	8.4	39.0	8.1	191.0	6.8	5	100.0
08/30/2006 10:20	28.0	3.7	41.0	5.9	37.0	7.9	40.0	8.4	47.0	9.2	193.0	7.0	5	100.0
08/30/2006 10:25	21.0	2.6	42.0	6.2	37.0	8.1	36.0	8.8	47.0	10.1	183.0	7.2	5	100.0
08/30/2006 10:30	25.0	3.3	41.0	6.1	37.0	7.1	37.0	8.1	45.0	8.3	185.0	6.6	5	100.0
08/30/2006 10:35	26.0	3.3	39.0	5.7	35.0	6.7	39.0	8.4	45.0	8.9	184.0	6.6	5	100.0
08/30/2006 10:40	35.0	4.7	45.0	6.3	39.0	7.8	37.0	8.4	40.0	7.9	196.0	7.0	5	100.0
08/30/2006 10:45	35.0	5.0	49.0	7.6	41.0	8.9	37.0	9.3	43.0	9.6	205.0	8.1	5	100.0
08/30/2006 10:50	30.0	3.9	40.0	5.7	37.0	7.3	42.0	8.8	49.0	9.1	198.0	7.0	5	100.0
08/30/2006 10:55	27.0	3.7	41.0	6.1	37.0	7.7	40.0	8.0	43.0	8.2	188.0	6.7	5	100.0
08/30/2006 11:00	29.0	3.9	39.0	5.5	39.0	7.9	41.0	9.5	45.0	8.6	193.0	7.1	5	100.0
08/30/2006 11:05	28.0	3.7	43.0	6.4	36.0	7.5	37.0	7.9	39.0	7.3	183.0	6.6	5	100.0
08/30/2006 11:10	31.0	3.9	36.0	4.9	41.0	7.4	41.0	8.0	45.0	8.6	194.0	6.6	5	100.0
08/30/2006 11:15	24.0	3.3	37.0	5.0	38.0	7.2	39.0	8.4	45.0	8.4	183.0	6.5	5	100.0
08/30/2006 11:20	31.0	4.1	43.0	6.1	33.0	7.8	35.0	7.1	41.0	8.2	183.0	6.6	5	100.0
08/30/2006 11:25	29.0	4.0	43.0	6.4	41.0	9.7	44.0	10.5	47.0	10.6	204.0	8.3	5	100.0
08/30/2006 11:30	29.0	4.1	39.0	5.5	37.0	7.8	42.0	9.3	50.0	11.3	197.0	7.6	5	100.0
08/30/2006 11:35	30.0	4.1	43.0	6.0	38.0	7.5	37.0	8.9	45.0	8.1	193.0	6.9	5	100.0
08/30/2006 11:40	30.0	3.7	37.0	5.4	33.0	7.6	34.0	7.5	41.0	7.7	175.0	6.4	5	100.0
08/30/2006 11:45	29.0	3.9	39.0	5.5	34.0	7.6	33.0	7.7	40.0	7.9	175.0	6.5	5	100.0
08/30/2006 11:50	26.0	3.3	41.0	6.0	35.0	7.7	43.0	9.6	43.0	8.1	188.0	6.9	5	100.0
08/30/2006 11:55	27.0	3.3	39.0	5.3	35.0	7.1	39.0	7.5	43.0	8.1	183.0	6.3	5	100.0
08/30/2006 12:00	27.0	3.5	35.0	4.8	32.0	5.9	32.0	6.8	37.0	7.1	163.0	5.6	5	100.0
08/30/2006 12:05	17.0	2.1	27.0	3.9	27.0	5.9	28.0	5.9	32.0	6.2	131.0	4.8	5	100.0
08/30/2006 12:10	0.0	0.0	0.0	0.0	0.0	0.0	0.0	0.0	0.0	0.0	0.0	0.0	5	100.0
08/30/2006 12:15	18.0	2.5	18.0	2.7	17.0	3.4	17.0	3.4	22.0	4.1	92.0	3.2	5	0.0
08/30/2006 12:20	10.0	1.4	15.0	2.1	15.0	2.9	17.0	3.4	22.0	4.2	79.0	2.8	5	0.0
08/30/2006 12:25	15.0	2.1	21.0	3.0	20.0	3.8	21.0	4.1	26.0	4.9	103.0	3.6	5	0.0
08/30/2006 12:30	19.0	2.5	21.0	2.9	21.0	3.7	20.0	3.8	24.0	4.4	105.0	3.5	5	0.0
08/30/2006 12:35	16.0	2.0	21.0	2.8	21.0	3.5	20.0	4.0	23.0	4.1	101.0	3.3	5	0.0
08/30/2006 12:40	0.0	0.0	0.0	0.0	0.0	0.0	0.0	0.0	0.0	0.0	0.0	0.0	5	100.0
08/30/2006 12:45	19.0	2.5	31.0	4.4	31.0	5.9	30.0	6.1	37.0	7.0	148.0	5.2	5	100.0
08/30/2006 12:50	38.0	5.2	43.0	6.3	43.0	8.9	39.0	8.7	45.0	9.1	208.0	7.7	5	100.0
08/30/2006 12:55	33.0	4.2	43.0	6.5	37.0	7.6	40.0	8.3	50.0	10.1	203.0	7.4	5	100.0
08/30/2006 13:00	33.0	4.4	43.0	6.2	37.0	8.1	44.0	8.2	45.0	8.5	202.0	7.1	5	100.0
08/30/2006 13:05	5.0	0.6	4.0	0.6	4.0	0.7	4.0	0.9	4.0	0.9	21.0	0.7	5	100.0
08/30/2006 13:10	0.0	0.0	0.0	0.0	0.0	0.0	0.0	0.0	0.0	0.0	0.0	0.0	5	100.0
08/30/2006 13:15	14.0	1.8	12.0	1.6	16.0	2.2	12.0	2.4	10.0	2.2	64.0	2.0	5	100.0
08/30/2006 13:20	0.0	0.0	0.0	0.0	0.0	0.0	0.0	0.0	0.0	0.0	0.0	0.0	5	100.0
08/30/2006 13:25	0.0	0.0	0.0	0.0	0.0	0.0	0.0	0.0	0.0	0.0	0.0	0.0	5	100.0
08/30/2006 13:30	0.0	0.0	0.0	0.0	0.0	0.0	0.0	0.0	0.0	0.0	0.0	0.0	5	100.0
08/30/2006 13:35	0.0	0.0	0.0	0.0	0.0	0.0	0.0	0.0	0.0	0.0	0.0	0.0	5	100.0
08/30/2006 13:40	0.0	0.0	0.0	0.0	0.0	0.0	0.0	0.0	0.0	0.0	0.0	0.0	5	100.0
08/30/2006 13:45	0.0	0.0	0.0	0.0	0.0	0.0	0.0	0.0	0.0	0.0	0.0	0.0	5	100.0
08/30/2006 13:50	6.0	0.9	14.0	2.1	9.0	1.9	9.0	2.2	13.0	2.6	51.0	1.9	5	100.0
08/30/2006 13:55	0.0	0.0	0.0	0.0	0.0	0.0	0.0	0.0	0.0	0.0	0.0	0.0	5	100.0
08/30/2006 14:00	0.0	0.0	0.0	0.0	0.0	0.0	0.0	0.0	0.0	0.0	0.0	0.0	5	100.0
08/30/2006 14:05	0.0	0.0	0.0	0.0	0.0	0.0	0.0	0.0	0.0	0.0	0.0	0.0	5	100.0
08/30/2006 14:10	5.0	0.6	4.0	0.6	4.0	0.6	3.0	0.7	5.0	1.1	21.0	0.7	5	100.0
08/30/2006 14:15	57.0	8.4	55.0	8.3	45.0	8.3	48.0	10.6	50.0	9.9	255.0	9.1	5	100.0
08/30/2006 14:20	49.0	6.7	51.0	7.4	40.0	7.7	45.0	8.3	47.0	8.8	232.0	7.8	5	100.0
08/30/2006 14:25	53.0	7.7	51.0	7.8	47.0	8.4	41.0	9.2	41.0	7.4	233.0	8.1	5	100.0
08/30/2006 14:30	29.0	4.1	30.0	4.6	27.0	5.3	27.0	4.6	26.0	4.5	139.0	4.6	5	100.0
08/30/2006 14:35	53.0	7.5	48.0	7.0	38.0	8.3	45.0	7.7	45.0	8.6	229.0	7.8	5	100.0
08/30/2006 14:40	61.0	9.7	55.0	9.3	43.0	9.9	43.0	10.1	43.0	8.7	245.0	9.5	5	100.0
08/30/2006 14:45	60.0	8.9	59.0	9.0	44.0	9.3	50.0	9.5	47.0	8.6	260.0	9.1	5	100.0
08/30/2006 14:50	57.0	10.1	54.0	9.6	41.0	9.7	46.0	10.3	41.0	8.7	239.0	9.7	5	100.0
08/30/2006 14:55	53.0	10.9	50.0	10.9	43.0	13.0	41.0	9.9	44.0	10.9	231.0	11.1	5	100.0
08/30/2006 15:00	46.0	8.5	55.0	11.6	43.0	11.6	48.0	11.9	48.0	13.1	240.0	11.4	5	100.0
08/30/2006 15:05	36.0	6.7	52.0	11.0	43.0	11.5	47.0	10.9	43.0	10.7	221.0	10.2	5	100.0
08/30/2006 15:10	31.0	5.6	51.0	10.2	45.0	10.3	49.0	11.5	43.0	10.0	219.0	9.5	5	100.0
08/30/2006 15:15	39.0	7.1	57.0	13.3	45.0	12.8	41.0	10.9	45.0	12.0	227.0	11.2	5	100.0
08/30/2006 15:20	44.0	8.8	58.0	13.6	46.0	14.4	43.0	12.3	44.0	11.4	235.0	12.1	5	100.0
08/30/2006 15:25	20.0	4.1	27.0	7.0	26.0	6.7	23.0	7.3	23.0	6.5	119.0	6.3	5	100.0
08/30/2006 15:30	43.0	7.4	54.0	11.5	45.0	10.8	47.0	10.9	44.0	9.8	233.0	10.1	5	100.0
08/30/2006 15:35	40.0	7.3	53.0	10.9	45.0	10.5	47.0	9.8	41.0	9.3	226.0	9.6	5	100.0
08/30/2006 15:40	41.0	6.9	53.0	12.2	47.0	12.6	46.0	11.0	44.0	11.5	231.0	10.8	5	100.0
08/30/2006 15:45	17.0	3.2	22.0	4.4	18.0	4.3	18.0	4.3	17.0	3.8	92.0	4.0	5	100.0
08/30/2006 15:50	42.0	9.8	38.0	18.4	38.0	14.7	41.0	12.8	41.0	11.8	200.0	13.5	5	100.0
08/30/2006 15:55	45.0	9.3	45.0	11.5	43.0	11.6	41.0	11.9	42.0	10.3	216.0	10.9	5	100.0
08/30/2006 16:00	41.0	9.6	45.0	16.1	41.0	14.2	49.0	14.1	45.0	12.3	221.0	13.3	5	100.0
08/30/2006 16:05	40.0	9.5	45.0	18.6	43.0	18.2	42.0	14.1	43.0	13.3	213.0	14.8	5	100.0
08/30/2006 16:10	42.0	10.7	44.0	17.4	40.0	16.6	45.0	13.9	44.0	11.9	215.0	14.1	5	100.0
08/30/2006 16:15	45.0	10.4	49.0	14.0	42.0	13.9	47.0	12.1	47.0	12.3	230.0	12.6	5	100.0
08/30/2006 16:20	44.0	15.6	42.0	18.8	39.0	16.3	45.0	16.3	45.0	13.2	215.0	16.0	5	100.0
08/30/2006 16:25	41.0	8.1	46.0	10.7	41.0	11.5	50.0	12.0	42.0	10.2	220.0	10.5	5	100.0
08/30/2006 16:30	41.0	14.9	29.0	23.9	29.0	22.6	35.0	18.5	43.0	18.4	177.0	19.7	5	100.0
08/30/2006 16:35	37.0	14.1	20.0	30.7	21.0	28.2	31.0	24.4	36.0	19.2	145.0	23.3	5	100.0
08/30/2006 16:40	37.0	18.8	24.0	28.9	17.0	31.1	33.0	24.9	33.0	21.2	144.0	25.0	5	100.0
08/30/2006 16:45	31.0	18.4	22.0	31.1	19.0	29.5	25.0	25.6	29.0	24.9	126.0	25.9	5	100.0
08/30/2006 16:50	36.0	15.9	34.0	18.6	29.0	18.1	36.0	19.1	33.0	22.4	168.0	18.8	5	100.0
08/30/2006 16:55	40.0	9.8	36.0	15.4	41.0	14.4	43.0	12.3	43.0	10.4	203.0	12.5	5	100.0
08/30/2006 17:00	43.0	10.7	48.0	14.3	45.0	14.3	44.0	13.0	47.0	12.5	227.0	13.0	5	100.0
08/30/2006 17:05	48.0	10.3	50.0	12.0	43.0	11.7	49.0	13.3	46.0	11.0	236.0	11.7	5	100.0
08/30/2006 17:10	35.0	6.5	40.0	9.0	25.0	8.0	35.0	10.5	35.0	8.5	170.0	8.5	5	100.0
08/30/2006 17:15	38.0	14.6	38.0	20.3	36.0	17.9	37.0	16.6	40.0	13.4	189.0	16.6	5	0.0
08/30/2006 17:20	42.0	17.5	39.0	19.4	37.0	19.4	39.0	18.1	46.0	16.3	203.0	18.1	5	0.0
08/30/2006 17:25	45.0	17.3	42.0	15.4	41.0	17.9	40.0	15.3	45.0	15.2	213.0	16.2	5	0.0
08/30/2006 17:30	43.0	11.9	40.0	15.7	33.0	13.5	42.0	12.0	45.0	11.3	203.0	12.9	5	0.0
08/30/2006 17:35	41.0	17.5	43.0	15.6	42.0	15.9	42.0	14.5	45.0	13.7	213.0	15.5	5	0.0
08/30/2006 17:40	43.0	17.3	41.0	19.9	39.0	21.1	48.0	19.0	46.0	15.7	217.0	18.6	5	0.0
08/30/2006 17:45	47.0	15.4	46.0	14.4	47.0	16.5	49.0	17.7	48.0	17.6	237.0	16.3	5	0.0
08/30/2006 17:50	43.0	15.3	43.0	18.3	39.0	17.2	42.0	16.5	45.0	18.7	212.0	17.2	5	0.0
08/30/2006 17:55	46.0	13.2	45.0	12.6	42.0	13.1	42.0	13.4	42.0	13.6	217.0	13.2	5	0.0
08/30/2006 18:00	43.0	14.5	40.0	16.5	38.0	16.1	45.0	15.3	42.0	13.5	208.0	15.2	5	0.0
08/30/2006 18:05	43.0	13.2	46.0	19.2	44.0	19.6	46.0	18.9	46.0	15.0	225.0	17.2	5	0.0
08/30/2006 18:10	45.0	13.6	45.0	19.1	42.0	21.9	44.0	19.2	44.0	17.2	220.0	18.2	5	0.0
08/30/2006 18:15	45.0	12.3	48.0	14.7	45.0	14.1	46.0	13.5	45.0	13.0	229.0	13.5	5	0.0
08/30/2006 18:20	44.0	13.0	46.0	15.0	42.0	14.1	41.0	14.2	46.0	13.3	219.0	13.9	5	0.0
08/30/2006 18:25	41.0	10.5	47.0	17.0	41.0	13.9	43.0	13.4	47.0	12.9	219.0	13.5	5	0.0
08/30/2006 18:30	43.0	10.6	48.0	11.8	44.0	13.9	47.0	13.0	44.0	11.0	226.0	12.1	5	0.0
08/30/2006 18:35	47.0	11.5	51.0	14.1	45.0	15.1	49.0	14.3	43.0	11.4	235.0	13.3	5	0.0
08/30/2006 18:40	47.0	10.7	53.0	13.1	46.0	12.5	47.0	12.6	44.0	11.3	237.0	12.1	5	0.0
08/30/2006 18:45	45.0	13.2	47.0	14.2	43.0	12.5	49.0	13.5	47.0	12.1	231.0	13.1	5	0.0
08/30/2006 18:50	52.0	12.2	55.0	14.4	49.0	15.2	50.0	14.2	51.0	13.5	257.0	13.9	5	0.0
08/30/2006 18:55	42.0	11.5	46.0	13.9	42.0	14.6	41.0	14.4	44.0	13.4	215.0	13.6	5	0.0
08/30/2006 19:00	49.0	11.5	48.0	11.4	43.0	12.0	43.0	11.6	48.0	13.3	231.0	12.0	5	0.0
08/30/2006 19:05	50.0	11.1	51.0	11.2	45.0	11.9	45.0	10.9	45.0	10.2	236.0	11.1	5	0.0
08/30/2006 19:10	48.0	11.8	50.0	12.1	41.0	11.8	47.0	12.0	48.0	12.7	234.0	12.1	5	0.0
08/30/2006 19:15	55.0	12.3	55.0	12.9	51.0	13.5	50.0	13.1	44.0	12.0	255.0	12.8	5	0.0
08/30/2006 19:20	52.0	13.0	51.0	13.4	49.0	13.1	44.0	12.3	46.0	12.6	242.0	12.9	5	0.0
08/30/2006 19:25	45.0	11.7	48.0	12.1	44.0	11.9	43.0	12.0	47.0	12.5	227.0	12.1	5	0.0
08/30/2006 19:30	53.0	12.3	54.0	13.2	45.0	13.0	49.0	13.2	52.0	13.0	253.0	12.9	5	0.0
08/30/2006 19:35	49.0	12.1	44.0	10.3	46.0	10.7	43.0	9.8	46.0	10.5	228.0	10.7	5	0.0
08/30/2006 19:40	44.0	6.7	44.0	6.3	42.0	6.6	44.0	7.4	42.0	7.0	216.0	6.8	5	0.0
08/30/2006 19:45	48.0	6.9	49.0	7.2	40.0	7.4	45.0	7.7	48.0	7.8	230.0	7.4	5	0.0
08/30/2006 19:50	39.0	5.5	44.0	6.2	44.0	6.6	39.0	6.9	41.0	6.5	207.0	6.3	5	0.0
08/30/2006 19:55	39.0	5.7	52.0	7.4	45.0	6.8	45.0	7.0	45.0	7.6	226.0	6.9	5	0.0
08/30/2006 20:00	48.0	6.7	47.0	6.7	43.0	6.5	41.0	6.5	41.0	6.9	220.0	6.7	5	0.0
08/30/2006 20:05	48.0	6.9	41.0	6.0	39.0	6.3	37.0	6.0	39.0	6.7	204.0	6.4	5	0.0
08/30/2006 20:10	47.0	6.6	50.0	7.1	47.0	7.5	41.0	6.5	41.0	7.1	226.0	7.0	5	0.0
08/30/2006 20:15	37.0	5.3	42.0	5.7	34.0	5.8	34.0	5.1	35.0	5.5	182.0	5.5	5	0.0
08/30/2006 20:20	45.0	6.3	46.0	6.6	43.0	7.7	39.0	7.2	37.0	6.1	210.0	6.8	5	0.0
08/30/2006 20:25	42.0	6.0	45.0	6.2	39.0	6.8	39.0	7.3	41.0	6.4	206.0	6.6	5	0.0
08/30/2006 20:30	33.0	4.4	42.0	5.9	40.0	5.8	34.0	5.6	36.0	6.3	185.0	5.6	5	0.0
08/30/2006 20:35	33.0	4.4	41.0	5.7	40.0	6.3	40.0	6.3	37.0	5.9	191.0	5.7	5	0.0
08/30/2006 20:40	36.0	4.9	35.0	4.8	39.0	5.6	40.0	6.6	34.0	5.2	184.0	5.4	5	0.0
08/30/2006 20:45	31.0	4.3	41.0	5.7	37.0	5.5	35.0	5.5	34.0	5.4	178.0	5.3	5	0.0
08/30/2006 20:50	0.0	0.0	0.0	0.0	0.0	0.0	0.0	0.0	0.0	0.0	0.0	0.0	5	100.0
08/30/2006 20:55	27.0	3.5	35.0	5.1	34.0	4.8	31.0	5.7	33.0	5.8	160.0	5.0	5	100.0
08/30/2006 21:00	26.0	3.3	33.0	4.4	36.0	6.3	39.0	5.9	37.0	5.9	171.0	5.2	5	100.0
08/30/2006 21:05	34.0	4.5	41.0	5.3	34.0	5.4	33.0	5.6	33.0	5.3	175.0	5.2	5	100.0
08/30/2006 21:10	23.0	2.8	29.0	3.9	29.0	4.4	32.0	5.1	28.0	4.3	141.0	4.1	5	100.0
08/30/2006 21:15	30.0	4.0	35.0	4.6	34.0	5.6	32.0	5.1	30.0	4.9	161.0	4.8	5	100.0
08/30/2006 21:20	10.0	1.5	25.0	3.0	15.0	2.0	20.0	2.5	25.0	3.0	95.0	2.4	5	100.0
08/30/2006 21:25	26.0	3.4	34.0	4.5	34.0	5.3	35.0	5.9	29.0	4.6	158.0	4.7	5	0.0
08/30/2006 21:30	21.0	2.6	29.0	3.7	31.0	4.6	35.0	5.8	31.0	5.0	147.0	4.4	5	0.0
08/30/2006 21:35	28.0	3.8	34.0	4.9	36.0	5.6	39.0	6.8	34.0	6.5	171.0	5.5	5	0.0
08/30/2006 21:40	33.0	4.4	36.0	4.8	37.0	5.6	34.0	5.9	38.0	6.4	178.0	5.4	5	0.0
08/30/2006 21:45	26.0	3.2	34.0	4.6	36.0	5.4	35.0	6.1	32.0	6.1	163.0	5.1	5	0.0
08/30/2006 21:50	25.0	3.1	28.0	3.9	30.0	4.5	33.0	5.6	28.0	4.6	144.0	4.3	5	0.0
08/30/2006 21:55	29.0	3.8	35.0	4.6	29.0	4.5	36.0	5.7	34.0	5.9	163.0	4.9	5	0.0
08/30/2006 22:00	20.0	2.5	34.0	4.5	30.0	4.6	33.0	5.5	28.0	4.6	145.0	4.3	5	0.0
08/30/2006 22:05	24.0	3.1	32.0	4.2	31.0	4.4	31.0	4.9	29.0	4.7	147.0	4.3	5	0.0
08/30/2006 22:10	25.0	3.1	29.0	3.7	33.0	4.5	29.0	4.5	31.0	5.2	147.0	4.2	5	0.0
08/30/2006 22:15	24.0	3.1	29.0	3.7	28.0	4.1	30.0	4.7	25.0	4.4	136.0	4.0	5	0.0
08/30/2006 22:20	21.0	2.7	27.0	3.5	29.0	4.1	31.0	5.1	25.0	4.1	133.0	3.9	5	0.0
08/30/2006 22:25	19.0	2.3	27.0	3.7	29.0	4.0	25.0	4.5	28.0	4.3	128.0	3.8	5	0.0
08/30/2006 22:30	20.0	2.5	26.0	3.4	26.0	3.6	24.0	4.6	28.0	4.7	124.0	3.8	5	0.0
08/30/2006 22:35	26.0	3.4	29.0	3.8	28.0	4.4	31.0	4.9	27.0	4.5	141.0	4.2	5	0.0
08/30/2006 22:40	17.0	2.3	24.0	3.1	29.0	4.3	21.0	3.6	21.0	3.2	112.0	3.3	5	0.0
08/30/2006 22:45	17.0	2.2	29.0	3.7	25.0	3.6	23.0	4.2	24.0	3.7	118.0	3.5	5	0.0
08/30/2006 22:50	16.0	2.1	26.0	3.1	26.0	3.4	24.0	4.3	24.0	3.5	116.0	3.3	5	0.0
08/30/2006 22:55	17.0	2.2	28.0	3.4	28.0	4.0	28.0	4.4	24.0	3.6	125.0	3.5	5	0.0
08/30/2006 23:00	17.0	2.2	26.0	3.4	28.0	3.7	26.0	4.3	26.0	4.6	123.0	3.6	5	0.0
08/30/2006 23:05	15.0	1.7	22.0	2.9	22.0	3.2	22.0	4.3	17.0	2.9	98.0	3.0	5	0.0
08/30/2006 23:10	9.0	1.1	13.0	1.5	13.0	1.7	11.0	1.9	11.0	1.8	57.0	1.6	5	0.0
08/30/2006 23:15	15.0	1.9	23.0	3.0	23.0	3.1	20.0	3.4	17.0	2.5	98.0	2.8	5	0.0
08/30/2006 23:20	9.0	1.0	20.0	2.5	20.0	2.6	17.0	2.9	16.0	2.9	82.0	2.4	5	0.0
08/30/2006 23:25	16.0	1.9	26.0	3.3	20.0	3.2	21.0	3.7	19.0	3.1	102.0	3.0	5	0.0
08/30/2006 23:30	13.0	1.5	20.0	2.4	18.0	2.6	19.0	3.6	20.0	3.1	90.0	2.6	5	0.0
08/30/2006 23:35	11.0	1.3	20.0	2.5	17.0	2.3	15.0	2.6	15.0	2.9	78.0	2.3	5	0.0
08/30/2006 23:40	10.0	1.1	20.0	2.5	20.0	3.0	19.0	2.9	16.0	2.4	85.0	2.4	5	0.0
08/30/2006 23:45	14.0	1.6	21.0	2.5	19.0	3.3	16.0	3.3	14.0	2.9	84.0	2.7	5	0.0
08/30/2006 23:50	13.0	1.4	17.0	2.1	21.0	2.9	17.0	2.9	16.0	3.4	84.0	2.5	5	0.0
08/30/2006 23:55	8.0	1.0	19.0	2.4	18.0	2.9	19.0	3.4	13.0	1.9	77.0	2.3	5	0.0
08/31/2006 00:00	7.0	0.8	18.0	2.4	15.0	2.2	17.0	3.0	14.0	2.4	71.0	2.2	5	0.0
08/31/2006 00:05	7.0	0.8	18.0	2.4	16.0	2.7	15.0	2.5	13.0	2.3	69.0	2.1	5	0.0
08/31/2006 00:10	10.0	1.1	18.0	2.2	17.0	2.2	16.0	2.5	14.0	2.7	75.0	2.1	5	0.0
08/31/2006 00:15	7.0	0.8	17.0	2.1	19.0	2.3	13.0	2.8	13.0	1.9	69.0	2.0	5	0.0
08/31/2006 00:20	8.0	0.8	11.0	1.4	14.0	1.9	13.0	2.3	10.0	1.6	56.0	1.6	5	0.0
08/31/2006 00:25	7.0	0.7	12.0	1.5	12.0	1.7	12.0	2.0	10.0	1.7	53.0	1.5	5	0.0
08/31/2006 00:30	5.0	0.5	12.0	1.4	11.0	1.4	11.0	2.1	7.0	1.3	46.0	1.4	5	0.0
08/31/2006 00:35	6.0	0.6	9.0	1.0	9.0	1.1	11.0	1.7	9.0	1.6	44.0	1.2	5	0.0
08/31/2006 00:40	6.0	0.7	14.0	1.8	13.0	1.8	14.0	2.2	10.0	1.5	57.0	1.6	5	0.0
08/31/2006 00:45	4.0	0.5	13.0	1.5	12.0	1.7	13.0	2.5	10.0	1.7	52.0	1.6	5	0.0
08/31/2006 00:50	6.0	0.6	11.0	1.5	12.0	2.0	10.0	2.1	8.0	1.6	47.0	1.6	5	0.0
08/31/2006 00:55	5.0	0.6	12.0	1.4	12.0	1.8	12.0	2.3	9.0	1.6	50.0	1.5	5	0.0
08/31/2006 01:00	3.0	0.3	10.0	1.0	12.0	1.5	11.0	1.8	8.0	1.2	44.0	1.2	5	0.0
08/31/2006 01:05	5.0	0.6	10.0	1.2	9.0	1.1	10.0	1.7	8.0	1.1	42.0	1.1	5	0.0
08/31/2006 01:10	4.0	0.4	11.0	1.1	13.0	1.8	10.0	1.9	9.0	1.6	47.0	1.4	5	0.0
08/31/2006 01:15	4.0	0.4	8.0	1.0	9.0	1.3	8.0	1.9	7.0	0.8	36.0	1.1	5	0.0
08/31/2006 01:20	1.0	0.1	8.0	0.8	9.0	1.2	9.0	1.5	7.0	1.0	34.0	0.9	5	0.0
08/31/2006 01:25	3.0	0.2	9.0	1.0	8.0	1.3	7.0	1.3	7.0	1.1	34.0	1.0	5	0.0
08/31/2006 01:30	2.0	0.2	6.0	0.7	6.0	0.7	7.0	1.4	6.0	1.1	27.0	0.8	5	0.0
08/31/2006 01:35	1.0	0.1	8.0	0.9	8.0	1.3	8.0	1.2	6.0	0.9	31.0	0.9	5	0.0
08/31/2006 01:40	4.0	0.4	6.0	0.7	6.0	0.7	8.0	1.7	5.0	0.8	29.0	0.9	5	0.0
08/31/2006 01:45	3.0	0.2	9.0	0.9	8.0	1.0	8.0	1.7	5.0	0.7	33.0	0.9	5	0.0
08/31/2006 01:50	2.0	0.2	7.0	0.8	8.0	1.3	9.0	2.0	6.0	1.0	32.0	1.1	5	0.0
08/31/2006 01:55	1.0	0.2	8.0	0.8	9.0	1.3	10.0	1.7	6.0	1.0	34.0	1.0	5	0.0
08/31/2006 02:00	2.0	0.1	7.0	0.7	7.0	1.0	8.0	1.9	6.0	1.0	30.0	1.0	5	0.0
08/31/2006 02:05	2.0	0.2	8.0	1.0	7.0	1.3	8.0	1.3	8.0	1.4	33.0	1.0	5	0.0
08/31/2006 02:10	1.0	0.1	5.0	0.7	7.0	0.9	8.0	1.5	6.0	0.9	27.0	0.8	5	0.0
08/31/2006 02:15	2.0	0.2	4.0	0.5	7.0	1.0	6.0	1.2	5.0	0.8	24.0	0.7	5	0.0
08/31/2006 02:20	2.0	0.2	5.0	0.5	8.0	1.2	7.0	1.2	4.0	0.6	26.0	0.7	5	0.0
08/31/2006 02:25	1.0	0.1	7.0	0.8	7.0	1.3	7.0	1.9	3.0	0.3	25.0	0.9	5	0.0
08/31/2006 02:30	1.0	0.1	7.0	0.7	6.0	0.9	7.0	1.6	6.0	0.9	27.0	0.8	5	0.0
08/31/2006 02:35	1.0	0.1	5.0	0.6	6.0	1.0	9.0	2.0	4.0	0.9	25.0	0.9	5	0.0
08/31/2006 02:40	1.0	0.0	4.0	0.4	5.0	0.7	6.0	1.4	3.0	0.6	19.0	0.6	5	0.0
08/31/2006 02:45	1.0	0.1	4.0	0.4	4.0	0.7	5.0	1.0	2.0	0.5	16.0	0.5	5	0.0
08/31/2006 02:50	0.0	0.0	3.0	0.3	4.0	0.6	7.0	1.4	5.0	0.7	19.0	0.6	5	0.0
08/31/2006 02:55	0.0	0.0	4.0	0.4	4.0	0.5	6.0	1.0	5.0	0.8	19.0	0.6	5	0.0
08/31/2006 03:00	1.0	0.1	3.0	0.3	3.0	0.6	4.0	1.0	2.0	0.5	13.0	0.5	5	0.0
08/31/2006 03:05	1.0	0.0	3.0	0.3	2.0	0.3	4.0	1.0	4.0	0.7	14.0	0.5	5	0.0
08/31/2006 03:10	0.0	0.0	3.0	0.3	6.0	1.1	5.0	1.5	4.0	0.8	18.0	0.7	5	0.0
08/31/2006 03:15	1.0	0.0	4.0	0.5	4.0	0.7	4.0	1.4	2.0	0.5	15.0	0.6	5	0.0
08/31/2006 03:20	1.0	0.0	4.0	0.5	4.0	0.5	5.0	0.7	4.0	0.9	18.0	0.5	5	0.0
08/31/2006 03:25	1.0	0.0	4.0	0.5	6.0	0.9	4.0	1.2	5.0	0.7	20.0	0.7	5	0.0
08/31/2006 03:30	1.0	0.0	3.0	0.4	4.0	0.7	5.0	1.1	6.0	1.0	19.0	0.6	5	0.0
08/31/2006 03:35	0.0	0.0	4.0	0.4	4.0	0.6	6.0	2.3	3.0	0.6	17.0	0.8	5	0.0
08/31/2006 03:40	0.0	0.0	3.0	0.4	4.0	0.6	5.0	1.5	5.0	0.9	17.0	0.7	5	0.0
08/31/2006 03:45	0.0	0.0	3.0	0.2	5.0	1.1	5.0	1.2	3.0	0.6	16.0	0.6	5	0.0
08/31/2006 03:50	1.0	0.1	4.0	0.4	4.0	0.8	7.0	1.5	4.0	0.9	20.0	0.7	5	0.0
08/31/2006 03:55	1.0	0.0	3.0	0.3	5.0	0.9	6.0	1.5	4.0	0.9	19.0	0.7	5	0.0
08/31/2006 04:00	0.0	0.0	4.0	0.4	5.0	0.8	7.0	1.6	8.0	1.5	24.0	0.9	5	0.0
08/31/2006 04:05	1.0	0.0	3.0	0.4	4.0	0.5	7.0	1.9	4.0	0.5	19.0	0.7	5	0.0
08/31/2006 04:10	1.0	0.0	4.0	0.5	5.0	0.9	6.0	1.6	6.0	1.1	22.0	0.8	5	0.0
08/31/2006 04:15	0.0	0.0	4.0	0.4	7.0	1.0	5.0	1.7	5.0	1.0	21.0	0.8	5	0.0
08/31/2006 04:20	0.0	0.0	0.0	0.0	0.0	0.0	0.0	0.0	0.0	0.0	0.0	0.0	5	100.0
08/31/2006 04:25	6.0	0.8	8.0	0.8	6.0	1.0	10.0	1.2	8.0	1.2	38.0	1.0	5	100.0
08/31/2006 04:30	0.0	0.0	3.0	0.4	5.0	0.9	10.0	2.8	5.0	1.5	23.0	1.1	5	100.0
08/31/2006 04:35	1.0	0.1	6.0	0.6	6.0	1.3	7.0	2.9	8.0	1.9	28.0	1.4	5	100.0
08/31/2006 04:40	5.0	0.5	10.0	1.0	10.0	4.0	5.0	1.5	5.0	0.5	35.0	1.5	5	100.0
08/31/2006 04:45	0.0	0.0	0.0	0.0	0.0	0.0	0.0	0.0	0.0	0.0	0.0	0.0	5	100.0
08/31/2006 04:50	0.0	0.0	0.0	0.0	0.0	0.0	0.0	0.0	1.0	0.4	1.0	0.1	5	100.0
08/31/2006 04:55	1.0	0.1	5.0	0.7	8.0	1.2	7.0	1.6	9.0	1.9	30.0	1.1	5	100.0
08/31/2006 05:00	0.0	0.0	7.0	0.8	9.0	1.5	8.0	2.4	9.0	1.5	33.0	1.2	5	100.0
08/31/2006 05:05	0.0	0.0	10.0	1.2	10.0	1.8	11.0	2.0	8.0	1.3	39.0	1.3	5	100.0
08/31/2006 05:10	1.0	0.1	7.0	1.1	12.0	1.9	9.0	1.9	11.0	2.1	40.0	1.4	5	100.0
08/31/2006 05:15	1.0	0.1	11.0	1.3	15.0	3.3	11.0	2.8	11.0	2.7	49.0	2.0	5	100.0
08/31/2006 05:20	0.0	0.0	14.0	1.6	17.0	3.0	12.0	3.0	14.0	3.2	57.0	2.2	5	100.0
08/31/2006 05:25	1.0	0.1	17.0	2.2	16.0	2.3	17.0	3.5	11.0	2.7	62.0	2.2	5	100.0
08/31/2006 05:30	1.0	0.1	10.0	1.3	16.0	2.5	16.0	3.6	14.0	2.7	57.0	2.0	5	100.0
08/31/2006 05:35	4.0	0.4	11.0	1.4	17.0	2.6	14.0	3.7	11.0	1.9	57.0	2.0	5	100.0
08/31/2006 05:40	2.0	0.2	18.0	2.2	21.0	3.7	21.0	5.2	21.0	4.2	83.0	3.1	5	100.0
08/31/2006 05:45	1.0	0.1	17.0	2.1	19.0	3.6	21.0	4.1	17.0	3.2	75.0	2.6	5	100.0
08/31/2006 05:50	1.0	0.1	21.0	2.7	20.0	3.1	23.0	5.3	19.0	3.9	84.0	3.0	5	100.0
08/31/2006 05:55	0.0	0.0	17.0	2.3	23.0	3.7	24.0	3.9	18.0	3.8	82.0	2.7	5	100.0
08/31/2006 06:00	3.0	0.4	22.0	2.7	24.0	3.5	19.0	4.9	17.0	3.5	85.0	3.0	5	100.0
08/31/2006 06:05	2.0	0.2	19.0	2.6	21.0	3.5	24.0	4.4	14.0	2.6	80.0	2.7	5	100.0
08/31/2006 06:10	3.0	0.3	26.0	3.4	21.0	3.9	23.0	4.5	17.0	3.2	90.0	3.1	5	100.0
08/31/2006 06:15	2.0	0.4	26.0	3.3	27.0	4.3	25.0	5.7	20.0	4.0	100.0	3.6	5	100.0
08/31/2006 06:20	0.0	0.0	35.0	4.5	20.0	5.0	25.0	6.0	10.0	1.0	90.0	3.3	5	100.0
08/31/2006 06:25	4.0	0.4	34.0	4.3	31.0	5.1	28.0	5.6	28.0	5.1	125.0	4.1	5	0.0
08/31/2006 06:30	8.0	1.0	35.0	4.5	29.0	5.0	30.0	5.6	27.0	5.2	129.0	4.2	5	0.0
08/31/2006 06:35	5.0	0.6	39.0	5.1	31.0	5.4	31.0	6.1	30.0	5.2	136.0	4.5	5	0.0
08/31/2006 06:40	6.0	0.7	37.0	4.9	33.0	5.5	30.0	5.5	31.0	5.4	137.0	4.4	5	0.0
08/31/2006 06:45	5.0	0.8	46.0	6.3	41.0	6.8	34.0	6.6	36.0	6.8	162.0	5.5	5	0.0
08/31/2006 06:50	4.0	0.6	42.0	5.6	36.0	5.9	36.0	6.8	37.0	6.5	155.0	5.1	5	0.0
08/31/2006 06:55	8.0	1.0	42.0	5.6	39.0	6.3	33.0	7.0	38.0	6.9	160.0	5.3	5	0.0
08/31/2006 07:00	5.0	0.6	40.0	5.3	39.0	5.9	36.0	6.4	38.0	6.6	158.0	5.0	5	0.0
08/31/2006 07:05	5.0	0.8	36.0	4.6	35.0	5.6	32.0	6.1	35.0	6.1	143.0	4.6	5	0.0
08/31/2006 07:10	7.0	1.0	41.0	5.5	34.0	5.8	33.0	6.3	35.0	6.6	150.0	5.0	5	0.0
08/31/2006 07:15	0.0	0.0	0.0	0.0	0.0	0.0	0.0	0.0	0.0	0.0	0.0	0.0	5	100.0
08/31/2006 07:20	0.0	0.0	0.0	0.0	0.0	0.0	0.0	0.0	0.0	0.0	0.0	0.0	5	100.0
08/31/2006 07:25	4.0	0.5	29.0	3.9	22.0	3.7	21.0	3.4	22.0	4.0	98.0	3.1	5	100.0
08/31/2006 07:30	7.0	1.0	49.0	6.8	39.0	7.1	40.0	6.6	38.0	7.1	173.0	5.7	5	100.0
08/31/2006 07:35	6.0	0.9	47.0	6.7	35.0	6.6	35.0	7.0	39.0	7.7	162.0	5.8	5	100.0
08/31/2006 07:40	6.0	0.9	52.0	7.3	38.0	7.5	41.0	7.2	43.0	7.7	180.0	6.1	5	100.0
08/31/2006 07:45	5.0	0.6	47.0	6.5	41.0	6.8	33.0	6.6	42.0	7.3	168.0	5.6	5	100.0
08/31/2006 07:50	9.0	1.2	51.0	7.2	39.0	7.4	35.0	6.5	37.0	6.7	171.0	5.8	5	100.0
08/31/2006 07:55	8.0	0.9	51.0	7.3	41.0	7.5	41.0	7.9	41.0	7.9	182.0	6.3	5	100.0
08/31/2006 08:00	8.0	1.1	49.0	6.7	41.0	6.3	41.0	8.4	45.0	8.2	184.0	6.1	5	100.0
08/31/2006 08:05	7.0	1.0	45.0	6.1	41.0	6.6	38.0	6.7	37.0	7.1	168.0	5.5	5	100.0
08/31/2006 08:10	7.0	1.1	47.0	6.5	36.0	6.5	44.0	7.5	36.0	6.6	170.0	5.6	5	100.0
08/31/2006 08:15	7.0	1.0	59.0	9.1	46.0	9.1	47.0	8.4	51.0	9.7	210.0	7.5	5	100.0
08/31/2006 08:20	13.0	2.0	43.0	6.7	32.0	5.5	29.0	5.6	27.0	4.9	144.0	4.9	5	100.0
08/31/2006 08:25	15.0	2.5	53.0	13.0	35.0	13.1	39.0	12.3	2.0	1.7	144.0	8.5	5	100.0
08/31/2006 08:30	19.0	3.7	52.0	13.8	40.0	16.1	41.0	16.1	31.0	16.7	183.0	13.3	5	100.0
08/31/2006 08:35	17.0	3.3	54.0	13.6	41.0	13.4	44.0	14.6	42.0	14.7	198.0	11.9	5	100.0
08/31/2006 08:40	11.0	2.1	57.0	12.3	41.0	12.4	44.0	11.3	42.0	11.5	195.0	9.9	5	100.0
08/31/2006 08:45	15.0	2.7	55.0	11.5	41.0	11.5	45.0	11.2	40.0	9.9	196.0	9.4	5	100.0
08/31/2006 08:50	15.0	3.0	53.0	11.0	42.0	12.0	41.0	12.2	41.0	11.5	192.0	10.0	5	100.0
08/31/2006 08:55	15.0	2.9	52.0	12.2	39.0	15.5	41.0	15.9	41.0	18.1	188.0	12.9	5	100.0
08/31/2006 09:00	16.0	2.9	49.0	16.3	40.0	20.0	37.0	14.5	35.0	19.7	177.0	14.7	5	100.0
08/31/2006 09:05	19.0	3.6	49.0	19.2	33.0	20.1	35.0	19.3	32.0	24.2	168.0	17.3	5	100.0
08/31/2006 09:10	14.0	2.9	44.0	18.1	33.0	18.6	32.0	18.0	31.0	20.3	154.0	15.6	5	100.0
08/31/2006 09:15	15.0	3.4	50.0	15.7	41.0	17.2	39.0	16.5	37.0	22.6	182.0	15.1	5	100.0
08/31/2006 09:20	24.0	4.1	53.0	11.9	40.0	13.7	41.0	13.5	39.0	11.4	197.0	10.9	5	100.0
08/31/2006 09:25	15.0	2.6	50.0	11.3	38.0	12.0	42.0	12.3	43.0	12.7	188.0	10.2	5	100.0
08/31/2006 09:30	17.0	2.9	47.0	12.9	39.0	13.9	41.0	13.1	43.0	14.1	187.0	11.4	5	100.0
08/31/2006 09:35	18.0	3.3	55.0	11.6	33.0	12.7	41.0	12.5	43.0	13.3	190.0	10.7	5	100.0
08/31/2006 09:40	19.0	3.3	52.0	12.9	40.0	14.7	40.0	13.6	39.0	13.9	190.0	11.7	5	100.0
08/31/2006 09:45	15.0	2.7	49.0	10.6	36.0	11.1	39.0	11.7	39.0	11.8	178.0	9.6	5	100.0
08/31/2006 09:50	23.0	4.0	49.0	12.2	36.0	12.8	39.0	12.9	37.0	12.1	184.0	10.8	5	100.0
08/31/2006 09:55	31.0	5.6	52.0	10.7	36.0	13.1	41.0	11.7	39.0	11.1	199.0	10.4	5	100.0
08/31/2006 10:00	39.0	5.9	49.0	8.3	35.0	10.5	40.0	10.9	41.0	15.4	204.0	10.2	5	100.0
08/31/2006 10:05	35.0	6.2	42.0	8.6	39.0	12.3	33.0	12.2	30.0	21.3	179.0	12.1	5	100.0
08/31/2006 10:10	41.0	8.5	43.0	10.1	35.0	12.7	35.0	15.2	37.0	16.4	191.0	12.6	5	100.0
08/31/2006 10:15	41.0	7.0	48.0	9.5	41.0	14.0	34.0	17.5	29.0	19.8	193.0	13.6	5	100.0
08/31/2006 10:20	32.0	4.4	46.0	7.7	40.0	9.7	41.0	12.1	36.0	11.3	195.0	9.0	5	100.0
08/31/2006 10:25	34.0	4.7	43.0	6.7	40.0	9.3	45.0	10.4	43.0	9.9	205.0	8.2	5	100.0
08/31/2006 10:30	28.0	3.9	41.0	5.9	35.0	7.3	35.0	8.5	34.0	7.5	173.0	6.6	5	100.0
08/31/2006 10:35	27.0	3.5	37.0	5.2	31.0	5.8	36.0	8.3	37.0	7.7	168.0	6.1	5	100.0
08/31/2006 10:40	29.0	3.9	42.0	6.3	40.0	8.3	44.0	10.1	33.0	6.5	188.0	7.0	5	100.0
08/31/2006 10:45	38.0	5.3	44.0	6.7	39.0	8.3	42.0	9.0	39.0	7.9	202.0	7.4	5	100.0
08/31/2006 10:50	38.0	5.1	51.0	7.6	43.0	8.1	39.0	9.6	43.0	9.8	214.0	8.1	5	100.0
08/31/2006 10:55	37.0	5.1	44.0	6.7	45.0	10.7	41.0	9.4	44.0	10.1	211.0	8.4	5	100.0
08/31/2006 11:00	37.0	5.3	47.0	7.0	39.0	8.4	42.0	8.9	38.0	9.1	203.0	7.7	5	100.0
08/31/2006 11:05	29.0	4.1	48.0	7.5	37.0	9.7	46.0	10.1	46.0	11.7	206.0	8.6	5	100.0
08/31/2006 11:10	35.0	4.9	44.0	6.5	39.0	7.4	48.0	10.3	43.0	9.3	209.0	7.7	5	100.0
08/31/2006 11:15	39.0	5.4	46.0	7.1	39.0	9.4	42.0	10.4	45.0	10.8	211.0	8.6	5	100.0
08/31/2006 11:20	46.0	6.6	49.0	7.9	43.0	11.2	43.0	12.6	41.0	15.3	222.0	10.7	5	100.0
08/31/2006 11:25	47.0	6.9	47.0	7.9	43.0	12.5	43.0	12.7	43.0	13.2	223.0	10.6	5	100.0
08/31/2006 11:30	31.0	4.1	40.0	5.7	35.0	7.5	40.0	9.3	41.0	8.9	187.0	7.1	5	100.0
08/31/2006 11:35	21.0	2.9	26.0	3.9	25.0	5.1	28.0	6.4	24.0	4.9	124.0	4.6	5	100.0
08/31/2006 11:40	31.0	4.2	41.0	6.1	39.0	8.1	40.0	9.1	49.0	10.1	200.0	7.5	5	100.0
08/31/2006 11:45	39.0	5.1	49.0	7.3	41.0	8.1	41.0	9.7	49.0	10.7	219.0	8.2	5	100.0
08/31/2006 11:50	33.0	4.3	45.0	6.7	42.0	10.1	41.0	10.9	42.0	13.1	203.0	9.0	5	100.0
08/31/2006 11:55	35.0	5.1	50.0	7.6	40.0	9.8	47.0	10.7	49.0	12.9	221.0	9.2	5	100.0
08/31/2006 12:00	37.0	6.3	45.0	9.1	37.0	14.1	37.0	15.4	38.0	14.9	194.0	12.0	5	100.0
08/31/2006 12:05	46.0	8.4	47.0	10.3	39.0	15.8	38.0	15.1	39.0	16.5	209.0	13.2	5	100.0
08/31/2006 12:10	55.0	12.1	48.0	12.1	39.0	17.6	33.0	20.0	35.0	19.8	210.0	16.3	5	100.0
08/31/2006 12:15	46.0	10.4	44.0	12.2	33.0	16.3	32.0	19.8	31.0	21.2	186.0	16.0	5	100.0
08/31/2006 12:20	49.0	15.3	45.0	14.7	34.0	19.7	31.0	19.1	28.0	24.0	187.0	18.6	5	100.0
08/31/2006 12:25	49.0	14.7	47.0	14.8	34.0	16.3	37.0	17.1	39.0	16.8	206.0	16.0	5	100.0
08/31/2006 12:30	19.0	6.4	17.0	6.1	15.0	7.1	17.0	8.4	12.0	10.0	80.0	7.6	5	100.0
08/31/2006 12:35	0.0	0.0	0.0	0.0	0.0	0.0	0.0	0.0	0.0	0.0	0.0	0.0	5	100.0
08/31/2006 12:40	0.0	0.0	0.0	0.0	0.0	0.0	0.0	0.0	0.0	0.0	0.0	0.0	5	100.0
08/31/2006 12:45	0.0	0.0	0.0	0.0	0.0	0.0	0.0	0.0	0.0	0.0	0.0	0.0	5	100.0
08/31/2006 12:50	0.0	0.0	0.0	0.0	0.0	0.0	0.0	0.0	0.0	0.0	0.0	0.0	5	100.0
08/31/2006 12:55	0.0	0.0	0.0	0.0	0.0	0.0	0.0	0.0	0.0	0.0	0.0	0.0	5	100.0
08/31/2006 13:00	19.0	4.5	17.0	4.3	16.0	5.3	14.0	4.3	11.0	3.1	77.0	4.3	5	100.0
08/31/2006 13:05	49.0	15.2	45.0	16.5	31.0	20.9	36.0	18.2	35.0	23.1	196.0	18.8	5	100.0
08/31/2006 13:10	53.0	15.5	46.0	14.9	38.0	16.2	38.0	16.3	42.0	20.4	217.0	16.7	5	100.0
08/31/2006 13:15	53.0	11.6	43.0	10.5	37.0	12.6	40.0	11.4	42.0	12.7	215.0	11.8	5	100.0
08/31/2006 13:20	50.0	10.8	45.0	10.7	38.0	12.5	39.0	12.1	41.0	13.9	213.0	12.0	5	100.0
08/31/2006 13:25	31.0	6.7	32.0	7.0	24.0	8.1	29.0	7.7	27.0	7.9	143.0	7.5	5	100.0
08/31/2006 13:30	38.0	7.0	33.0	6.5	29.0	8.5	32.0	8.3	35.0	8.2	167.0	7.7	5	100.0
08/31/2006 13:35	55.0	9.5	49.0	9.0	38.0	8.8	41.0	10.2	46.0	10.1	229.0	9.5	5	100.0
08/31/2006 13:40	42.0	6.0	43.0	7.0	43.0	8.5	42.0	8.7	48.0	9.7	218.0	8.0	5	100.0
08/31/2006 13:45	38.0	5.7	50.0	7.5	43.0	8.2	41.0	8.8	51.0	9.9	223.0	8.0	5	100.0
08/31/2006 13:50	49.0	6.9	50.0	7.5	43.0	8.4	47.0	8.8	51.0	10.0	240.0	8.3	5	100.0
08/31/2006 13:55	43.0	6.1	49.0	7.2	42.0	8.5	44.0	8.7	45.0	8.5	223.0	7.8	5	100.0
08/31/2006 14:00	42.0	5.5	45.0	6.5	46.0	9.5	45.0	8.5	45.0	9.3	223.0	7.9	5	100.0
08/31/2006 14:05	46.0	7.3	47.0	7.3	40.0	8.6	43.0	9.0	45.0	10.7	221.0	8.6	5	100.0
08/31/2006 14:10	53.0	7.7	56.0	8.6	42.0	9.2	47.0	10.7	47.0	10.1	245.0	9.2	5	100.0
08/31/2006 14:15	51.0	7.5	49.0	7.3	40.0	8.8	44.0	8.0	43.0	8.7	227.0	8.1	5	100.0
08/31/2006 14:20	57.0	9.3	54.0	8.9	48.0	10.2	47.0	9.5	43.0	7.9	249.0	9.2	5	100.0
08/31/2006 14:25	61.0	8.8	51.0	8.3	45.0	9.5	43.0	8.4	47.0	9.0	247.0	8.8	5	100.0
08/31/2006 14:30	48.0	6.9	51.0	7.7	45.0	8.9	45.0	8.9	47.0	8.9	236.0	8.3	5	100.0
08/31/2006 14:35	51.0	7.3	55.0	7.9	43.0	9.7	45.0	8.2	46.0	8.9	240.0	8.4	5	100.0
08/31/2006 14:40	59.0	8.7	57.0	8.9	47.0	8.7	47.0	8.7	49.0	8.9	259.0	8.8	5	100.0
08/31/2006 14:45	58.0	9.1	55.0	8.9	47.0	10.6	44.0	9.0	51.0	10.7	255.0	9.6	5	100.0
08/31/2006 14:50	56.0	10.6	57.0	10.9	45.0	11.6	46.0	10.6	46.0	10.7	250.0	10.9	5	100.0
08/31/2006 14:55	50.0	12.5	52.0	14.6	40.0	13.7	40.0	11.0	45.0	11.9	227.0	12.8	5	100.0
08/31/2006 15:00	39.0	7.7	54.0	11.6	40.0	10.9	43.0	10.8	41.0	10.1	217.0	10.2	5	100.0
08/31/2006 15:05	21.0	3.6	32.0	7.2	24.0	6.9	25.0	5.9	27.0	5.8	129.0	5.9	5	100.0
08/31/2006 15:10	29.0	5.0	48.0	10.6	43.0	9.9	45.0	11.0	41.0	10.3	206.0	9.4	5	100.0
08/31/2006 15:15	24.0	3.9	41.0	8.5	30.0	8.5	30.0	7.1	31.0	6.6	156.0	6.9	5	100.0
08/31/2006 15:20	0.0	0.0	0.0	0.0	0.0	0.0	0.0	0.0	0.0	0.0	0.0	0.0	5	100.0
08/31/2006 15:25	11.0	2.4	12.0	2.9	11.0	3.1	12.0	2.9	11.0	2.8	57.0	2.8	5	100.0
08/31/2006 15:30	39.0	7.3	53.0	11.7	45.0	12.3	45.0	10.7	39.0	9.9	221.0	10.4	5	100.0
08/31/2006 15:35	41.0	8.4	49.0	13.7	43.0	13.8	39.0	11.5	45.0	12.5	217.0	12.0	5	100.0
08/31/2006 15:40	35.0	6.2	56.0	11.6	41.0	10.4	45.0	10.7	44.0	10.9	221.0	10.0	5	100.0
08/31/2006 15:45	42.0	7.8	53.0	12.1	42.0	11.3	42.0	10.1	47.0	10.9	226.0	10.5	5	100.0
08/31/2006 15:50	40.0	7.4	52.0	12.1	42.0	11.1	45.0	11.5	47.0	12.1	226.0	10.8	5	100.0
08/31/2006 15:55	45.0	10.3	52.0	14.4	39.0	13.1	44.0	12.9	45.0	12.3	225.0	12.6	5	100.0
08/31/2006 16:00	41.0	7.9	47.0	9.7	45.0	12.3	43.0	9.3	41.0	10.6	217.0	10.0	5	100.0
08/31/2006 16:05	43.0	8.3	55.0	12.7	44.0	13.9	48.0	12.5	43.0	11.3	233.0	11.8	5	100.0
08/31/2006 16:10	42.0	7.9	50.0	12.3	47.0	12.9	52.0	12.7	45.0	10.7	236.0	11.3	5	100.0
08/31/2006 16:15	40.0	8.5	46.0	15.0	41.0	14.3	44.0	12.4	45.0	11.8	216.0	12.4	5	100.0
08/31/2006 16:20	46.0	9.6	51.0	12.6	38.0	13.1	43.0	11.4	45.0	11.9	223.0	11.7	5	100.0
08/31/2006 16:25	41.0	14.5	40.0	18.4	35.0	17.2	43.0	16.5	43.0	13.2	202.0	16.0	5	100.0
08/31/2006 16:30	42.0	10.3	45.0	14.3	35.0	18.1	37.0	14.7	43.0	12.9	202.0	14.1	5	100.0
08/31/2006 16:35	43.0	13.0	44.0	16.4	39.0	17.3	43.0	14.4	47.0	13.3	216.0	14.9	5	100.0
08/31/2006 16:40	43.0	11.4	41.0	15.4	37.0	17.1	44.0	14.3	41.0	11.7	206.0	14.0	5	100.0
08/31/2006 16:45	41.0	10.7	43.0	18.6	40.0	18.0	39.0	15.6	45.0	15.0	208.0	15.6	5	100.0
08/31/2006 16:50	41.0	17.3	37.0	21.3	27.0	24.1	33.0	19.5	39.0	20.5	177.0	20.6	5	100.0
08/31/2006 16:55	43.0	10.8	48.0	12.7	44.0	12.8	45.0	12.2	45.0	12.0	225.0	12.1	5	100.0
08/31/2006 17:00	42.0	8.3	54.0	11.0	45.0	11.7	48.0	10.5	41.0	9.9	230.0	10.3	5	100.0
08/31/2006 17:05	43.0	8.6	53.0	12.4	45.0	12.1	48.0	11.7	45.0	10.6	234.0	11.1	5	100.0
08/31/2006 17:10	43.0	9.3	53.0	12.4	44.0	13.5	51.0	13.6	49.0	12.0	240.0	12.2	5	100.0
08/31/2006 17:15	46.0	10.7	53.0	14.4	44.0	13.9	48.0	12.5	47.0	12.3	238.0	12.8	5	100.0
08/31/2006 17:20	43.0	13.2	39.0	18.6	38.0	18.0	41.0	13.7	45.0	13.1	206.0	15.3	5	100.0
08/31/2006 17:25	44.0	12.1	46.0	13.4	43.0	13.7	45.0	12.8	41.0	10.7	219.0	12.5	5	100.0
08/31/2006 17:30	45.0	11.9	47.0	11.7	43.0	12.7	47.0	13.2	47.0	12.9	229.0	12.5	5	100.0
08/31/2006 17:35	44.0	11.5	44.0	17.1	44.0	14.4	46.0	15.1	46.0	14.5	224.0	14.5	5	100.0
08/31/2006 17:40	46.0	10.2	45.0	15.6	43.0	15.6	40.0	14.5	46.0	14.9	220.0	14.1	5	100.0
08/31/2006 17:45	40.0	9.5	44.0	15.2	41.0	17.3	42.0	15.7	43.0	16.3	210.0	14.8	5	100.0
08/31/2006 17:50	40.0	12.2	39.0	16.4	38.0	17.1	40.0	18.3	42.0	15.3	199.0	15.9	5	100.0
08/31/2006 17:55	43.0	9.6	49.0	13.1	40.0	13.1	44.0	12.1	44.0	11.9	220.0	11.9	5	100.0
08/31/2006 18:00	44.0	8.7	47.0	10.1	42.0	10.1	44.0	10.3	41.0	9.5	218.0	9.7	5	100.0
08/31/2006 18:05	41.0	8.7	53.0	12.9	49.0	13.4	48.0	12.2	44.0	11.1	235.0	11.7	5	100.0
08/31/2006 18:10	43.0	11.9	46.0	12.7	40.0	12.1	41.0	12.1	45.0	11.6	215.0	12.1	5	100.0
08/31/2006 18:15	43.0	8.2	50.0	10.1	45.0	11.2	47.0	11.3	45.0	10.8	230.0	10.3	5	100.0
08/31/2006 18:20	43.0	8.3	50.0	10.6	43.0	10.7	52.0	11.9	44.0	10.3	232.0	10.4	5	100.0
08/31/2006 18:25	39.0	7.6	48.0	10.4	41.0	10.5	45.0	10.7	43.0	10.7	216.0	10.0	5	100.0
08/31/2006 18:30	38.0	6.9	52.0	9.9	46.0	9.5	44.0	8.9	46.0	9.9	226.0	9.0	5	100.0
08/31/2006 18:35	39.0	7.3	53.0	10.7	47.0	11.1	45.0	10.5	48.0	10.5	232.0	10.0	5	100.0
08/31/2006 18:40	42.0	9.4	51.0	14.5	43.0	14.7	45.0	12.1	45.0	12.5	226.0	12.6	5	100.0
08/31/2006 18:45	41.0	8.7	50.0	12.3	44.0	12.2	44.0	11.0	46.0	12.3	225.0	11.3	5	100.0
08/31/2006 18:50	37.0	7.3	49.0	11.2	46.0	11.1	45.0	11.8	45.0	11.4	222.0	10.6	5	100.0
08/31/2006 18:55	47.0	8.5	48.0	10.5	41.0	11.5	44.0	11.1	47.0	11.5	227.0	10.6	5	100.0
08/31/2006 19:00	51.0	8.4	44.0	7.3	45.0	8.4	40.0	7.3	44.0	8.7	224.0	8.0	5	100.0
08/31/2006 19:05	45.0	6.2	45.0	6.7	44.0	7.5	42.0	7.3	42.0	7.7	218.0	7.1	5	100.0
08/31/2006 19:10	18.0	2.7	20.0	2.8	18.0	3.0	21.0	3.3	19.0	3.1	96.0	3.0	5	100.0
08/31/2006 19:15	47.0	6.6	47.0	7.0	43.0	7.3	46.0	7.9	42.0	7.5	225.0	7.3	5	100.0
08/31/2006 19:20	48.0	7.0	47.0	7.3	43.0	6.9	45.0	7.7	39.0	6.7	222.0	7.1	5	100.0
08/31/2006 19:25	51.0	8.2	49.0	7.6	43.0	7.9	40.0	7.3	43.0	7.9	226.0	7.8	5	100.0
08/31/2006 19:30	43.0	6.2	45.0	6.8	41.0	7.5	42.0	7.1	38.0	6.7	209.0	6.9	5	100.0
08/31/2006 19:35	41.0	6.1	47.0	6.6	40.0	6.4	41.0	7.4	38.0	6.4	207.0	6.6	5	100.0
08/31/2006 19:40	40.0	5.8	47.0	7.0	40.0	7.1	36.0	6.0	39.0	6.7	202.0	6.5	5	100.0
08/31/2006 19:45	38.0	5.0	39.0	5.3	41.0	6.7	37.0	6.4	37.0	6.3	192.0	5.9	5	100.0
08/31/2006 19:50	40.0	5.7	45.0	6.4	42.0	6.6	39.0	7.2	39.0	6.6	205.0	6.5	5	100.0
08/31/2006 19:55	41.0	5.8	46.0	6.3	40.0	6.3	45.0	7.1	42.0	7.7	214.0	6.6	5	100.0
08/31/2006 20:00	39.0	5.3	45.0	6.3	37.0	6.1	39.0	6.5	39.0	6.4	199.0	6.1	5	100.0
08/31/2006 20:05	37.0	5.1	39.0	5.3	41.0	6.1	43.0	7.5	34.0	5.5	194.0	5.9	5	100.0
08/31/2006 20:10	43.0	6.3	45.0	6.9	41.0	7.1	44.0	7.5	43.0	7.9	216.0	7.1	5	100.0
08/31/2006 20:15	33.0	4.5	41.0	5.7	37.0	6.3	42.0	7.2	41.0	7.3	194.0	6.2	5	100.0
08/31/2006 20:20	39.0	5.3	43.0	6.1	45.0	6.9	43.0	6.8	42.0	7.7	212.0	6.6	5	100.0
08/31/2006 20:25	37.0	4.9	41.0	5.7	40.0	6.7	36.0	7.3	44.0	7.6	198.0	6.4	5	100.0
08/31/2006 20:30	32.0	4.3	34.0	5.1	34.0	5.4	39.0	6.4	39.0	6.8	178.0	5.6	5	100.0
08/31/2006 20:35	35.0	4.7	38.0	5.0	35.0	5.7	39.0	5.9	34.0	5.7	181.0	5.4	5	100.0
08/31/2006 20:40	33.0	4.6	37.0	5.3	37.0	5.6	39.0	6.5	38.0	6.3	184.0	5.7	5	100.0
08/31/2006 20:45	32.0	4.3	39.0	5.0	32.0	5.2	39.0	6.3	35.0	5.9	177.0	5.3	5	100.0
08/31/2006 20:50	33.0	4.3	40.0	5.5	32.0	4.7	37.0	6.1	35.0	6.0	177.0	5.3	5	100.0
08/31/2006 20:55	33.0	4.3	37.0	5.1	33.0	5.7	39.0	5.9	39.0	6.6	181.0	5.5	5	100.0
08/31/2006 21:00	28.0	3.7	35.0	5.0	33.0	4.9	32.0	5.7	35.0	5.5	163.0	4.9	5	100.0
08/31/2006 21:05	32.0	4.3	39.0	5.3	40.0	6.1	37.0	6.3	35.0	5.8	183.0	5.6	5	100.0
08/31/2006 21:10	29.0	4.2	39.0	5.3	37.0	5.7	37.0	5.5	35.0	5.5	177.0	5.2	5	100.0
08/31/2006 21:15	31.0	4.3	35.0	5.1	36.0	6.3	41.0	6.4	34.0	5.6	177.0	5.6	5	100.0
08/31/2006 21:20	33.0	4.3	37.0	5.1	36.0	5.1	36.0	5.5	29.0	5.3	171.0	5.1	5	100.0
08/31/2006 21:25	24.0	3.3	33.0	4.4	33.0	5.1	34.0	5.3	33.0	5.6	157.0	4.8	5	100.0
08/31/2006 21:30	24.0	3.3	33.0	4.1	33.0	5.1	31.0	5.0	32.0	5.3	153.0	4.6	5	100.0
08/31/2006 21:35	27.0	3.5	38.0	5.1	35.0	5.2	33.0	5.8	33.0	5.3	166.0	5.0	5	100.0
08/31/2006 21:40	23.0	2.9	32.0	4.1	31.0	5.0	33.0	5.7	33.0	5.3	152.0	4.6	5	100.0
08/31/2006 21:45	29.0	3.8	31.0	4.3	32.0	5.1	31.0	5.5	29.0	4.8	152.0	4.7	5	100.0
08/31/2006 21:50	26.0	3.3	33.0	4.3	27.0	3.8	31.0	5.1	29.0	5.0	146.0	4.3	5	100.0
08/31/2006 21:55	21.0	2.5	28.0	3.6	29.0	4.6	22.0	3.9	27.0	4.4	127.0	3.8	5	100.0
08/31/2006 22:00	26.0	3.3	31.0	4.0	28.0	4.6	29.0	4.6	29.0	4.6	143.0	4.2	5	100.0
08/31/2006 22:05	19.0	2.3	25.0	3.1	27.0	3.8	29.0	4.5	27.0	4.6	127.0	3.7	5	100.0
08/31/2006 22:10	21.0	2.7	26.0	3.6	33.0	5.1	34.0	5.6	30.0	5.2	144.0	4.4	5	100.0
08/31/2006 22:15	18.0	2.3	27.0	3.5	31.0	3.9	25.0	4.0	25.0	4.1	126.0	3.6	5	100.0
08/31/2006 22:20	21.0	2.7	32.0	4.0	29.0	4.5	26.0	4.7	26.0	4.3	134.0	4.0	5	100.0
08/31/2006 22:25	18.0	2.4	29.0	3.7	26.0	4.0	31.0	5.1	26.0	4.7	130.0	4.0	5	100.0
08/31/2006 22:30	15.0	1.9	30.0	4.1	29.0	4.5	29.0	5.3	23.0	3.8	126.0	3.9	5	100.0
08/31/2006 22:35	20.0	2.4	27.0	3.5	27.0	3.9	28.0	4.4	25.0	3.7	127.0	3.6	5	100.0
08/31/2006 22:40	16.0	2.0	23.0	3.0	27.0	4.3	23.0	4.0	23.0	3.5	112.0	3.4	5	100.0
08/31/2006 22:45	15.0	1.9	20.0	2.6	19.0	2.9	18.0	3.0	15.0	3.0	87.0	2.7	5	100.0
08/31/2006 22:50	18.0	2.4	23.0	3.1	21.0	3.1	23.0	3.9	17.0	3.1	102.0	3.1	5	100.0
08/31/2006 22:55	15.0	1.8	23.0	3.1	30.0	3.9	20.0	3.4	19.0	3.4	107.0	3.1	5	100.0
08/31/2006 23:00	14.0	1.7	21.0	2.8	22.0	3.1	21.0	3.5	15.0	2.9	93.0	2.8	5	100.0
08/31/2006 23:05	15.0	1.8	25.0	3.2	23.0	3.7	25.0	4.4	22.0	3.4	110.0	3.3	5	100.0
08/31/2006 23:10	9.0	1.1	19.0	2.4	19.0	2.8	20.0	3.6	15.0	2.2	82.0	2.4	5	100.0
08/31/2006 23:15	6.0	0.7	24.0	2.9	22.0	3.5	17.0	3.3	14.0	2.2	83.0	2.5	5	100.0
08/31/2006 23:20	11.0	1.3	17.0	2.2	16.0	2.6	19.0	2.9	16.0	2.8	79.0	2.3	5	100.0
08/31/2006 23:25	9.0	1.1	17.0	2.3	15.0	2.7	17.0	2.9	12.0	2.3	70.0	2.3	5	100.0
08/31/2006 23:30	15.0	1.8	22.0	2.7	17.0	2.5	17.0	2.3	15.0	2.3	86.0	2.3	5	100.0
08/31/2006 23:35	9.0	1.2	17.0	2.2	19.0	2.6	15.0	2.8	16.0	2.5	76.0	2.3	5	100.0
08/31/2006 23:40	10.0	1.1	17.0	2.2	17.0	2.3	19.0	3.2	17.0	2.8	80.0	2.3	5	100.0
08/31/2006 23:45	10.0	1.1	12.0	1.7	14.0	2.1	18.0	3.1	15.0	2.3	69.0	2.1	5	100.0
08/31/2006 23:50	9.0	0.9	17.0	2.0	19.0	2.7	18.0	3.3	15.0	2.6	78.0	2.3	5	100.0
08/31/2006 23:55	9.0	1.2	15.0	2.1	17.0	2.6	14.0	3.3	15.0	2.5	70.0	2.3	5	100.0
