5 Minutes	Lane 1 Flow (Veh/5 Minutes)	Lane 1 Speed (mph)	Lane 2 Flow (Veh/5 Minutes)	Lane 2 Speed (mph)	Lane 3 Flow (Veh/5 Minutes)	Lane 3 Speed (mph)	Lane 4 Flow (Veh/5 Minutes)	Lane 4 Speed (mph)	Lane 5 Flow (Veh/5 Minutes)	Lane 5 Speed (mph)	Flow (Veh/5 Minutes)	Speed (mph)	# Lane Points	% Observed
05/29/2006 00:00	13.0	76.5	28.0	74.0	29.0	72.0	32.0	69.2	30.0	64.5	132.0	70.5	5	100.0
05/29/2006 00:05	16.0	75.3	32.0	69.1	32.0	69.9	32.0	70.8	35.0	67.0	147.0	69.8	5	100.0
05/29/2006 00:10	12.0	75.3	32.0	68.2	30.0	70.7	25.0	74.2	27.0	65.1	126.0	70.0	5	100.0
05/29/2006 00:15	12.0	75.7	24.0	67.4	30.0	71.1	30.0	79.0	25.0	64.0	121.0	71.3	5	100.0
05/29/2006 00:20	20.0	76.1	23.0	67.8	26.0	71.0	23.0	78.9	20.0	66.2	112.0	72.0	5	100.0
05/29/2006 00:25	21.0	74.0	31.0	67.4	31.0	70.7	31.0	79.2	28.0	67.3	142.0	71.7	5	100.0
05/29/2006 00:30	9.0	75.1	25.0	68.0	23.0	71.7	24.0	77.1	21.0	69.1	102.0	71.8	5	100.0
05/29/2006 00:35	12.0	75.2	30.0	70.8	24.0	74.1	27.0	79.2	25.0	71.3	118.0	73.9	5	100.0
05/29/2006 00:40	13.0	75.7	25.0	73.2	26.0	73.4	27.0	76.8	23.0	69.1	114.0	73.6	5	100.0
05/29/2006 00:45	11.0	76.2	19.0	74.2	22.0	75.0	17.0	74.6	21.0	68.5	90.0	73.4	5	100.0
05/29/2006 00:50	9.0	76.5	22.0	73.7	20.0	73.8	18.0	75.1	21.0	69.7	90.0	73.3	5	100.0
05/29/2006 00:55	4.0	76.6	14.0	73.5	20.0	71.7	24.0	78.2	18.0	68.8	80.0	73.6	5	100.0
05/29/2006 01:00	7.0	76.3	16.0	74.1	15.0	72.3	17.0	76.0	12.0	66.4	67.0	73.0	5	100.0
05/29/2006 01:05	5.0	76.4	21.0	72.0	16.0	69.2	19.0	73.2	15.0	62.9	76.0	70.2	5	100.0
05/29/2006 01:10	10.0	76.5	12.0	73.4	17.0	70.9	20.0	74.5	20.0	64.9	79.0	71.4	5	100.0
05/29/2006 01:15	4.0	76.5	16.0	73.6	18.0	71.3	18.0	71.3	11.0	65.8	67.0	71.3	5	100.0
05/29/2006 01:20	7.0	76.5	12.0	73.5	16.0	71.8	16.0	73.6	11.0	65.9	62.0	72.1	5	100.0
05/29/2006 01:25	1.0	76.4	16.0	74.1	19.0	73.1	17.0	74.2	10.0	66.0	63.0	72.6	5	100.0
05/29/2006 01:30	12.0	76.5	12.0	72.9	14.0	72.4	10.0	72.6	9.0	65.8	57.0	72.4	5	100.0
05/29/2006 01:35	7.0	76.5	11.0	72.7	11.0	72.5	12.0	71.3	14.0	65.0	55.0	70.9	5	100.0
05/29/2006 01:40	6.0	76.5	8.0	73.0	14.0	71.6	13.0	71.8	12.0	65.8	53.0	71.1	5	100.0
05/29/2006 01:45	6.0	76.5	9.0	73.8	7.0	71.8	16.0	71.8	18.0	67.9	56.0	71.4	5	100.0
05/29/2006 01:50	6.0	76.5	12.0	72.7	12.0	71.5	12.0	71.3	11.0	66.9	53.0	71.3	5	100.0
05/29/2006 01:55	7.0	76.5	12.0	73.8	11.0	71.7	13.0	71.4	10.0	65.4	53.0	71.5	5	100.0
05/29/2006 02:00	4.0	76.2	11.0	73.0	10.0	72.1	15.0	70.6	12.0	65.9	52.0	70.7	5	100.0
05/29/2006 02:05	5.0	76.0	11.0	73.4	16.0	72.2	15.0	72.5	9.0	65.5	56.0	71.8	5	100.0
05/29/2006 02:10	8.0	76.2	13.0	72.7	13.0	72.7	12.0	71.7	13.0	63.2	59.0	70.9	5	100.0
05/29/2006 02:15	1.0	76.3	12.0	73.5	13.0	72.9	13.0	71.6	16.0	61.4	55.0	69.4	5	100.0
05/29/2006 02:20	6.0	76.1	17.0	72.0	10.0	72.7	11.0	71.6	7.0	63.9	51.0	71.4	5	100.0
05/29/2006 02:25	4.0	75.8	11.0	72.9	12.0	72.0	11.0	71.9	9.0	64.5	47.0	71.1	5	100.0
05/29/2006 02:30	4.0	76.1	13.0	72.5	9.0	71.8	12.0	71.4	12.0	64.7	50.0	70.5	5	100.0
05/29/2006 02:35	4.0	76.3	18.0	71.4	15.0	72.4	13.0	70.5	12.0	65.9	62.0	70.7	5	100.0
05/29/2006 02:40	4.0	76.4	7.0	72.5	8.0	71.9	9.0	70.2	10.0	66.4	38.0	70.6	5	100.0
05/29/2006 02:45	5.0	76.4	11.0	73.8	7.0	72.5	9.0	70.6	4.0	65.2	36.0	72.2	5	100.0
05/29/2006 02:50	5.0	76.4	9.0	74.1	7.0	72.5	15.0	69.6	7.0	65.3	43.0	71.1	5	100.0
05/29/2006 02:55	5.0	76.4	7.0	73.9	15.0	73.1	10.0	69.3	12.0	65.9	49.0	71.0	5	100.0
05/29/2006 03:00	1.0	76.4	9.0	72.7	9.0	72.9	13.0	72.0	4.0	65.7	36.0	71.8	5	100.0
05/29/2006 03:05	0.0	76.4	6.0	72.9	6.0	72.3	10.0	73.0	5.0	65.2	27.0	71.4	5	100.0
05/29/2006 03:10	0.0	76.4	12.0	73.5	1.0	72.5	3.0	71.7	2.0	64.6	18.0	72.2	5	100.0
05/29/2006 03:15	0.0	76.4	10.0	73.9	0.0	72.5	0.0	71.7	0.0	64.6	10.0	73.9	5	100.0
05/29/2006 03:20	0.0	76.4	9.0	74.1	2.0	72.6	3.0	70.9	3.0	65.0	17.0	71.8	5	100.0
05/29/2006 03:25	0.0	76.4	9.0	73.9	10.0	73.1	9.0	71.4	1.0	65.0	29.0	72.5	5	100.0
05/29/2006 03:30	1.0	76.4	4.0	74.0	7.0	73.2	9.0	69.8	5.0	65.3	26.0	70.8	5	100.0
05/29/2006 03:35	1.0	76.4	8.0	74.1	9.0	73.5	5.0	68.9	2.0	65.1	25.0	72.2	5	100.0
05/29/2006 03:40	2.0	76.4	6.0	74.2	9.0	73.1	6.0	70.4	3.0	64.9	26.0	72.0	5	100.0
05/29/2006 03:45	0.0	76.4	6.0	73.9	8.0	73.1	8.0	71.7	7.0	65.0	29.0	70.9	5	100.0
05/29/2006 03:50	0.0	76.4	8.0	73.5	8.0	72.5	11.0	72.5	3.0	64.8	30.0	72.0	5	100.0
05/29/2006 03:55	1.0	76.4	5.0	73.8	5.0	72.8	3.0	71.3	12.0	49.6	26.0	62.2	5	100.0
05/29/2006 04:00	1.0	76.4	4.0	74.0	9.0	71.8	9.0	72.0	6.0	57.8	29.0	69.4	5	100.0
05/29/2006 04:05	0.0	76.4	8.0	74.3	7.0	72.4	8.0	72.3	6.0	62.4	29.0	70.8	5	100.0
05/29/2006 04:10	4.0	76.4	9.0	74.1	7.0	72.6	9.0	72.6	4.0	64.4	33.0	72.5	5	100.0
05/29/2006 04:15	0.0	76.4	9.0	74.3	3.0	72.7	1.0	71.6	9.0	66.4	22.0	70.7	5	100.0
05/29/2006 04:20	0.0	76.4	10.0	74.4	0.0	72.7	0.0	71.6	10.0	67.7	20.0	71.0	5	100.0
05/29/2006 04:25	0.0	76.4	10.0	74.5	0.0	72.7	0.0	71.6	10.0	68.4	20.0	71.5	5	100.0
05/29/2006 04:30	0.0	76.4	10.0	74.5	0.0	72.7	0.0	71.6	10.0	68.7	20.0	71.6	5	100.0
05/29/2006 04:35	0.0	76.4	10.0	74.5	0.0	72.7	0.0	71.6	10.0	68.9	20.0	71.7	5	100.0
05/29/2006 04:40	0.0	76.4	10.0	74.5	0.0	72.7	0.0	71.6	10.0	69.0	20.0	71.8	5	100.0
05/29/2006 04:45	0.0	76.4	10.0	74.5	0.0	72.7	0.0	71.6	10.0	69.0	20.0	71.8	5	100.0
05/29/2006 04:50	0.0	76.4	6.0	74.4	2.0	71.5	4.0	71.0	9.0	67.9	21.0	70.7	5	100.0
05/29/2006 04:55	2.0	76.4	7.0	73.8	6.0	67.9	7.0	70.5	4.0	66.3	26.0	70.6	5	100.0
05/29/2006 05:00	0.0	76.4	10.0	74.4	9.0	71.2	6.0	70.9	6.0	65.5	31.0	71.1	5	100.0
05/29/2006 05:05	0.0	76.4	2.0	74.3	5.0	71.9	7.0	69.9	8.0	65.0	22.0	69.0	5	100.0
05/29/2006 05:10	4.0	76.4	7.0	74.5	13.0	73.6	9.0	70.5	10.0	66.1	43.0	71.6	5	100.0
05/29/2006 05:15	0.0	76.4	2.0	74.0	10.0	74.1	10.0	72.4	11.0	64.3	33.0	70.3	5	100.0
05/29/2006 05:20	0.0	76.4	5.0	74.2	6.0	73.7	6.0	69.9	11.0	63.9	28.0	69.1	5	100.0
05/29/2006 05:25	2.0	76.4	4.0	74.0	7.0	73.4	8.0	69.7	6.0	65.1	27.0	70.8	5	100.0
05/29/2006 05:30	0.0	76.4	3.0	74.2	10.0	74.2	14.0	73.8	9.0	59.3	36.0	70.3	5	100.0
05/29/2006 05:35	0.0	76.4	9.0	74.5	6.0	73.5	11.0	74.6	11.0	57.3	37.0	69.3	5	100.0
05/29/2006 05:40	2.0	76.4	10.0	74.1	12.0	72.8	13.0	70.4	6.0	60.7	43.0	70.9	5	100.0
05/29/2006 05:45	3.0	76.4	8.0	74.1	14.0	71.9	14.0	72.7	14.0	63.9	53.0	70.6	5	100.0
05/29/2006 05:50	4.0	76.4	8.0	73.8	9.0	70.7	11.0	71.6	16.0	64.7	48.0	69.9	5	100.0
05/29/2006 05:55	3.0	76.4	11.0	74.2	10.0	72.3	11.0	71.5	9.0	65.4	44.0	71.4	5	100.0
05/29/2006 06:00	0.0	76.4	11.0	73.8	7.0	71.3	10.0	70.8	12.0	65.5	40.0	70.1	5	100.0
05/29/2006 06:05	3.0	76.7	7.0	73.8	11.0	72.3	13.0	70.7	11.0	66.2	45.0	70.9	5	100.0
05/29/2006 06:10	0.0	76.7	9.0	73.2	11.0	72.5	12.0	70.2	16.0	65.3	48.0	69.7	5	100.0
05/29/2006 06:15	3.0	76.2	13.0	73.4	8.0	70.2	13.0	69.5	6.0	62.8	43.0	70.3	5	100.0
05/29/2006 06:20	5.0	76.7	10.0	73.7	14.0	69.9	13.0	70.1	13.0	61.7	55.0	69.3	5	100.0
05/29/2006 06:25	0.0	76.7	18.0	72.5	12.0	71.8	16.0	70.8	12.0	60.3	58.0	69.4	5	100.0
05/29/2006 06:30	1.0	76.7	16.0	72.6	19.0	70.9	18.0	72.8	16.0	62.0	70.0	69.8	5	100.0
05/29/2006 06:35	6.0	77.0	15.0	73.1	17.0	71.4	17.0	69.1	15.0	61.8	70.0	69.6	5	100.0
05/29/2006 06:40	9.0	77.4	21.0	73.0	25.0	74.0	17.0	61.3	14.0	60.0	86.0	69.3	5	100.0
05/29/2006 06:45	1.0	77.0	14.0	73.3	17.0	74.2	17.0	66.7	15.0	61.5	64.0	69.1	5	100.0
05/29/2006 06:50	4.0	76.9	19.0	72.3	17.0	73.7	20.0	68.5	12.0	59.1	72.0	69.6	5	100.0
05/29/2006 06:55	7.0	77.2	14.0	72.4	16.0	73.2	20.0	66.2	19.0	64.3	76.0	69.4	5	100.0
05/29/2006 07:00	4.0	77.2	20.0	72.6	13.0	72.9	19.0	66.5	14.0	66.2	70.0	70.0	5	100.0
05/29/2006 07:05	3.0	77.2	24.0	72.2	22.0	71.4	19.0	65.7	13.0	62.4	81.0	69.1	5	100.0
05/29/2006 07:10	8.0	76.6	27.0	69.5	26.0	71.8	25.0	62.1	19.0	63.4	105.0	67.7	5	100.0
05/29/2006 07:15	4.0	76.9	22.0	69.7	24.0	70.5	20.0	65.4	17.0	57.7	87.0	66.9	5	100.0
05/29/2006 07:20	1.0	76.9	24.0	71.5	25.0	72.7	23.0	68.2	17.0	61.0	90.0	69.1	5	100.0
05/29/2006 07:25	6.0	77.2	19.0	70.7	22.0	75.1	21.0	68.0	16.0	63.0	84.0	70.2	5	100.0
05/29/2006 07:30	8.0	77.0	23.0	69.4	24.0	72.2	23.0	68.6	17.0	62.2	95.0	69.3	5	100.0
05/29/2006 07:35	8.0	77.5	28.0	72.6	31.0	72.8	31.0	70.9	21.0	59.5	119.0	70.2	5	100.0
05/29/2006 07:40	5.0	77.4	28.0	66.5	30.0	71.2	23.0	70.1	19.0	61.9	105.0	68.3	5	100.0
05/29/2006 07:45	12.0	77.6	37.0	65.0	30.0	72.0	31.0	68.6	17.0	57.7	127.0	67.7	5	100.0
05/29/2006 07:50	15.0	78.6	27.0	66.8	32.0	73.0	31.0	67.8	26.0	62.3	131.0	69.0	5	100.0
05/29/2006 07:55	9.0	77.4	23.0	67.5	28.0	70.7	28.0	68.7	24.0	64.6	112.0	68.8	5	100.0
05/29/2006 08:00	10.0	77.6	32.0	68.6	28.0	71.2	31.0	64.1	28.0	65.0	129.0	68.0	5	100.0
05/29/2006 08:05	12.0	77.3	31.0	66.5	24.0	71.1	25.0	70.6	23.0	62.5	115.0	68.7	5	100.0
05/29/2006 08:10	12.0	77.8	31.0	65.5	29.0	65.1	27.0	63.4	25.0	61.3	124.0	65.3	5	100.0
05/29/2006 08:15	10.0	76.3	26.0	67.0	31.0	70.1	26.0	65.0	29.0	58.1	122.0	66.0	5	100.0
05/29/2006 08:20	10.0	74.7	27.0	66.9	35.0	73.6	34.0	66.3	29.0	58.1	135.0	67.2	5	100.0
05/29/2006 08:25	14.0	75.9	31.0	66.5	30.0	68.6	28.0	67.2	26.0	61.0	129.0	67.1	5	100.0
05/29/2006 08:30	9.0	76.8	31.0	66.3	28.0	67.7	30.0	66.8	25.0	64.3	123.0	67.1	5	100.0
05/29/2006 08:35	15.0	78.3	27.0	67.5	38.0	68.7	34.0	65.9	28.0	64.1	142.0	67.9	5	100.0
05/29/2006 08:40	13.0	78.6	33.0	67.8	33.0	70.8	33.0	67.1	26.0	62.5	138.0	68.4	5	100.0
05/29/2006 08:45	14.0	78.2	31.0	65.3	27.0	70.1	33.0	69.2	26.0	61.7	131.0	67.9	5	100.0
05/29/2006 08:50	15.0	79.0	36.0	65.6	32.0	71.2	39.0	69.2	29.0	64.6	151.0	68.9	5	100.0
05/29/2006 08:55	18.0	79.3	36.0	67.3	36.0	72.0	33.0	62.9	26.0	63.5	149.0	68.2	5	100.0
05/29/2006 09:00	17.0	79.9	39.0	65.1	38.0	70.2	39.0	64.9	34.0	63.8	167.0	67.5	5	100.0
05/29/2006 09:05	14.0	79.5	24.0	69.2	32.0	70.5	27.0	67.7	26.0	65.3	123.0	69.6	5	100.0
05/29/2006 09:10	15.0	78.2	39.0	66.7	40.0	70.6	34.0	65.2	26.0	62.4	154.0	67.8	5	100.0
05/29/2006 09:15	20.0	77.1	33.0	65.9	41.0	71.5	38.0	68.2	32.0	63.9	164.0	68.8	5	100.0
05/29/2006 09:20	11.0	77.4	48.0	66.5	40.0	71.1	43.0	66.4	38.0	63.7	180.0	67.6	5	100.0
05/29/2006 09:25	10.0	75.8	76.0	57.3	64.0	52.9	61.0	48.9	67.0	50.3	278.0	53.4	5	0.0
05/29/2006 09:30	12.0	74.8	80.0	57.9	62.0	51.8	65.0	49.3	70.0	49.0	289.0	53.2	5	0.0
05/29/2006 09:35	13.0	75.2	72.0	59.7	57.0	55.0	59.0	51.1	63.0	50.3	264.0	55.3	5	0.0
05/29/2006 09:40	14.0	76.6	75.0	59.2	60.0	55.3	62.0	51.5	70.0	49.5	281.0	55.1	5	0.0
05/29/2006 09:45	14.0	76.2	72.0	61.0	58.0	55.1	59.0	51.8	69.0	50.4	272.0	55.8	5	0.0
05/29/2006 09:50	13.0	77.2	77.0	60.6	59.0	53.7	62.0	54.1	69.0	51.7	280.0	56.3	5	0.0
05/29/2006 09:55	22.0	77.8	70.0	60.6	56.0	53.0	59.0	54.9	65.0	51.5	272.0	57.0	5	0.0
05/29/2006 10:00	32.0	77.5	65.0	59.6	54.0	51.8	59.0	52.4	63.0	51.8	273.0	56.8	5	0.0
05/29/2006 10:05	38.0	76.8	57.0	60.8	51.0	53.7	56.0	52.1	58.0	52.7	260.0	58.1	5	0.0
05/29/2006 10:10	38.0	75.2	59.0	60.7	52.0	53.8	57.0	52.8	58.0	51.6	264.0	57.7	5	0.0
05/29/2006 10:15	33.0	74.7	58.0	62.0	54.0	57.2	55.0	51.0	66.0	52.3	266.0	57.9	5	0.0
05/29/2006 10:20	36.0	76.9	55.0	64.0	49.0	56.1	54.0	49.3	56.0	53.0	250.0	58.7	5	0.0
05/29/2006 10:25	35.0	76.6	57.0	63.9	50.0	57.2	52.0	49.6	61.0	51.2	255.0	58.4	5	0.0
05/29/2006 10:30	45.0	75.8	56.0	63.0	49.0	54.5	51.0	49.3	62.0	52.2	263.0	58.4	5	0.0
05/29/2006 10:35	41.0	75.8	57.0	62.3	48.0	52.2	55.0	49.7	60.0	54.3	261.0	58.1	5	0.0
05/29/2006 10:40	44.0	74.6	56.0	63.4	52.0	53.1	52.0	49.5	58.0	54.4	262.0	58.5	5	0.0
05/29/2006 10:45	46.0	75.9	62.0	62.6	53.0	53.7	57.0	51.8	66.0	54.8	284.0	59.1	5	0.0
05/29/2006 10:50	39.0	76.5	61.0	62.5	54.0	54.7	58.0	51.8	63.0	54.0	275.0	58.7	5	0.0
05/29/2006 10:55	42.0	76.0	58.0	63.2	55.0	53.6	57.0	53.2	61.0	51.6	273.0	58.6	5	0.0
05/29/2006 11:00	37.0	75.8	63.0	62.9	54.0	54.6	54.0	50.8	62.0	51.5	270.0	58.0	5	0.0
05/29/2006 11:05	37.0	74.2	57.0	62.5	55.0	54.6	56.0	51.3	62.0	54.1	267.0	58.2	5	0.0
05/29/2006 11:10	38.0	73.8	59.0	61.7	53.0	54.0	57.0	51.0	54.0	53.5	261.0	57.9	5	0.0
05/29/2006 11:15	40.0	74.2	62.0	62.1	55.0	52.5	58.0	49.4	62.0	53.1	277.0	57.3	5	0.0
05/29/2006 11:20	39.0	73.4	59.0	60.8	50.0	50.7	55.0	48.3	66.0	51.5	269.0	55.9	5	0.0
05/29/2006 11:25	43.0	72.2	60.0	59.4	58.0	51.4	53.0	48.8	58.0	51.5	272.0	56.0	5	0.0
05/29/2006 11:30	42.0	72.7	57.0	60.8	57.0	52.7	56.0	49.9	67.0	52.2	279.0	56.7	5	0.0
05/29/2006 11:35	44.0	71.6	65.0	61.4	59.0	52.1	62.0	49.4	68.0	52.9	298.0	56.6	5	0.0
05/29/2006 11:40	39.0	73.1	62.0	62.9	53.0	52.3	59.0	51.0	67.0	51.9	280.0	57.2	5	0.0
05/29/2006 11:45	45.0	74.2	58.0	62.0	54.0	52.2	60.0	52.2	67.0	51.7	284.0	57.6	5	0.0
05/29/2006 11:50	46.0	75.0	62.0	62.2	61.0	53.0	58.0	50.2	62.0	52.1	289.0	57.7	5	0.0
05/29/2006 11:55	39.0	75.6	61.0	62.0	58.0	54.8	58.0	51.8	68.0	53.9	284.0	58.4	5	0.0
05/29/2006 12:00	40.0	66.6	61.0	61.4	51.0	53.4	56.0	51.0	68.0	52.5	276.0	56.4	5	0.0
05/29/2006 12:05	48.0	61.8	62.0	61.7	57.0	52.5	60.0	52.1	68.0	52.7	295.0	55.9	5	0.0
05/29/2006 12:10	41.0	59.9	58.0	61.2	55.0	55.7	60.0	54.7	70.0	52.9	284.0	56.5	5	0.0
05/29/2006 12:15	39.0	59.8	59.0	61.1	56.0	54.6	58.0	55.1	65.0	54.4	277.0	56.8	5	0.0
05/29/2006 12:20	44.0	59.4	64.0	62.5	57.0	54.7	57.0	55.2	69.0	54.0	291.0	57.1	5	0.0
05/29/2006 12:25	49.0	58.4	60.0	62.1	60.0	55.9	56.0	53.0	68.0	54.3	293.0	56.7	5	0.0
05/29/2006 12:30	48.0	58.5	64.0	61.5	56.0	56.0	61.0	53.4	71.0	53.2	300.0	56.4	5	0.0
05/29/2006 12:35	44.0	59.1	61.0	62.2	61.0	56.8	64.0	55.1	70.0	53.0	300.0	57.0	5	0.0
05/29/2006 12:40	50.0	57.1	63.0	60.8	58.0	55.6	61.0	53.5	72.0	52.4	304.0	55.7	5	0.0
05/29/2006 12:45	45.0	56.9	63.0	60.8	62.0	57.2	61.0	55.0	70.0	53.1	301.0	56.5	5	0.0
05/29/2006 12:50	50.0	56.4	63.0	61.9	62.0	57.1	59.0	53.5	68.0	54.5	302.0	56.7	5	0.0
05/29/2006 12:55	46.0	56.4	62.0	62.3	60.0	58.7	60.0	53.9	71.0	54.8	299.0	57.2	5	0.0
05/29/2006 13:00	47.0	58.4	63.0	62.9	60.0	60.2	61.0	53.4	69.0	55.1	300.0	57.9	5	0.0
05/29/2006 13:05	43.0	57.5	63.0	62.5	54.0	58.5	57.0	52.7	65.0	53.1	282.0	56.8	5	0.0
05/29/2006 13:10	46.0	58.5	62.0	61.6	57.0	58.9	58.0	54.1	66.0	54.2	289.0	57.4	5	0.0
05/29/2006 13:15	54.0	58.0	62.0	61.6	52.0	57.8	57.0	54.8	64.0	54.4	289.0	57.3	5	0.0
05/29/2006 13:20	46.0	58.1	63.0	61.6	55.0	57.8	57.0	53.6	63.0	53.0	284.0	56.8	5	0.0
05/29/2006 13:25	55.0	57.1	63.0	60.8	55.0	55.6	60.0	55.8	65.0	52.4	298.0	56.3	5	0.0
05/29/2006 13:30	50.0	57.2	66.0	60.2	60.0	55.2	63.0	55.3	70.0	53.5	309.0	56.2	5	0.0
05/29/2006 13:35	54.0	57.2	67.0	60.4	58.0	55.4	62.0	55.6	68.0	53.9	309.0	56.5	5	0.0
05/29/2006 13:40	53.0	56.6	67.0	60.4	57.0	55.9	61.0	55.1	64.0	55.5	302.0	56.8	5	0.0
05/29/2006 13:45	54.0	56.8	66.0	61.3	60.0	54.4	58.0	54.9	63.0	54.7	301.0	56.5	5	0.0
05/29/2006 13:50	59.0	55.5	67.0	59.6	57.0	52.7	58.0	53.3	62.0	53.2	303.0	55.0	5	0.0
05/29/2006 13:55	59.0	56.1	63.0	59.9	57.0	53.9	57.0	52.3	59.0	53.8	295.0	55.3	5	0.0
05/29/2006 14:00	58.0	56.0	65.0	60.0	56.0	54.3	62.0	52.9	63.0	54.0	304.0	55.5	5	0.0
05/29/2006 14:05	68.0	54.4	69.0	57.9	60.0	54.6	58.0	53.0	60.0	51.9	315.0	54.5	5	0.0
05/29/2006 14:10	69.0	53.1	72.0	57.5	62.0	54.9	57.0	53.2	71.0	50.1	331.0	53.8	5	0.0
05/29/2006 14:15	74.0	52.4	76.0	56.8	61.0	55.4	62.0	54.3	68.0	52.0	341.0	54.2	5	0.0
05/29/2006 14:20	74.0	51.4	77.0	56.1	64.0	52.8	63.0	52.5	67.0	51.9	345.0	53.0	5	0.0
05/29/2006 14:25	74.0	51.8	74.0	56.8	62.0	52.3	65.0	53.8	67.0	53.7	342.0	53.7	5	0.0
05/29/2006 14:30	68.0	53.1	74.0	58.3	66.0	52.9	63.0	54.4	65.0	53.7	336.0	54.6	5	0.0
05/29/2006 14:35	71.0	52.5	74.0	58.2	69.0	56.1	66.0	54.1	66.0	53.6	346.0	55.0	5	0.0
05/29/2006 14:40	85.0	52.0	82.0	56.2	72.0	55.8	71.0	54.4	69.0	53.5	379.0	54.4	5	0.0
05/29/2006 14:45	76.0	50.6	81.0	55.1	70.0	56.4	64.0	54.7	65.0	54.0	356.0	54.1	5	0.0
05/29/2006 14:50	78.0	49.9	80.0	54.3	70.0	53.7	68.0	53.7	66.0	52.0	362.0	52.7	5	0.0
05/29/2006 14:55	70.0	48.9	84.0	53.6	68.0	52.7	64.0	53.0	64.0	50.6	350.0	51.8	5	0.0
05/29/2006 15:00	59.0	48.7	90.0	52.1	72.0	51.0	72.0	52.4	68.0	51.0	361.0	51.2	5	0.0
05/29/2006 15:05	41.0	48.3	83.0	49.5	69.0	47.8	70.0	51.6	68.0	49.6	331.0	49.5	5	0.0
05/29/2006 15:10	45.0	46.6	81.0	44.9	73.0	45.8	70.0	48.9	67.0	46.7	336.0	46.5	5	0.0
05/29/2006 15:15	48.0	46.2	81.0	42.9	72.0	43.4	72.0	47.5	70.0	44.8	343.0	44.8	5	0.0
05/29/2006 15:20	50.0	45.4	80.0	39.6	68.0	42.8	70.0	46.7	68.0	44.2	336.0	43.5	5	0.0
05/29/2006 15:25	48.0	43.2	80.0	41.4	70.0	41.9	66.0	45.5	65.0	41.8	329.0	42.7	5	0.0
05/29/2006 15:30	56.0	43.7	77.0	40.1	66.0	42.1	66.0	44.6	64.0	41.9	329.0	42.4	5	0.0
05/29/2006 15:35	54.0	45.1	80.0	41.2	68.0	43.0	72.0	45.2	65.0	43.2	339.0	43.4	5	0.0
05/29/2006 15:40	53.0	44.8	77.0	40.8	70.0	43.0	70.0	45.3	65.0	42.3	335.0	43.1	5	0.0
05/29/2006 15:45	57.0	43.3	77.0	40.2	63.0	39.7	68.0	46.1	63.0	41.7	328.0	42.2	5	0.0
05/29/2006 15:50	54.0	43.0	81.0	40.5	68.0	39.7	67.0	45.0	62.0	43.3	332.0	42.2	5	0.0
05/29/2006 15:55	58.0	41.8	76.0	40.5	64.0	39.9	66.0	45.5	66.0	43.4	330.0	42.2	5	0.0
05/29/2006 16:00	56.0	41.5	76.0	39.7	68.0	38.9	66.0	45.3	64.0	42.0	330.0	41.4	5	0.0
05/29/2006 16:05	59.0	40.5	78.0	36.7	67.0	36.4	72.0	43.6	66.0	41.2	342.0	39.6	5	0.0
05/29/2006 16:10	63.0	40.0	79.0	38.2	66.0	38.4	72.0	45.5	61.0	42.4	341.0	40.9	5	0.0
05/29/2006 16:15	63.0	39.5	80.0	37.7	69.0	39.7	72.0	44.6	67.0	43.3	351.0	40.9	5	0.0
05/29/2006 16:20	61.0	40.1	79.0	38.6	73.0	39.0	73.0	44.9	69.0	42.9	355.0	41.1	5	0.0
05/29/2006 16:25	63.0	37.7	79.0	35.1	69.0	36.9	74.0	41.9	70.0	40.7	355.0	38.4	5	0.0
05/29/2006 16:30	62.0	37.1	81.0	35.4	66.0	36.2	73.0	41.1	70.0	38.9	352.0	37.7	5	0.0
05/29/2006 16:35	70.0	37.0	80.0	35.6	71.0	34.7	70.0	40.3	68.0	39.3	359.0	37.3	5	0.0
05/29/2006 16:40	61.0	37.5	77.0	37.6	68.0	37.1	69.0	42.0	66.0	40.0	341.0	38.8	5	0.0
05/29/2006 16:45	68.0	38.0	76.0	38.7	65.0	38.2	71.0	42.9	66.0	41.1	346.0	39.8	5	0.0
05/29/2006 16:50	68.0	37.1	83.0	36.7	67.0	36.8	72.0	42.0	71.0	39.6	361.0	38.4	5	0.0
05/29/2006 16:55	65.0	37.7	80.0	34.3	70.0	36.3	69.0	41.1	73.0	39.0	357.0	37.6	5	0.0
05/29/2006 17:00	65.0	38.7	73.0	35.9	66.0	36.9	70.0	43.0	66.0	39.8	340.0	38.8	5	0.0
05/29/2006 17:05	64.0	37.9	76.0	37.8	66.0	36.9	71.0	44.4	66.0	40.8	343.0	39.6	5	0.0
05/29/2006 17:10	60.0	37.3	75.0	37.1	68.0	36.2	71.0	43.5	70.0	40.7	344.0	39.0	5	0.0
05/29/2006 17:15	63.0	37.8	79.0	38.3	71.0	37.6	76.0	44.9	68.0	40.6	357.0	39.9	5	0.0
05/29/2006 17:20	63.0	38.4	76.0	37.1	68.0	37.1	71.0	44.6	68.0	40.8	346.0	39.6	5	0.0
05/29/2006 17:25	65.0	35.8	66.0	35.9	62.0	38.2	67.0	44.1	68.0	40.6	328.0	39.0	5	0.0
05/29/2006 17:30	67.0	36.4	76.0	35.2	71.0	36.6	71.0	41.7	70.0	38.8	355.0	37.7	5	0.0
05/29/2006 17:35	61.0	35.8	76.0	35.5	68.0	38.6	72.0	43.1	69.0	39.8	346.0	38.6	5	0.0
05/29/2006 17:40	60.0	36.9	76.0	37.2	69.0	40.3	70.0	44.0	67.0	41.1	342.0	39.9	5	0.0
05/29/2006 17:45	67.0	36.5	81.0	36.0	71.0	38.8	72.0	43.2	70.0	40.4	361.0	38.9	5	0.0
05/29/2006 17:50	66.0	35.7	81.0	34.3	71.0	37.5	74.0	42.4	69.0	40.0	361.0	37.9	5	0.0
05/29/2006 17:55	66.0	35.7	73.0	34.2	66.0	35.8	69.0	41.0	68.0	38.9	342.0	37.1	5	0.0
05/29/2006 18:00	65.0	37.0	72.0	37.6	67.0	39.8	70.0	44.6	65.0	41.2	339.0	40.1	5	0.0
05/29/2006 18:05	60.0	38.9	80.0	40.0	68.0	41.7	69.0	45.1	68.0	41.9	345.0	41.5	5	0.0
05/29/2006 18:10	55.0	40.2	77.0	40.3	71.0	42.1	67.0	44.7	72.0	42.1	342.0	41.9	5	0.0
05/29/2006 18:15	56.0	42.9	81.0	40.1	72.0	42.8	70.0	45.3	68.0	43.5	347.0	42.8	5	0.0
05/29/2006 18:20	42.0	45.8	71.0	43.6	67.0	46.9	67.0	48.4	64.0	45.8	311.0	46.1	5	0.0
05/29/2006 18:25	32.0	48.8	73.0	51.2	62.0	54.7	62.0	53.8	64.0	49.3	293.0	51.8	5	0.0
05/29/2006 18:30	41.0	52.2	78.0	57.2	66.0	61.1	68.0	60.1	65.0	55.7	318.0	57.7	5	0.0
05/29/2006 18:35	37.0	57.5	67.0	60.9	63.0	66.0	63.0	65.3	61.0	59.2	291.0	62.2	5	0.0
05/29/2006 18:40	31.0	55.7	78.0	61.0	66.0	65.3	68.0	67.2	60.0	58.9	303.0	62.4	5	0.0
05/29/2006 18:45	25.0	58.0	75.0	62.2	68.0	68.2	70.0	67.7	63.0	60.4	301.0	64.1	5	0.0
05/29/2006 18:50	24.0	61.5	71.0	63.5	64.0	69.2	63.0	67.4	63.0	60.7	285.0	64.9	5	0.0
05/29/2006 18:55	28.0	61.9	67.0	62.8	64.0	69.6	62.0	67.3	62.0	60.8	283.0	64.8	5	0.0
05/29/2006 19:00	40.0	66.8	64.0	64.7	60.0	71.1	58.0	68.4	59.0	61.4	281.0	66.4	5	0.0
05/29/2006 19:05	46.0	72.7	61.0	64.3	57.0	69.9	57.0	67.1	55.0	63.0	276.0	67.2	5	0.0
05/29/2006 19:10	48.0	74.2	59.0	64.0	61.0	70.4	61.0	67.2	57.0	63.4	286.0	67.6	5	0.0
05/29/2006 19:15	51.0	76.0	61.0	64.7	60.0	71.7	59.0	67.6	57.0	63.5	288.0	68.5	5	0.0
05/29/2006 19:20	54.0	76.4	57.0	65.1	58.0	71.7	58.0	67.5	57.0	65.4	284.0	69.1	5	0.0
05/29/2006 19:25	48.0	77.0	59.0	65.5	54.0	71.4	59.0	69.3	63.0	65.1	283.0	69.3	5	0.0
05/29/2006 19:30	49.0	74.8	61.0	66.6	55.0	71.2	52.0	68.2	56.0	64.7	273.0	68.9	5	0.0
05/29/2006 19:35	45.0	77.5	57.0	67.5	50.0	72.1	53.0	68.3	53.0	64.2	258.0	69.6	5	0.0
05/29/2006 19:40	48.0	77.2	56.0	67.1	54.0	71.4	51.0	66.9	51.0	64.6	260.0	69.3	5	0.0
05/29/2006 19:45	48.0	78.4	58.0	65.8	51.0	72.5	55.0	68.5	52.0	64.7	264.0	69.7	5	0.0
05/29/2006 19:50	46.0	78.0	60.0	66.0	51.0	71.8	53.0	68.3	50.0	62.1	260.0	69.0	5	0.0
05/29/2006 19:55	46.0	78.2	52.0	66.4	49.0	71.2	51.0	70.1	48.0	64.3	246.0	69.9	5	0.0
05/29/2006 20:00	45.0	76.1	51.0	66.5	47.0	69.0	46.0	67.6	44.0	65.2	233.0	68.8	5	0.0
05/29/2006 20:05	44.0	77.1	55.0	66.0	50.0	71.4	49.0	67.7	46.0	65.3	244.0	69.3	5	0.0
05/29/2006 20:10	43.0	76.3	56.0	66.9	50.0	71.4	52.0	69.6	45.0	64.3	246.0	69.6	5	0.0
05/29/2006 20:15	41.0	78.4	46.0	66.4	47.0	70.2	44.0	68.5	41.0	62.1	219.0	69.1	5	0.0
05/29/2006 20:20	37.0	78.2	52.0	67.2	50.0	70.6	48.0	67.7	45.0	61.8	232.0	68.7	5	0.0
05/29/2006 20:25	45.0	79.6	53.0	65.8	51.0	68.8	53.0	68.6	45.0	59.6	247.0	68.4	5	0.0
05/29/2006 20:30	39.0	77.3	47.0	65.0	47.0	70.4	44.0	68.5	40.0	61.9	217.0	68.5	5	0.0
05/29/2006 20:35	35.0	77.9	53.0	65.5	43.0	68.7	49.0	67.9	45.0	62.4	225.0	67.9	5	0.0
05/29/2006 20:40	37.0	77.4	47.0	65.8	44.0	68.2	50.0	69.1	45.0	61.2	223.0	68.0	5	0.0
05/29/2006 20:45	34.0	76.6	48.0	65.8	51.0	71.0	49.0	68.4	45.0	62.4	227.0	68.5	5	0.0
05/29/2006 20:50	32.0	77.4	42.0	67.3	44.0	71.6	48.0	70.7	45.0	64.3	211.0	69.9	5	0.0
05/29/2006 20:55	32.0	79.5	41.0	67.4	42.0	72.4	42.0	69.5	40.0	62.6	197.0	69.9	5	0.0
05/29/2006 21:00	29.0	78.2	46.0	70.9	44.0	71.5	45.0	68.5	40.0	62.6	204.0	69.9	5	0.0
05/29/2006 21:05	26.0	76.4	41.0	71.2	41.0	71.6	44.0	67.8	41.0	63.2	193.0	69.5	5	0.0
05/29/2006 21:10	33.0	77.9	50.0	72.2	38.0	71.4	47.0	67.1	46.0	61.6	214.0	69.5	5	0.0
05/29/2006 21:15	32.0	77.1	44.0	73.5	42.0	71.4	50.0	71.0	45.0	62.3	213.0	70.7	5	0.0
05/29/2006 21:20	33.0	77.0	48.0	73.0	42.0	72.7	48.0	70.0	43.0	64.9	214.0	71.3	5	0.0
05/29/2006 21:25	30.0	76.0	43.0	74.6	43.0	71.8	41.0	67.9	42.0	65.2	199.0	70.8	5	0.0
05/29/2006 21:30	31.0	76.8	44.0	74.0	46.0	72.8	44.0	69.5	37.0	64.2	202.0	71.4	5	0.0
05/29/2006 21:35	30.0	76.7	40.0	72.9	39.0	72.5	43.0	67.7	36.0	61.9	188.0	70.1	5	0.0
05/29/2006 21:40	28.0	76.5	42.0	72.8	43.0	73.3	42.0	66.7	40.0	62.4	195.0	70.0	5	0.0
05/29/2006 21:45	31.0	75.1	43.0	73.1	37.0	71.5	39.0	66.5	37.0	62.3	187.0	69.6	5	0.0
05/29/2006 21:50	26.0	76.0	37.0	73.4	40.0	71.1	45.0	65.4	40.0	64.7	188.0	69.5	5	0.0
05/29/2006 21:55	33.0	75.4	49.0	73.9	44.0	70.1	43.0	67.1	41.0	62.7	210.0	69.8	5	0.0
05/29/2006 22:00	34.0	76.4	42.0	73.6	41.0	72.2	43.0	68.5	35.0	62.8	195.0	70.7	5	0.0
05/29/2006 22:05	29.0	75.9	40.0	72.2	43.0	70.2	42.0	64.6	39.0	63.1	193.0	68.8	5	0.0
05/29/2006 22:10	27.0	75.9	39.0	73.2	39.0	71.0	41.0	66.8	34.0	63.2	180.0	69.8	5	0.0
05/29/2006 22:15	31.0	76.5	41.0	73.0	40.0	70.3	40.0	68.1	39.0	65.0	191.0	70.3	5	0.0
05/29/2006 22:20	30.0	76.4	42.0	73.1	43.0	69.7	41.0	70.3	37.0	64.6	193.0	70.6	5	0.0
05/29/2006 22:25	29.0	75.9	43.0	72.6	41.0	68.3	35.0	70.5	33.0	64.4	181.0	70.3	5	0.0
05/29/2006 22:30	27.0	74.6	41.0	72.9	42.0	70.1	38.0	68.4	35.0	63.5	183.0	69.8	5	0.0
05/29/2006 22:35	27.0	76.4	40.0	74.2	38.0	70.7	38.0	70.4	31.0	63.2	174.0	71.0	5	0.0
05/29/2006 22:40	23.0	76.0	37.0	74.1	33.0	70.6	36.0	73.6	29.0	62.1	158.0	71.3	5	0.0
05/29/2006 22:45	18.0	76.7	34.0	74.9	31.0	70.9	30.0	73.2	27.0	62.7	140.0	71.5	5	0.0
05/29/2006 22:50	27.0	76.3	35.0	74.9	35.0	72.6	32.0	72.2	30.0	65.3	159.0	72.3	5	0.0
05/29/2006 22:55	29.0	75.0	34.0	74.8	31.0	71.5	32.0	67.5	26.0	62.8	152.0	70.6	5	0.0
05/29/2006 23:00	17.0	75.4	32.0	72.8	31.0	71.1	24.0	68.0	22.0	61.9	126.0	69.9	5	0.0
05/29/2006 23:05	15.0	75.9	29.0	71.0	30.0	72.3	28.0	69.6	24.0	63.1	126.0	70.1	5	0.0
05/29/2006 23:10	17.0	76.1	28.0	71.4	29.0	69.1	25.0	69.0	23.0	64.4	122.0	69.7	5	0.0
05/29/2006 23:15	16.0	76.4	26.0	73.6	26.0	70.2	25.0	70.5	21.0	62.6	114.0	70.5	5	0.0
05/29/2006 23:20	20.0	76.5	31.0	73.9	28.0	69.2	25.0	66.9	22.0	63.3	126.0	70.0	5	0.0
05/29/2006 23:25	14.0	76.9	25.0	71.9	24.0	68.3	22.0	64.8	20.0	62.0	105.0	68.4	5	0.0
05/29/2006 23:30	13.0	76.9	23.0	74.2	27.0	70.5	25.0	70.4	19.0	63.9	107.0	70.9	5	0.0
05/29/2006 23:35	11.0	76.4	26.0	73.1	23.0	71.1	24.0	73.2	19.0	60.2	103.0	70.6	5	0.0
05/29/2006 23:40	11.0	76.7	27.0	74.1	23.0	71.0	21.0	68.2	20.0	60.5	102.0	69.8	5	0.0
05/29/2006 23:45	12.0	76.5	27.0	75.4	26.0	72.3	24.0	67.2	17.0	61.8	106.0	70.7	5	0.0
05/29/2006 23:50	13.0	76.8	21.0	75.3	22.0	72.3	22.0	68.6	20.0	65.0	98.0	71.2	5	0.0
05/29/2006 23:55	10.0	75.9	16.0	74.3	18.0	69.3	16.0	72.3	17.0	64.8	77.0	70.8	5	0.0
05/30/2006 00:00	9.0	76.5	18.0	74.0	19.0	72.0	17.0	69.2	14.0	64.5	77.0	71.0	5	0.0
05/30/2006 00:05	7.0	76.4	17.0	74.1	21.0	70.9	19.0	67.2	16.0	63.8	80.0	69.8	5	0.0
05/30/2006 00:10	11.0	76.2	20.0	71.8	20.0	72.5	19.0	71.5	14.0	61.9	84.0	70.8	5	0.0
05/30/2006 00:15	10.0	76.2	17.0	73.5	19.0	71.1	19.0	70.2	12.0	63.4	77.0	70.9	5	0.0
05/30/2006 00:20	7.0	76.2	20.0	73.8	19.0	70.7	17.0	69.6	15.0	63.9	78.0	70.4	5	0.0
05/30/2006 00:25	6.0	76.5	17.0	73.8	18.0	71.4	17.0	65.8	12.0	62.7	70.0	69.6	5	0.0
05/30/2006 00:30	5.0	76.5	14.0	74.4	14.0	71.9	15.0	66.9	11.0	64.1	59.0	70.2	5	0.0
05/30/2006 00:35	6.0	76.0	12.0	74.5	15.0	73.0	14.0	65.1	11.0	63.6	58.0	69.9	5	0.0
05/30/2006 00:40	6.0	76.4	14.0	74.1	14.0	70.8	18.0	69.2	11.0	64.7	63.0	70.5	5	0.0
05/30/2006 00:45	8.0	76.6	15.0	73.8	14.0	71.3	13.0	66.3	10.0	61.5	60.0	69.9	5	0.0
05/30/2006 00:50	5.0	76.6	11.0	73.8	13.0	71.6	13.0	67.3	13.0	62.4	55.0	69.3	5	0.0
05/30/2006 00:55	5.0	76.5	12.0	74.3	13.0	72.0	13.0	69.3	11.0	62.7	54.0	70.4	5	0.0
05/30/2006 01:00	4.0	76.6	10.0	74.0	11.0	71.3	11.0	66.5	12.0	64.0	48.0	69.4	5	0.0
05/30/2006 01:05	5.0	76.5	13.0	74.0	10.0	71.1	13.0	65.3	11.0	64.5	52.0	69.5	5	0.0
05/30/2006 01:10	3.0	76.5	11.0	73.9	12.0	70.9	10.0	62.6	8.0	62.0	44.0	68.5	5	0.0
05/30/2006 01:15	4.0	76.5	9.0	74.1	9.0	71.3	11.0	67.4	8.0	64.2	41.0	70.0	5	0.0
05/30/2006 01:20	7.0	76.5	10.0	74.2	10.0	71.3	9.0	67.4	6.0	64.8	42.0	71.1	5	0.0
05/30/2006 01:25	0.0	76.5	7.0	74.2	11.0	71.9	10.0	68.2	9.0	63.3	37.0	69.2	5	0.0
05/30/2006 01:30	2.0	76.5	7.0	74.1	9.0	71.9	8.0	66.9	10.0	62.9	36.0	69.0	5	0.0
05/30/2006 01:35	2.0	76.5	6.0	74.0	10.0	71.6	11.0	65.0	6.0	63.5	35.0	68.8	5	0.0
05/30/2006 01:40	2.0	76.5	10.0	73.9	12.0	70.3	13.0	64.6	9.0	64.3	46.0	68.6	5	0.0
05/30/2006 01:45	1.0	76.5	8.0	74.2	10.0	70.1	11.0	66.6	8.0	60.2	38.0	68.0	5	0.0
05/30/2006 01:50	2.0	76.5	8.0	74.4	10.0	72.0	11.0	66.1	10.0	62.3	41.0	68.7	5	0.0
05/30/2006 01:55	1.0	76.5	9.0	74.1	9.0	70.6	11.0	65.0	11.0	62.9	41.0	67.9	5	0.0
05/30/2006 02:00	1.0	76.5	7.0	73.8	8.0	70.7	9.0	67.4	9.0	63.1	34.0	68.6	5	0.0
05/30/2006 02:05	1.0	76.5	8.0	73.8	9.0	71.5	11.0	68.8	7.0	63.6	36.0	69.8	5	0.0
05/30/2006 02:10	5.0	76.5	10.0	73.9	11.0	71.7	9.0	70.1	7.0	63.3	42.0	71.1	5	0.0
05/30/2006 02:15	4.0	76.5	6.0	73.7	8.0	72.3	9.0	70.7	8.0	61.2	35.0	70.1	5	0.0
05/30/2006 02:20	4.0	76.5	9.0	73.8	7.0	71.5	9.0	67.9	8.0	63.4	37.0	70.0	5	0.0
05/30/2006 02:25	2.0	76.3	9.0	73.8	11.0	71.9	11.0	68.7	7.0	64.1	40.0	70.3	5	0.0
05/30/2006 02:30	0.0	76.3	8.0	74.0	9.0	72.6	9.0	65.8	7.0	62.1	33.0	68.9	5	0.0
05/30/2006 02:35	3.0	76.4	8.0	73.8	5.0	70.8	9.0	66.3	4.0	63.8	29.0	69.8	5	0.0
05/30/2006 02:40	5.0	76.2	10.0	73.5	8.0	71.3	10.0	67.8	9.0	61.2	42.0	69.4	5	0.0
05/30/2006 02:45	0.0	76.2	6.0	73.8	7.0	70.8	9.0	66.2	5.0	62.2	27.0	68.3	5	0.0
05/30/2006 02:50	1.0	76.2	6.0	74.0	3.0	71.4	13.0	63.0	7.0	63.1	30.0	66.5	5	0.0
05/30/2006 02:55	4.0	76.3	6.0	74.1	8.0	70.2	7.0	65.0	8.0	62.4	33.0	68.7	5	0.0
05/30/2006 03:00	1.0	76.4	6.0	74.0	7.0	71.8	8.0	65.1	10.0	60.7	32.0	67.2	5	0.0
05/30/2006 03:05	0.0	76.3	4.0	74.1	7.0	71.2	11.0	62.9	6.0	60.9	28.0	66.1	5	0.0
05/30/2006 03:10	0.0	76.3	5.0	74.0	7.0	71.1	11.0	58.8	9.0	60.1	32.0	64.2	5	0.0
05/30/2006 03:15	2.0	76.3	4.0	74.0	7.0	72.1	7.0	65.5	7.0	61.5	27.0	68.2	5	0.0
05/30/2006 03:20	1.0	76.3	7.0	74.0	7.0	68.9	9.0	66.6	7.0	61.9	31.0	68.0	5	0.0
05/30/2006 03:25	0.0	76.3	6.0	73.9	7.0	70.0	7.0	68.5	7.0	62.1	27.0	68.4	5	0.0
05/30/2006 03:30	0.0	76.3	4.0	74.2	5.0	70.6	8.0	67.5	10.0	63.0	27.0	67.4	5	0.0
05/30/2006 03:35	0.0	76.3	3.0	74.1	10.0	69.9	6.0	66.6	8.0	63.2	27.0	67.6	5	0.0
05/30/2006 03:40	0.0	76.3	0.0	74.1	10.0	71.2	5.0	66.6	7.0	63.4	22.0	67.7	5	0.0
05/30/2006 03:45	0.0	76.3	0.0	73.9	10.0	71.6	3.0	66.6	9.0	63.0	22.0	67.4	5	0.0
05/30/2006 03:50	0.0	76.3	0.0	73.9	9.0	71.8	5.0	67.4	7.0	63.2	21.0	67.9	5	0.0
05/30/2006 03:55	0.0	76.3	1.0	73.9	9.0	72.0	10.0	64.2	9.0	62.0	29.0	66.3	5	0.0
05/30/2006 04:00	0.0	76.3	2.0	73.9	10.0	72.6	8.0	63.7	7.0	62.9	27.0	67.5	5	0.0
05/30/2006 04:05	0.0	76.3	3.0	74.0	10.0	72.4	11.0	61.6	7.0	62.9	31.0	66.6	5	0.0
05/30/2006 04:10	0.0	76.3	5.0	73.9	7.0	72.9	10.0	61.1	8.0	60.8	30.0	65.9	5	0.0
05/30/2006 04:15	0.0	76.3	6.0	73.9	9.0	71.9	10.0	58.0	11.0	62.4	36.0	65.5	5	0.0
05/30/2006 04:20	0.0	76.3	5.0	73.7	11.0	70.7	12.0	63.1	11.0	62.6	39.0	66.5	5	0.0
05/30/2006 04:25	5.0	76.3	8.0	73.2	11.0	69.7	11.0	62.2	10.0	61.3	45.0	67.4	5	0.0
05/30/2006 04:30	1.0	76.3	6.0	73.8	9.0	70.4	12.0	60.9	11.0	60.2	39.0	65.3	5	0.0
05/30/2006 04:35	1.0	76.2	9.0	74.0	9.0	69.6	12.0	60.7	10.0	61.1	41.0	66.0	5	0.0
05/30/2006 04:40	1.0	76.2	8.0	73.6	13.0	70.7	13.0	55.4	11.0	60.8	46.0	64.6	5	0.0
05/30/2006 04:45	2.0	76.3	10.0	73.7	13.0	70.4	14.0	59.3	12.0	63.5	51.0	66.6	5	0.0
05/30/2006 04:50	1.0	76.3	10.0	73.7	15.0	71.0	14.0	59.5	15.0	60.2	55.0	65.7	5	0.0
05/30/2006 04:55	2.0	76.3	11.0	73.9	12.0	70.0	13.0	60.5	13.0	62.6	51.0	66.8	5	0.0
05/30/2006 05:00	5.0	76.4	11.0	73.8	11.0	71.3	13.0	63.8	11.0	62.6	51.0	68.6	5	0.0
05/30/2006 05:05	5.0	76.5	10.0	74.0	13.0	69.1	13.0	67.2	13.0	61.5	54.0	68.4	5	0.0
05/30/2006 05:10	0.0	76.5	11.0	74.2	14.0	69.6	16.0	62.6	15.0	61.2	56.0	66.3	5	0.0
05/30/2006 05:15	0.0	76.5	15.0	74.1	18.0	69.9	18.0	61.0	16.0	62.6	67.0	66.7	5	0.0
05/30/2006 05:20	2.0	76.5	14.0	74.0	19.0	69.7	21.0	64.1	16.0	61.6	72.0	67.3	5	0.0
05/30/2006 05:25	2.0	76.5	19.0	73.6	22.0	66.8	21.0	65.4	17.0	60.9	81.0	67.0	5	0.0
05/30/2006 05:30	2.0	76.5	27.0	74.6	25.0	67.4	23.0	66.3	21.0	58.8	98.0	67.5	5	0.0
05/30/2006 05:35	2.0	76.5	30.0	74.7	27.0	66.3	22.0	69.3	19.0	61.9	100.0	68.8	5	0.0
05/30/2006 05:40	5.0	76.5	33.0	72.5	27.0	63.8	28.0	66.9	25.0	62.1	118.0	67.1	5	0.0
05/30/2006 05:45	5.0	76.3	38.0	70.5	37.0	66.1	31.0	70.4	28.0	62.7	139.0	67.9	5	0.0
05/30/2006 05:50	9.0	76.5	34.0	70.3	31.0	68.6	30.0	69.8	29.0	67.2	133.0	69.5	5	0.0
05/30/2006 05:55	4.0	76.5	33.0	70.1	33.0	69.4	31.0	67.2	31.0	66.2	132.0	68.5	5	0.0
05/30/2006 06:00	3.0	76.6	32.0	70.7	32.0	68.0	30.0	58.7	29.0	62.7	126.0	65.5	5	0.0
05/30/2006 06:05	6.0	76.8	34.0	67.8	34.0	67.4	32.0	54.6	28.0	59.5	134.0	63.2	5	0.0
05/30/2006 06:10	6.0	76.8	43.0	69.2	36.0	62.9	36.0	55.5	33.0	58.2	154.0	62.5	5	0.0
05/30/2006 06:15	5.0	76.7	45.0	68.7	40.0	64.1	38.0	55.6	29.0	56.8	157.0	62.4	5	0.0
05/30/2006 06:20	5.0	76.7	52.0	66.6	48.0	66.6	41.0	55.3	35.0	55.1	181.0	62.1	5	0.0
05/30/2006 06:25	8.0	76.4	49.0	66.4	47.0	68.3	43.0	55.2	37.0	55.6	184.0	62.5	5	0.0
05/30/2006 06:30	7.0	76.2	58.0	67.3	48.0	67.5	46.0	53.1	41.0	53.1	200.0	61.5	5	0.0
05/30/2006 06:35	9.0	76.7	57.0	66.0	48.0	68.7	48.0	53.1	41.0	56.0	203.0	62.0	5	0.0
05/30/2006 06:40	8.0	76.4	60.0	66.0	54.0	67.0	50.0	54.8	49.0	55.8	221.0	61.8	5	0.0
05/30/2006 06:45	10.0	76.8	62.0	65.7	57.0	68.0	52.0	54.4	51.0	56.6	232.0	62.2	5	0.0
05/30/2006 06:50	9.0	76.0	70.0	65.4	58.0	66.3	52.0	54.1	52.0	57.8	241.0	61.9	5	0.0
05/30/2006 06:55	12.0	75.6	65.0	65.5	60.0	68.0	54.0	55.6	53.0	58.5	244.0	62.9	5	0.0
05/30/2006 07:00	8.0	76.2	69.0	64.7	56.0	65.3	58.0	57.4	57.0	58.2	248.0	62.0	5	0.0
05/30/2006 07:05	10.0	75.9	65.0	65.0	56.0	65.9	55.0	58.2	54.0	59.8	240.0	62.9	5	0.0
05/30/2006 07:10	10.0	75.7	71.0	64.1	61.0	66.9	59.0	56.2	57.0	58.9	258.0	62.3	5	0.0
05/30/2006 07:15	10.0	75.6	81.0	63.7	69.0	68.9	63.0	58.5	61.0	57.9	284.0	63.0	5	0.0
05/30/2006 07:20	9.0	76.0	84.0	63.4	66.0	64.8	63.0	58.5	64.0	58.1	286.0	61.9	5	0.0
05/30/2006 07:25	11.0	76.3	72.0	64.3	60.0	64.6	61.0	60.2	57.0	57.1	261.0	62.3	5	0.0
05/30/2006 07:30	13.0	75.6	89.0	63.1	67.0	63.5	66.0	58.9	66.0	56.0	301.0	61.3	5	0.0
05/30/2006 07:35	13.0	75.6	88.0	62.1	74.0	62.7	66.0	57.6	67.0	56.2	308.0	60.6	5	0.0
05/30/2006 07:40	14.0	76.5	86.0	61.4	72.0	64.1	66.0	57.3	69.0	54.7	307.0	60.3	5	0.0
05/30/2006 07:45	14.0	74.8	90.0	61.0	73.0	61.8	68.0	57.1	76.0	54.5	321.0	59.4	5	0.0
05/30/2006 07:50	15.0	75.8	94.0	60.8	75.0	62.8	76.0	56.2	77.0	54.4	337.0	59.4	5	0.0
05/30/2006 07:55	13.0	75.8	92.0	59.7	71.0	60.3	68.0	54.7	80.0	53.4	324.0	57.9	5	0.0
05/30/2006 08:00	15.0	76.1	80.0	61.2	62.0	58.3	58.0	55.9	61.0	54.9	276.0	58.9	5	0.0
05/30/2006 08:05	11.0	76.0	85.0	61.9	64.0	57.1	63.0	54.8	73.0	55.4	296.0	58.3	5	0.0
05/30/2006 08:10	16.0	73.9	81.0	60.7	69.0	56.3	69.0	55.3	77.0	54.2	312.0	57.6	5	0.0
05/30/2006 08:15	18.0	73.0	82.0	60.2	64.0	56.2	69.0	55.4	77.0	54.5	310.0	57.6	5	0.0
05/30/2006 08:20	13.0	74.5	86.0	60.6	68.0	59.0	63.0	55.9	77.0	54.1	307.0	58.2	5	0.0
05/30/2006 08:25	14.0	74.2	83.0	60.3	65.0	57.8	67.0	55.2	76.0	54.4	305.0	57.8	5	0.0
05/30/2006 08:30	13.0	75.1	84.0	60.1	65.0	56.7	63.0	53.4	79.0	54.8	304.0	57.2	5	0.0
05/30/2006 08:35	10.0	75.9	81.0	59.7	61.0	56.3	62.0	53.1	76.0	55.0	290.0	56.9	5	0.0
05/30/2006 08:40	11.0	75.0	81.0	60.2	64.0	56.1	68.0	53.3	77.0	54.7	301.0	56.9	5	0.0
05/30/2006 08:45	15.0	75.5	86.0	59.3	65.0	54.5	69.0	53.0	77.0	53.9	312.0	56.4	5	0.0
05/30/2006 08:50	16.0	72.6	77.0	60.1	61.0	55.7	63.0	53.4	71.0	53.3	288.0	56.7	5	0.0
05/30/2006 08:55	8.0	74.2	75.0	59.1	61.0	54.8	60.0	52.0	75.0	53.6	279.0	55.6	5	0.0
05/30/2006 09:00	9.0	75.1	83.0	58.1	65.0	55.1	63.0	52.9	79.0	52.7	299.0	55.4	5	0.0
05/30/2006 09:05	13.0	75.2	79.0	58.0	59.0	54.5	62.0	52.6	73.0	53.3	286.0	55.7	5	0.0
05/30/2006 09:10	13.0	74.2	82.0	58.3	61.0	54.6	68.0	51.5	75.0	52.8	299.0	55.3	5	0.0
05/30/2006 09:15	8.0	73.5	78.0	61.5	55.0	52.4	65.0	55.0	70.0	55.7	276.0	57.0	5	100.0
05/30/2006 09:20	20.0	73.7	71.0	60.5	62.0	57.6	66.0	56.1	67.0	54.1	286.0	58.3	5	100.0
05/30/2006 09:25	15.0	75.0	87.0	55.9	67.0	53.6	67.0	51.4	67.0	51.6	303.0	54.4	5	100.0
05/30/2006 09:30	21.0	72.9	77.0	49.6	58.0	45.3	65.0	45.8	69.0	45.5	290.0	48.6	5	100.0
05/30/2006 09:35	20.0	74.2	84.0	51.1	64.0	46.8	58.0	41.9	75.0	44.2	301.0	48.2	5	100.0
05/30/2006 09:40	18.0	76.5	81.0	57.1	69.0	55.6	64.0	45.7	64.0	48.4	296.0	53.6	5	100.0
05/30/2006 09:45	17.0	76.1	79.0	58.8	68.0	58.2	61.0	48.2	68.0	53.5	293.0	56.2	5	100.0
05/30/2006 09:50	17.0	75.2	72.0	59.9	62.0	60.2	64.0	52.0	65.0	53.9	280.0	57.7	5	100.0
05/30/2006 09:55	21.0	74.8	77.0	59.9	59.0	56.2	54.0	47.6	59.0	52.6	270.0	56.2	5	100.0
05/30/2006 10:00	23.0	77.4	52.0	61.9	37.0	54.2	39.0	48.9	48.0	54.0	199.0	57.8	5	100.0
05/30/2006 10:05	44.0	78.0	63.0	62.0	53.0	51.7	54.0	47.2	74.0	55.9	288.0	58.2	5	100.0
05/30/2006 10:10	30.0	76.8	55.0	61.2	52.0	56.5	56.0	49.5	61.0	52.5	254.0	57.4	5	0.0
05/30/2006 10:15	32.0	77.4	55.0	61.4	52.0	57.2	53.0	50.5	63.0	52.8	255.0	58.2	5	0.0
05/30/2006 10:20	35.0	76.3	60.0	62.8	56.0	56.9	58.0	49.3	67.0	52.2	276.0	57.9	5	0.0
05/30/2006 10:25	39.0	75.3	59.0	61.0	55.0	55.5	58.0	49.2	68.0	51.6	279.0	57.2	5	0.0
05/30/2006 10:30	35.0	76.4	54.0	61.3	50.0	55.7	54.0	49.7	62.0	51.4	255.0	57.4	5	0.0
05/30/2006 10:35	32.0	76.4	56.0	63.6	51.0	57.4	53.0	51.5	63.0	52.8	255.0	58.8	5	0.0
05/30/2006 10:40	39.0	75.9	57.0	64.1	54.0	57.8	58.0	52.8	64.0	54.4	272.0	59.8	5	0.0
05/30/2006 10:45	38.0	75.7	61.0	63.2	55.0	58.4	63.0	51.3	67.0	53.1	284.0	58.9	5	0.0
05/30/2006 10:50	37.0	76.5	57.0	62.7	54.0	55.5	57.0	53.3	64.0	54.4	269.0	59.2	5	0.0
05/30/2006 10:55	38.0	75.0	61.0	63.1	54.0	58.0	58.0	50.0	68.0	53.6	279.0	58.7	5	0.0
05/30/2006 11:00	33.0	74.2	55.0	63.4	48.0	59.8	54.0	51.2	61.0	54.7	251.0	59.4	5	0.0
05/30/2006 11:05	31.0	79.2	53.0	62.9	53.0	56.5	55.0	50.8	59.0	52.9	251.0	58.6	5	0.0
05/30/2006 11:10	38.0	78.1	59.0	61.3	51.0	55.4	57.0	49.1	59.0	53.7	264.0	58.2	5	0.0
05/30/2006 11:15	28.0	77.9	57.0	62.7	53.0	52.3	53.0	48.5	63.0	55.4	254.0	57.4	5	0.0
05/30/2006 11:20	33.0	73.0	55.0	63.2	50.0	52.8	53.0	51.2	65.0	53.4	256.0	57.5	5	0.0
05/30/2006 11:25	32.0	72.4	50.0	62.8	48.0	55.1	58.0	49.6	67.0	53.1	255.0	57.0	5	0.0
05/30/2006 11:30	36.0	75.4	51.0	62.7	46.0	54.0	54.0	50.8	64.0	54.8	251.0	58.4	5	0.0
05/30/2006 11:35	43.0	76.9	58.0	62.7	52.0	54.3	56.0	50.3	62.0	53.9	271.0	58.8	5	0.0
05/30/2006 11:40	35.0	76.8	52.0	62.1	49.0	53.6	56.0	51.6	61.0	53.8	253.0	58.2	5	0.0
05/30/2006 11:45	40.0	75.5	58.0	62.2	52.0	50.7	58.0	50.3	70.0	53.3	278.0	57.2	5	0.0
05/30/2006 11:50	48.0	74.3	63.0	60.1	59.0	51.0	66.0	52.0	74.0	53.8	310.0	57.3	5	0.0
05/30/2006 11:55	41.0	74.7	59.0	60.8	54.0	52.9	58.0	51.5	72.0	54.8	284.0	57.9	5	0.0
05/30/2006 12:00	44.0	66.4	61.0	61.2	52.0	51.3	63.0	52.3	68.0	56.4	288.0	57.1	5	0.0
05/30/2006 12:05	43.0	62.0	64.0	62.4	59.0	53.9	59.0	53.3	72.0	54.8	297.0	57.0	5	0.0
05/30/2006 12:10	43.0	59.9	59.0	61.6	49.0	53.2	60.0	53.7	71.0	55.5	282.0	56.7	5	0.0
05/30/2006 12:15	44.0	60.6	63.0	61.9	58.0	57.1	60.0	52.6	66.0	55.9	291.0	57.5	5	0.0
05/30/2006 12:20	47.0	59.7	63.0	62.0	56.0	57.0	62.0	55.3	67.0	53.9	295.0	57.4	5	0.0
05/30/2006 12:25	48.0	59.0	63.0	61.6	57.0	56.5	60.0	53.3	71.0	54.4	299.0	56.8	5	0.0
05/30/2006 12:30	46.0	59.7	64.0	61.0	56.0	55.5	62.0	52.0	73.0	55.0	301.0	56.5	5	0.0
05/30/2006 12:35	45.0	58.8	68.0	61.0	60.0	55.6	62.0	51.9	70.0	54.7	305.0	56.3	5	0.0
05/30/2006 12:40	45.0	58.2	63.0	61.3	60.0	57.1	60.0	51.2	68.0	54.2	296.0	56.3	5	0.0
05/30/2006 12:45	45.0	57.8	59.0	61.0	58.0	59.6	61.0	52.3	63.0	53.9	286.0	56.8	5	0.0
05/30/2006 12:50	50.0	57.3	64.0	61.4	57.0	58.3	61.0	52.1	71.0	55.0	303.0	56.8	5	0.0
05/30/2006 12:55	47.0	58.3	61.0	61.3	59.0	60.0	61.0	52.1	73.0	55.1	301.0	57.2	5	0.0
05/30/2006 13:00	43.0	58.4	64.0	60.9	58.0	59.6	66.0	52.6	67.0	54.9	298.0	57.1	5	0.0
05/30/2006 13:05	43.0	59.3	63.0	61.5	58.0	58.6	58.0	52.8	63.0	53.1	285.0	57.0	5	0.0
05/30/2006 13:10	49.0	59.9	62.0	61.5	58.0	58.5	59.0	53.3	66.0	53.3	294.0	57.2	5	0.0
05/30/2006 13:15	52.0	58.0	67.0	60.9	60.0	55.9	63.0	53.7	70.0	53.7	312.0	56.4	5	0.0
05/30/2006 13:20	51.0	58.2	61.0	61.2	56.0	57.6	60.0	53.1	67.0	55.5	295.0	57.1	5	0.0
05/30/2006 13:25	48.0	57.3	62.0	61.3	59.0	57.4	56.0	55.2	64.0	54.6	289.0	57.2	5	0.0
05/30/2006 13:30	57.0	57.2	75.0	60.1	63.0	55.2	61.0	52.4	71.0	54.9	327.0	56.1	5	0.0
05/30/2006 13:35	60.0	56.3	72.0	59.3	60.0	56.0	63.0	52.2	75.0	54.3	330.0	55.7	5	0.0
05/30/2006 13:40	56.0	57.4	65.0	59.5	61.0	57.4	63.0	52.6	65.0	54.0	310.0	56.2	5	0.0
05/30/2006 13:45	52.0	57.8	69.0	59.5	60.0	56.7	62.0	54.4	64.0	55.2	307.0	56.7	5	0.0
05/30/2006 13:50	66.0	56.3	71.0	58.7	60.0	56.9	61.0	52.4	69.0	54.6	327.0	55.8	5	0.0
05/30/2006 13:55	72.0	55.1	72.0	57.5	59.0	52.8	60.0	51.3	68.0	53.3	331.0	54.2	5	0.0
05/30/2006 14:00	74.0	51.8	78.0	54.8	63.0	49.9	63.0	48.0	71.0	50.9	349.0	51.3	5	0.0
05/30/2006 14:05	69.0	53.6	70.0	57.8	62.0	51.8	64.0	52.0	71.0	51.7	336.0	53.4	5	0.0
05/30/2006 14:10	67.0	53.4	69.0	58.2	65.0	53.6	61.0	53.0	64.0	54.8	326.0	54.7	5	0.0
05/30/2006 14:15	79.0	53.1	78.0	56.8	71.0	54.8	70.0	53.0	74.0	53.8	372.0	54.3	5	0.0
05/30/2006 14:20	73.0	53.9	77.0	58.2	67.0	55.5	66.0	53.6	71.0	53.4	354.0	55.0	5	0.0
05/30/2006 14:25	76.0	54.9	73.0	59.2	66.0	53.7	60.0	54.0	67.0	54.8	342.0	55.4	5	0.0
05/30/2006 14:30	69.0	54.6	74.0	58.1	71.0	55.3	66.0	53.3	69.0	53.7	349.0	55.1	5	0.0
05/30/2006 14:35	75.0	54.4	74.0	58.5	66.0	54.4	70.0	55.1	65.0	55.1	350.0	55.5	5	0.0
05/30/2006 14:40	70.0	53.6	78.0	58.6	70.0	55.9	68.0	57.2	66.0	56.6	352.0	56.4	5	0.0
05/30/2006 14:45	75.0	52.6	81.0	58.2	66.0	53.8	69.0	58.0	69.0	54.7	360.0	55.5	5	0.0
05/30/2006 14:50	78.0	52.4	79.0	57.6	68.0	53.6	67.0	56.6	72.0	55.7	364.0	55.2	5	0.0
05/30/2006 14:55	66.0	53.5	79.0	58.1	66.0	55.6	65.0	58.0	67.0	56.6	343.0	56.4	5	0.0
05/30/2006 15:00	42.0	52.8	90.0	57.0	72.0	55.8	72.0	57.1	70.0	54.7	346.0	55.8	5	0.0
05/30/2006 15:05	42.0	51.6	86.0	52.6	72.0	52.2	69.0	55.0	69.0	53.4	338.0	53.0	5	0.0
05/30/2006 15:10	48.0	49.0	82.0	48.4	73.0	49.5	71.0	51.9	66.0	50.2	340.0	49.8	5	0.0
05/30/2006 15:15	48.0	48.0	78.0	46.7	68.0	47.1	66.0	49.6	64.0	50.0	324.0	48.2	5	0.0
05/30/2006 15:20	46.0	46.6	79.0	44.6	69.0	44.2	72.0	49.1	66.0	47.4	332.0	46.3	5	0.0
05/30/2006 15:25	49.0	45.9	75.0	43.0	67.0	44.0	66.0	46.7	65.0	46.1	322.0	45.0	5	0.0
05/30/2006 15:30	52.0	45.2	84.0	41.6	67.0	42.9	71.0	46.4	67.0	44.4	341.0	44.0	5	0.0
05/30/2006 15:35	53.0	45.0	78.0	40.0	67.0	41.8	72.0	45.5	67.0	43.4	337.0	43.0	5	0.0
05/30/2006 15:40	60.0	44.0	79.0	39.6	71.0	41.9	67.0	45.1	66.0	44.8	343.0	42.9	5	0.0
05/30/2006 15:45	60.0	44.1	79.0	39.5	67.0	41.1	73.0	44.7	68.0	44.0	347.0	42.6	5	0.0
05/30/2006 15:50	59.0	42.4	77.0	38.4	71.0	43.3	66.0	45.6	64.0	43.1	337.0	42.4	5	0.0
05/30/2006 15:55	65.0	39.5	76.0	37.8	65.0	40.5	68.0	44.5	67.0	41.5	341.0	40.7	5	0.0
05/30/2006 16:00	62.0	37.9	78.0	38.7	67.0	40.3	69.0	43.8	64.0	40.8	340.0	40.3	5	0.0
05/30/2006 16:05	60.0	37.7	79.0	37.4	68.0	37.0	72.0	41.0	67.0	39.5	346.0	38.5	5	0.0
05/30/2006 16:10	59.0	37.5	77.0	36.4	69.0	37.3	68.0	39.5	66.0	39.0	339.0	37.9	5	0.0
05/30/2006 16:15	65.0	38.2	79.0	38.9	68.0	39.8	70.0	41.9	67.0	41.1	349.0	40.0	5	0.0
05/30/2006 16:20	68.0	38.0	78.0	39.2	74.0	41.0	75.0	43.4	68.0	42.5	363.0	40.8	5	0.0
05/30/2006 16:25	65.0	38.0	78.0	38.7	69.0	39.4	72.0	43.8	66.0	43.2	350.0	40.6	5	0.0
05/30/2006 16:30	68.0	38.2	80.0	39.5	69.0	40.9	71.0	43.4	67.0	44.6	355.0	41.3	5	0.0
05/30/2006 16:35	69.0	38.5	77.0	38.8	66.0	41.1	70.0	44.3	70.0	43.5	352.0	41.2	5	0.0
05/30/2006 16:40	62.0	37.1	83.0	39.2	67.0	40.4	71.0	44.3	68.0	43.4	351.0	40.9	5	0.0
05/30/2006 16:45	68.0	37.0	78.0	38.1	71.0	40.3	70.0	43.4	68.0	41.2	355.0	40.0	5	0.0
05/30/2006 16:50	71.0	37.7	79.0	37.5	72.0	38.5	72.0	42.5	71.0	41.8	365.0	39.6	5	0.0
05/30/2006 16:55	65.0	36.2	79.0	37.5	70.0	37.8	70.0	41.7	70.0	40.0	354.0	38.6	5	0.0
05/30/2006 17:00	69.0	36.9	80.0	37.7	68.0	40.2	71.0	43.0	71.0	40.4	359.0	39.6	5	0.0
05/30/2006 17:05	65.0	37.0	83.0	37.2	71.0	40.0	69.0	42.7	71.0	40.9	359.0	39.5	5	0.0
05/30/2006 17:10	68.0	37.7	78.0	37.3	73.0	40.3	71.0	43.2	67.0	40.9	357.0	39.8	5	0.0
05/30/2006 17:15	67.0	37.6	80.0	39.0	68.0	40.3	72.0	43.9	71.0	43.0	358.0	40.8	5	0.0
05/30/2006 17:20	68.0	37.4	82.0	38.5	70.0	40.0	70.0	44.1	69.0	43.6	359.0	40.7	5	0.0
05/30/2006 17:25	62.0	35.5	78.0	36.3	69.0	38.2	72.0	43.1	68.0	42.1	349.0	39.1	5	0.0
05/30/2006 17:30	68.0	36.5	83.0	36.9	68.0	38.2	71.0	41.9	71.0	40.7	361.0	38.8	5	0.0
05/30/2006 17:35	67.0	36.0	78.0	36.2	70.0	36.8	71.0	40.6	70.0	39.8	356.0	37.9	5	0.0
05/30/2006 17:40	68.0	36.6	75.0	34.1	68.0	35.4	70.0	39.4	70.0	39.1	351.0	36.9	5	0.0
05/30/2006 17:45	65.0	34.8	71.0	31.1	67.0	34.5	71.0	38.5	68.0	37.3	342.0	35.2	5	0.0
05/30/2006 17:50	70.0	35.7	78.0	34.3	68.0	37.0	72.0	40.9	70.0	39.7	358.0	37.5	5	0.0
05/30/2006 17:55	67.0	34.6	74.0	31.3	70.0	37.6	70.0	40.3	68.0	39.3	349.0	36.6	5	0.0
05/30/2006 18:00	68.0	35.2	79.0	32.4	67.0	34.6	70.0	39.1	68.0	35.8	352.0	35.3	5	0.0
05/30/2006 18:05	68.0	34.9	79.0	33.7	71.0	35.0	69.0	38.0	68.0	36.8	355.0	35.6	5	0.0
05/30/2006 18:10	64.0	35.7	78.0	33.7	67.0	36.0	69.0	38.8	70.0	38.9	348.0	36.6	5	0.0
05/30/2006 18:15	63.0	35.6	64.0	28.8	60.0	30.7	62.0	33.4	60.0	34.4	309.0	32.6	5	0.0
05/30/2006 18:20	55.0	36.9	71.0	33.2	67.0	35.9	64.0	35.7	66.0	36.1	323.0	35.5	5	0.0
05/30/2006 18:25	60.0	37.1	77.0	34.7	66.0	38.6	68.0	39.2	71.0	39.6	342.0	37.8	5	0.0
05/30/2006 18:30	60.0	36.3	70.0	34.5	63.0	38.1	68.0	39.4	68.0	38.6	329.0	37.4	5	0.0
05/30/2006 18:35	54.0	37.4	74.0	33.7	65.0	38.2	64.0	39.3	69.0	38.0	326.0	37.2	5	0.0
05/30/2006 18:40	55.0	38.8	73.0	40.1	65.0	46.2	64.0	47.4	67.0	43.2	324.0	43.2	5	0.0
05/30/2006 18:45	60.0	38.0	75.0	38.5	67.0	46.0	69.0	48.5	69.0	42.7	340.0	42.8	5	0.0
05/30/2006 18:50	60.0	39.2	71.0	40.1	66.0	47.5	65.0	49.3	70.0	43.1	332.0	43.8	5	0.0
05/30/2006 18:55	61.0	39.6	75.0	42.3	65.0	49.6	65.0	50.6	70.0	44.3	336.0	45.2	5	0.0
05/30/2006 19:00	69.0	41.9	75.0	46.6	69.0	54.1	71.0	54.1	71.0	47.9	355.0	48.9	5	0.0
05/30/2006 19:05	59.0	44.3	65.0	51.1	64.0	60.2	68.0	58.7	68.0	52.8	324.0	53.6	5	0.0
05/30/2006 19:10	67.0	45.7	72.0	53.4	67.0	61.3	65.0	59.5	69.0	54.7	340.0	54.9	5	0.0
05/30/2006 19:15	62.0	46.1	73.0	54.7	65.0	61.7	68.0	61.5	70.0	55.5	338.0	56.0	5	0.0
05/30/2006 19:20	54.0	45.8	62.0	54.2	59.0	62.4	63.0	62.0	62.0	55.7	300.0	56.2	5	0.0
05/30/2006 19:25	58.0	50.4	66.0	56.7	61.0	63.9	60.0	62.7	66.0	56.2	311.0	58.0	5	0.0
05/30/2006 19:30	56.0	53.2	63.0	60.6	58.0	66.4	59.0	63.6	60.0	60.9	296.0	61.0	5	0.0
05/30/2006 19:35	49.0	56.1	62.0	63.3	55.0	69.2	56.0	62.5	61.0	62.5	283.0	62.9	5	0.0
05/30/2006 19:40	49.0	55.6	59.0	64.7	66.0	68.2	54.0	66.0	61.0	62.1	289.0	63.7	5	0.0
05/30/2006 19:45	60.0	57.4	65.0	64.3	59.0	68.4	57.0	65.6	59.0	62.7	300.0	63.7	5	0.0
05/30/2006 19:50	17.0	71.6	26.0	65.9	23.0	62.3	21.0	59.3	27.0	57.1	114.0	62.7	5	0.0
05/30/2006 19:55	52.0	57.8	63.0	62.7	60.0	69.7	55.0	64.9	57.0	64.4	287.0	64.0	5	0.0
05/30/2006 20:00	54.0	58.5	61.0	63.5	53.0	70.0	51.0	65.8	54.0	61.4	273.0	63.8	5	0.0
05/30/2006 20:05	56.0	58.8	59.0	64.2	51.0	68.5	51.0	66.9	50.0	63.5	267.0	64.3	5	0.0
05/30/2006 20:10	47.0	58.3	59.0	64.3	61.0	70.7	57.0	66.9	49.0	63.8	273.0	65.2	5	0.0
05/30/2006 20:15	56.0	59.2	60.0	64.2	58.0	69.1	55.0	66.6	46.0	62.9	275.0	64.5	5	0.0
05/30/2006 20:20	47.0	60.6	50.0	64.0	52.0	71.3	48.0	65.9	49.0	62.9	246.0	65.0	5	0.0
05/30/2006 20:25	46.0	60.2	55.0	63.9	49.0	68.4	52.0	68.4	50.0	61.7	252.0	64.6	5	0.0
05/30/2006 20:30	44.0	59.4	51.0	64.7	50.0	68.9	54.0	65.3	53.0	63.4	252.0	64.5	5	0.0
05/30/2006 20:35	49.0	59.2	61.0	63.8	56.0	67.0	55.0	66.0	52.0	63.2	273.0	64.0	5	0.0
05/30/2006 20:40	47.0	59.9	52.0	65.5	49.0	70.3	51.0	68.8	46.0	62.6	245.0	65.5	5	0.0
05/30/2006 20:45	37.0	59.6	55.0	64.7	54.0	71.4	55.0	69.8	49.0	62.3	250.0	66.0	5	0.0
05/30/2006 20:50	37.0	60.6	51.0	64.2	48.0	70.3	51.0	67.5	47.0	63.4	234.0	65.4	5	0.0
05/30/2006 20:55	42.0	60.1	51.0	64.0	50.0	70.2	55.0	66.6	50.0	64.9	248.0	65.3	5	0.0
05/30/2006 21:00	39.0	68.2	51.0	68.2	49.0	71.0	49.0	65.4	45.0	63.1	233.0	67.2	5	0.0
05/30/2006 21:05	40.0	72.0	52.0	69.7	47.0	67.5	53.0	65.7	46.0	62.2	238.0	67.3	5	0.0
05/30/2006 21:10	42.0	72.7	51.0	71.4	55.0	68.9	55.0	65.7	51.0	60.4	254.0	67.6	5	0.0
05/30/2006 21:15	40.0	74.4	50.0	71.7	49.0	69.7	52.0	68.3	44.0	60.9	235.0	69.0	5	0.0
05/30/2006 21:20	41.0	74.9	53.0	71.8	52.0	69.7	54.0	68.8	51.0	63.7	251.0	69.6	5	0.0
05/30/2006 21:25	44.0	75.1	55.0	73.3	50.0	66.4	50.0	68.9	48.0	65.2	247.0	69.8	5	0.0
05/30/2006 21:30	45.0	75.8	52.0	72.6	55.0	68.5	54.0	67.0	51.0	65.4	257.0	69.7	5	0.0
05/30/2006 21:35	36.0	76.3	51.0	72.5	45.0	70.3	48.0	68.6	46.0	64.7	226.0	70.3	5	0.0
05/30/2006 21:40	39.0	77.0	49.0	73.2	45.0	69.3	48.0	68.5	39.0	63.4	220.0	70.3	5	0.0
05/30/2006 21:45	40.0	76.2	47.0	73.0	46.0	68.9	51.0	66.3	45.0	63.7	229.0	69.4	5	0.0
05/30/2006 21:50	41.0	76.5	50.0	73.5	48.0	71.2	50.0	68.4	47.0	64.5	236.0	70.7	5	0.0
05/30/2006 21:55	43.0	76.4	54.0	75.3	49.0	72.6	50.0	68.8	47.0	64.3	243.0	71.5	5	0.0
05/30/2006 22:00	39.0	74.0	47.0	73.3	44.0	69.3	43.0	68.2	42.0	62.8	215.0	69.5	5	0.0
05/30/2006 22:05	37.0	74.1	48.0	71.8	44.0	70.6	47.0	66.4	42.0	62.4	218.0	69.0	5	0.0
05/30/2006 22:10	44.0	72.2	48.0	71.7	49.0	71.5	50.0	69.1	44.0	63.3	235.0	69.6	5	0.0
05/30/2006 22:15	41.0	73.9	48.0	73.7	42.0	68.6	40.0	64.5	43.0	63.9	214.0	69.0	5	0.0
05/30/2006 22:20	37.0	73.6	50.0	74.1	47.0	69.9	45.0	66.8	42.0	64.6	221.0	69.8	5	0.0
05/30/2006 22:25	33.0	74.5	45.0	73.1	49.0	71.4	41.0	65.7	40.0	61.5	208.0	69.2	5	0.0
05/30/2006 22:30	32.0	75.3	43.0	74.0	46.0	71.2	44.0	64.3	39.0	64.1	204.0	69.6	5	0.0
05/30/2006 22:35	29.0	74.3	40.0	74.4	42.0	70.6	43.0	67.4	41.0	61.0	195.0	69.2	5	0.0
05/30/2006 22:40	24.0	76.0	38.0	72.7	40.0	71.6	37.0	69.2	38.0	60.0	177.0	69.4	5	0.0
05/30/2006 22:45	21.0	74.8	36.0	73.5	37.0	71.7	36.0	66.9	35.0	61.3	165.0	69.2	5	0.0
05/30/2006 22:50	27.0	76.3	38.0	75.4	42.0	73.5	34.0	64.4	38.0	62.3	179.0	70.2	5	0.0
05/30/2006 22:55	26.0	75.5	37.0	74.2	40.0	72.2	32.0	62.7	31.0	60.9	166.0	69.2	5	0.0
05/30/2006 23:00	21.0	74.0	35.0	71.9	36.0	71.6	30.0	64.6	31.0	63.0	153.0	68.9	5	0.0
05/30/2006 23:05	17.0	74.5	29.0	71.8	32.0	70.7	29.0	66.5	27.0	61.8	134.0	68.7	5	0.0
05/30/2006 23:10	17.0	74.9	29.0	73.0	31.0	68.6	27.0	68.3	32.0	61.4	136.0	68.6	5	0.0
05/30/2006 23:15	19.0	74.7	32.0	72.7	32.0	70.6	29.0	66.8	29.0	64.8	141.0	69.7	5	0.0
05/30/2006 23:20	21.0	76.2	28.0	73.5	31.0	69.9	33.0	72.0	26.0	62.0	139.0	70.6	5	0.0
05/30/2006 23:25	16.0	75.3	29.0	73.2	27.0	69.1	24.0	67.3	25.0	63.1	121.0	69.3	5	0.0
05/30/2006 23:30	15.0	75.6	30.0	74.5	27.0	68.8	26.0	68.7	21.0	63.8	119.0	70.2	5	0.0
05/30/2006 23:35	16.0	75.5	27.0	73.0	30.0	68.7	28.0	66.9	20.0	62.1	121.0	69.1	5	0.0
05/30/2006 23:40	16.0	75.2	28.0	74.3	23.0	67.3	25.0	67.7	23.0	62.8	115.0	69.3	5	0.0
05/30/2006 23:45	15.0	76.1	25.0	73.4	26.0	69.2	26.0	68.5	23.0	62.5	115.0	69.5	5	0.0
05/30/2006 23:50	15.0	75.9	30.0	74.2	22.0	70.1	28.0	65.8	20.0	64.3	115.0	69.9	5	0.0
05/30/2006 23:55	12.0	76.1	23.0	74.4	23.0	73.4	23.0	69.2	22.0	60.6	103.0	70.3	5	0.0
05/31/2006 00:00	10.0	76.5	23.0	74.0	21.0	72.0	21.0	69.2	19.0	64.5	94.0	70.8	5	0.0
05/31/2006 00:05	13.0	76.4	23.0	72.2	23.0	73.6	19.0	67.4	19.0	63.8	97.0	70.5	5	0.0
05/31/2006 00:10	8.0	76.3	22.0	72.9	21.0	73.2	21.0	73.8	17.0	65.2	89.0	72.0	5	0.0
05/31/2006 00:15	10.0	76.2	23.0	72.8	23.0	71.2	21.0	74.6	16.0	65.5	93.0	71.9	5	0.0
05/31/2006 00:20	12.0	76.2	19.0	73.1	18.0	71.1	20.0	69.4	14.0	62.4	83.0	70.4	5	0.0
05/31/2006 00:25	6.0	76.0	19.0	74.7	17.0	69.0	16.0	67.5	13.0	63.6	71.0	69.8	5	0.0
05/31/2006 00:30	8.0	75.9	18.0	74.2	16.0	68.4	17.0	63.0	12.0	57.8	71.0	67.6	5	0.0
05/31/2006 00:35	7.0	75.9	17.0	73.8	15.0	72.1	16.0	65.7	13.0	60.3	68.0	69.2	5	0.0
05/31/2006 00:40	8.0	76.0	15.0	73.4	15.0	69.9	13.0	64.8	15.0	55.8	66.0	67.2	5	0.0
05/31/2006 00:45	7.0	76.1	17.0	73.4	13.0	70.6	16.0	63.4	14.0	57.2	67.0	67.4	5	0.0
05/31/2006 00:50	5.0	75.7	14.0	73.3	13.0	68.3	14.0	66.2	13.0	61.3	59.0	68.1	5	0.0
05/31/2006 00:55	3.0	76.2	13.0	74.7	12.0	67.7	11.0	67.8	9.0	63.0	48.0	69.3	5	0.0
05/31/2006 01:00	4.0	76.4	11.0	73.2	10.0	68.4	12.0	68.2	10.0	61.6	47.0	68.7	5	0.0
05/31/2006 01:05	2.0	76.4	11.0	73.5	11.0	70.9	16.0	70.9	9.0	64.1	49.0	70.5	5	0.0
05/31/2006 01:10	2.0	76.5	13.0	73.4	10.0	70.0	12.0	72.3	7.0	64.8	44.0	71.1	5	0.0
05/31/2006 01:15	3.0	76.6	11.0	73.3	12.0	71.7	10.0	71.0	7.0	65.8	43.0	71.3	5	0.0
05/31/2006 01:20	4.0	76.6	11.0	73.5	11.0	71.5	12.0	69.8	7.0	65.5	45.0	71.1	5	0.0
05/31/2006 01:25	2.0	76.6	11.0	73.9	9.0	71.8	8.0	69.1	6.0	64.6	36.0	70.9	5	0.0
05/31/2006 01:30	4.0	76.6	8.0	74.1	10.0	72.3	14.0	68.0	8.0	64.3	44.0	70.2	5	0.0
05/31/2006 01:35	1.0	76.3	7.0	74.2	11.0	72.7	13.0	68.4	9.0	63.0	41.0	69.6	5	0.0
05/31/2006 01:40	4.0	76.2	10.0	73.7	11.0	73.0	12.0	67.6	11.0	61.8	48.0	69.5	5	0.0
05/31/2006 01:45	1.0	76.4	10.0	74.0	10.0	72.9	10.0	68.7	7.0	62.6	38.0	70.3	5	0.0
05/31/2006 01:50	2.0	76.1	7.0	73.9	9.0	71.8	9.0	67.3	8.0	65.2	35.0	69.8	5	0.0
05/31/2006 01:55	4.0	76.4	11.0	73.6	10.0	72.5	13.0	69.5	14.0	62.5	52.0	69.6	5	0.0
05/31/2006 02:00	2.0	76.5	7.0	73.9	10.0	70.9	10.0	68.7	8.0	60.9	37.0	69.0	5	0.0
05/31/2006 02:05	2.0	76.4	7.0	73.5	9.0	71.3	12.0	62.7	9.0	59.9	39.0	66.7	5	0.0
05/31/2006 02:10	6.0	76.4	9.0	73.7	9.0	72.2	12.0	64.7	9.0	60.7	45.0	68.8	5	0.0
05/31/2006 02:15	3.0	76.5	12.0	73.4	9.0	72.1	10.0	65.9	7.0	61.4	41.0	69.5	5	0.0
05/31/2006 02:20	8.0	76.7	6.0	73.5	10.0	70.5	9.0	64.3	7.0	63.1	40.0	69.5	5	0.0
05/31/2006 02:25	0.0	76.6	5.0	73.8	8.0	71.0	11.0	59.8	6.0	63.0	30.0	65.8	5	0.0
05/31/2006 02:30	4.0	76.6	10.0	73.8	5.0	71.7	10.0	62.2	8.0	64.8	37.0	68.7	5	0.0
05/31/2006 02:35	2.0	76.6	5.0	74.0	9.0	72.2	9.0	61.9	8.0	65.8	33.0	68.4	5	0.0
05/31/2006 02:40	1.0	76.4	7.0	73.8	10.0	71.0	6.0	61.6	5.0	65.0	29.0	68.9	5	0.0
05/31/2006 02:45	0.0	76.4	6.0	73.7	7.0	71.7	8.0	64.6	8.0	64.2	29.0	68.1	5	0.0
05/31/2006 02:50	1.0	76.5	6.0	73.3	6.0	70.9	6.0	63.2	9.0	63.1	28.0	67.5	5	0.0
05/31/2006 02:55	0.0	76.6	7.0	73.6	6.0	70.9	9.0	64.4	8.0	57.6	30.0	66.0	5	0.0
05/31/2006 03:00	2.0	76.5	5.0	73.8	4.0	69.5	10.0	67.4	7.0	58.5	28.0	67.3	5	0.0
05/31/2006 03:05	0.0	76.5	7.0	74.0	10.0	70.9	9.0	69.2	8.0	61.9	34.0	69.0	5	0.0
05/31/2006 03:10	0.0	76.5	4.0	74.2	8.0	70.6	9.0	66.6	5.0	62.0	26.0	68.1	5	0.0
05/31/2006 03:15	3.0	76.4	4.0	74.2	4.0	70.6	10.0	65.0	7.0	59.8	28.0	67.0	5	0.0
05/31/2006 03:20	1.0	76.4	0.0	74.2	0.0	70.7	11.0	54.4	9.0	59.8	21.0	57.8	5	0.0
05/31/2006 03:25	0.0	76.4	0.0	74.4	0.0	70.7	15.0	57.7	10.0	49.2	25.0	54.3	5	0.0
05/31/2006 03:30	0.0	76.4	0.0	74.4	0.0	70.7	15.0	56.8	10.0	48.5	25.0	53.5	5	0.0
05/31/2006 03:35	0.0	76.4	0.0	74.4	0.0	70.7	15.0	56.3	10.0	48.2	25.0	53.1	5	0.0
05/31/2006 03:40	0.0	76.4	10.0	74.3	2.0	71.6	10.0	65.6	10.0	50.6	32.0	64.0	5	0.0
05/31/2006 03:45	0.0	76.4	10.0	74.3	10.0	71.9	10.0	68.5	6.0	57.3	36.0	69.2	5	0.0
05/31/2006 03:50	3.0	76.4	4.0	74.3	8.0	71.0	12.0	69.5	9.0	59.5	36.0	68.4	5	0.0
05/31/2006 03:55	5.0	76.4	5.0	74.3	7.0	71.7	12.0	65.7	8.0	56.1	37.0	67.4	5	0.0
05/31/2006 04:00	2.0	76.3	5.0	73.8	8.0	73.3	7.0	66.0	9.0	59.4	31.0	67.9	5	0.0
05/31/2006 04:05	1.0	76.4	5.0	73.5	9.0	70.2	11.0	63.0	8.0	58.5	34.0	65.8	5	0.0
05/31/2006 04:10	0.0	76.4	6.0	73.9	6.0	71.8	7.0	63.6	9.0	55.6	28.0	65.0	5	0.0
05/31/2006 04:15	0.0	76.4	7.0	73.8	11.0	73.2	11.0	58.5	11.0	59.7	40.0	65.5	5	0.0
05/31/2006 04:20	1.0	76.4	8.0	73.9	6.0	71.6	13.0	63.9	10.0	59.8	38.0	66.5	5	0.0
05/31/2006 04:25	6.0	76.4	7.0	73.7	11.0	66.0	12.0	59.3	13.0	58.0	49.0	64.6	5	0.0
05/31/2006 04:30	4.0	76.4	6.0	74.1	12.0	68.8	15.0	63.9	12.0	62.1	49.0	66.9	5	0.0
05/31/2006 04:35	5.0	76.4	9.0	74.0	10.0	70.7	10.0	65.4	11.0	56.0	45.0	67.2	5	0.0
05/31/2006 04:40	0.0	76.4	12.0	74.1	11.0	69.3	13.0	52.4	15.0	52.3	51.0	61.1	5	0.0
05/31/2006 04:45	0.0	76.4	11.0	73.7	10.0	69.4	15.0	58.1	13.0	56.5	49.0	63.5	5	0.0
05/31/2006 04:50	0.0	76.4	11.0	73.7	13.0	69.4	16.0	56.3	11.0	55.2	51.0	63.2	5	0.0
05/31/2006 04:55	1.0	76.2	10.0	74.0	13.0	71.8	17.0	65.2	11.0	57.8	52.0	67.2	5	0.0
05/31/2006 05:00	3.0	76.3	9.0	74.5	14.0	71.0	14.0	61.2	16.0	52.9	56.0	64.2	5	0.0
05/31/2006 05:05	0.0	76.3	11.0	73.9	16.0	67.2	14.0	56.6	18.0	54.4	59.0	62.0	5	0.0
05/31/2006 05:10	0.0	76.3	14.0	73.7	13.0	71.4	17.0	59.5	13.0	53.1	57.0	64.2	5	0.0
05/31/2006 05:15	2.0	76.4	11.0	74.1	17.0	67.6	15.0	61.3	14.0	57.8	59.0	65.2	5	0.0
05/31/2006 05:20	0.0	76.4	18.0	74.3	23.0	68.1	21.0	60.1	19.0	62.0	81.0	66.0	5	0.0
05/31/2006 05:25	2.0	76.4	21.0	74.1	23.0	68.9	21.0	64.7	20.0	60.4	87.0	67.4	5	0.0
05/31/2006 05:30	1.0	76.4	30.0	69.6	29.0	69.0	24.0	60.3	23.0	60.9	107.0	65.5	5	0.0
05/31/2006 05:35	0.0	76.4	20.0	70.4	26.0	72.0	26.0	65.2	24.0	57.5	96.0	66.2	5	0.0
05/31/2006 05:40	2.0	76.4	33.0	69.4	30.0	68.2	28.0	63.1	23.0	56.7	116.0	65.2	5	0.0
05/31/2006 05:45	4.0	76.4	34.0	69.7	36.0	71.7	32.0	69.4	27.0	58.8	133.0	68.2	5	0.0
05/31/2006 05:50	4.0	76.3	38.0	68.0	34.0	71.6	32.0	73.1	32.0	63.3	140.0	69.2	5	0.0
05/31/2006 05:55	3.0	76.4	30.0	70.8	33.0	74.2	28.0	65.6	29.0	60.0	123.0	68.1	5	0.0
05/31/2006 06:00	4.0	76.6	38.0	70.8	32.0	70.2	28.0	58.0	29.0	57.8	131.0	65.2	5	0.0
05/31/2006 06:05	3.0	76.6	34.0	70.4	38.0	69.4	32.0	53.7	30.0	56.7	137.0	63.4	5	0.0
05/31/2006 06:10	5.0	76.6	40.0	68.5	42.0	69.8	38.0	52.4	31.0	56.5	156.0	62.8	5	0.0
05/31/2006 06:15	9.0	75.7	51.0	69.1	47.0	70.9	40.0	54.4	32.0	56.5	179.0	64.4	5	0.0
05/31/2006 06:20	7.0	75.9	43.0	68.7	49.0	72.2	39.0	54.1	30.0	53.0	168.0	63.8	5	0.0
05/31/2006 06:25	10.0	75.7	45.0	66.9	43.0	69.5	44.0	55.7	39.0	56.0	181.0	62.9	5	0.0
05/31/2006 06:30	9.0	75.1	55.0	65.0	54.0	67.7	45.0	51.1	44.0	55.6	207.0	61.1	5	0.0
05/31/2006 06:35	5.0	75.7	55.0	66.1	45.0	68.8	48.0	52.9	42.0	55.4	195.0	61.4	5	0.0
05/31/2006 06:40	8.0	76.1	63.0	66.7	56.0	65.2	49.0	52.3	49.0	55.7	225.0	61.1	5	0.0
05/31/2006 06:45	8.0	75.5	62.0	66.3	52.0	65.2	48.0	53.3	43.0	56.9	213.0	61.5	5	0.0
05/31/2006 06:50	11.0	75.1	60.0	66.3	54.0	65.8	54.0	53.9	53.0	58.4	232.0	61.9	5	0.0
05/31/2006 06:55	12.0	74.0	60.0	67.0	52.0	64.7	52.0	58.3	53.0	58.5	229.0	62.9	5	0.0
05/31/2006 07:00	7.0	75.9	67.0	66.4	55.0	64.0	54.0	58.8	57.0	59.0	240.0	62.7	5	0.0
05/31/2006 07:05	9.0	76.8	67.0	65.7	55.0	63.8	52.0	59.7	51.0	58.2	234.0	62.7	5	0.0
05/31/2006 07:10	12.0	73.4	73.0	64.9	60.0	65.7	54.0	55.9	55.0	57.5	254.0	62.0	5	0.0
05/31/2006 07:15	13.0	75.0	77.0	65.2	64.0	67.8	67.0	56.9	56.0	56.9	277.0	62.6	5	0.0
05/31/2006 07:20	16.0	76.0	82.0	63.2	68.0	65.8	67.0	56.9	63.0	57.3	296.0	61.8	5	0.0
05/31/2006 07:25	14.0	75.5	86.0	62.4	69.0	66.7	64.0	54.4	66.0	57.3	299.0	61.2	5	0.0
05/31/2006 07:30	13.0	76.1	92.0	63.3	68.0	65.2	66.0	53.6	67.0	57.8	306.0	61.0	5	0.0
05/31/2006 07:35	16.0	77.8	91.0	60.8	74.0	62.9	66.0	54.8	70.0	56.3	317.0	59.9	5	0.0
05/31/2006 07:40	14.0	74.4	89.0	59.9	72.0	61.6	69.0	55.8	69.0	56.2	313.0	59.2	5	0.0
05/31/2006 07:45	12.0	75.4	95.0	60.7	73.0	61.0	69.0	54.7	81.0	53.1	330.0	58.2	5	0.0
05/31/2006 07:50	15.0	76.3	91.0	60.2	70.0	61.4	72.0	56.2	76.0	53.6	324.0	58.8	5	0.0
05/31/2006 07:55	13.0	76.1	78.0	61.0	67.0	61.9	67.0	57.8	70.0	54.2	295.0	59.5	5	0.0
05/31/2006 08:00	14.0	76.8	73.0	62.1	64.0	62.1	58.0	59.9	69.0	57.2	278.0	61.2	5	0.0
05/31/2006 08:05	16.0	74.6	90.0	60.9	66.0	59.9	69.0	57.4	74.0	55.9	315.0	59.4	5	0.0
05/31/2006 08:10	6.0	67.6	1.0	61.2	1.0	60.2	1.0	59.9	1.0	55.8	10.0	64.3	5	0.0
05/31/2006 08:15	16.0	73.4	91.0	58.9	68.0	57.5	63.0	51.7	78.0	54.2	316.0	56.7	5	0.0
05/31/2006 08:20	16.0	71.9	81.0	60.0	64.0	56.4	61.0	53.9	73.0	53.0	295.0	56.9	5	0.0
05/31/2006 08:25	13.0	72.3	85.0	58.9	64.0	57.1	70.0	54.3	81.0	52.7	313.0	56.5	5	0.0
05/31/2006 08:30	14.0	72.8	82.0	59.9	69.0	58.2	67.0	54.8	74.0	53.3	306.0	57.4	5	0.0
05/31/2006 08:35	14.0	74.7	83.0	59.0	66.0	55.7	64.0	53.4	77.0	53.8	304.0	56.5	5	0.0
05/31/2006 08:40	16.0	75.5	86.0	59.5	71.0	57.8	68.0	53.5	75.0	54.3	316.0	57.4	5	0.0
05/31/2006 08:45	13.0	75.0	83.0	58.3	62.0	56.6	64.0	55.8	74.0	53.0	296.0	56.8	5	0.0
05/31/2006 08:50	10.0	74.2	82.0	59.7	63.0	56.0	64.0	54.5	75.0	53.3	294.0	56.6	5	0.0
05/31/2006 08:55	12.0	74.6	82.0	60.5	64.0	57.6	67.0	53.7	82.0	54.5	307.0	57.4	5	0.0
05/31/2006 09:00	8.0	75.4	77.0	61.1	64.0	59.1	64.0	54.7	70.0	55.0	283.0	58.1	5	0.0
05/31/2006 09:05	9.0	75.0	65.0	59.8	49.0	56.4	55.0	55.2	58.0	53.5	236.0	57.1	5	0.0
05/31/2006 09:10	9.0	74.9	82.0	60.0	62.0	54.0	61.0	54.0	67.0	53.5	281.0	56.3	5	0.0
05/31/2006 09:15	17.0	73.3	84.0	56.4	67.0	51.4	64.0	52.4	76.0	51.1	308.0	54.1	5	0.0
05/31/2006 09:20	19.0	74.5	72.0	58.9	54.0	53.6	60.0	52.5	68.0	53.0	273.0	56.1	5	0.0
05/31/2006 09:25	12.0	76.0	77.0	60.0	60.0	55.2	65.0	51.1	70.0	51.7	284.0	55.6	5	0.0
05/31/2006 09:30	16.0	76.0	78.0	59.5	61.0	54.0	59.0	52.2	72.0	51.9	286.0	55.8	5	0.0
05/31/2006 09:35	14.0	76.7	74.0	60.7	58.0	55.2	55.0	51.9	65.0	51.5	266.0	56.3	5	0.0
05/31/2006 09:40	17.0	74.5	77.0	59.3	60.0	53.1	63.0	52.5	72.0	51.6	289.0	55.5	5	0.0
05/31/2006 09:45	22.0	74.9	75.0	58.4	60.0	53.1	63.0	49.7	76.0	52.0	296.0	55.1	5	0.0
05/31/2006 09:50	16.0	75.2	80.0	58.3	59.0	51.8	63.0	50.0	63.0	51.3	281.0	54.5	5	0.0
05/31/2006 09:55	20.0	75.6	68.0	58.6	55.0	53.2	62.0	53.3	74.0	51.9	279.0	55.8	5	0.0
05/31/2006 10:00	38.0	78.3	71.0	60.4	60.0	53.2	58.0	52.0	70.0	51.6	297.0	57.5	5	0.0
05/31/2006 10:05	32.0	76.9	60.0	62.7	59.0	54.6	58.0	52.3	67.0	53.1	276.0	58.1	5	0.0
05/31/2006 10:10	38.0	74.6	60.0	61.8	50.0	56.0	58.0	52.3	63.0	52.4	269.0	58.3	5	0.0
05/31/2006 10:15	39.0	76.2	57.0	61.9	54.0	57.3	55.0	52.0	62.0	50.2	267.0	58.3	5	0.0
05/31/2006 10:20	34.0	76.2	53.0	62.6	47.0	56.5	58.0	53.8	62.0	52.3	254.0	58.8	5	0.0
05/31/2006 10:25	43.0	74.1	61.0	61.3	46.0	53.6	53.0	51.5	56.0	52.2	259.0	58.1	5	0.0
05/31/2006 10:30	46.0	73.0	61.0	60.3	45.0	53.0	52.0	50.8	52.0	51.4	256.0	57.6	5	0.0
05/31/2006 10:35	37.0	75.4	57.0	61.1	55.0	53.9	60.0	51.9	65.0	52.1	274.0	57.4	5	0.0
05/31/2006 10:40	37.0	74.1	62.0	62.1	54.0	53.5	52.0	50.9	62.0	50.8	267.0	57.2	5	0.0
05/31/2006 10:45	33.0	74.8	58.0	61.9	48.0	52.4	55.0	51.4	58.0	52.4	252.0	57.3	5	0.0
05/31/2006 10:50	40.0	74.6	52.0	61.7	55.0	53.8	49.0	54.5	53.0	52.4	249.0	58.6	5	0.0
05/31/2006 10:55	31.0	75.5	61.0	61.7	52.0	55.2	52.0	54.4	52.0	53.1	248.0	58.7	5	0.0
05/31/2006 11:00	33.0	69.4	60.0	63.6	50.0	56.3	48.0	50.8	63.0	53.7	254.0	58.0	5	0.0
05/31/2006 11:05	33.0	68.8	53.0	64.4	47.0	55.7	59.0	45.5	61.0	54.3	253.0	56.5	5	0.0
05/31/2006 11:10	36.0	63.2	58.0	64.0	50.0	55.1	61.0	53.9	61.0	54.7	266.0	57.8	5	0.0
05/31/2006 11:15	29.0	62.8	58.0	63.7	54.0	54.8	58.0	53.1	65.0	54.3	264.0	57.1	5	0.0
05/31/2006 11:20	36.0	61.5	57.0	63.4	55.0	55.8	59.0	51.5	69.0	55.0	276.0	57.0	5	0.0
05/31/2006 11:25	40.0	58.9	60.0	62.3	57.0	54.2	59.0	51.3	67.0	54.6	283.0	56.1	5	0.0
05/31/2006 11:30	38.0	57.1	68.0	62.6	53.0	54.7	54.0	48.4	65.0	52.9	278.0	55.3	5	0.0
05/31/2006 11:35	44.0	57.2	65.0	63.2	57.0	50.9	56.0	48.8	64.0	53.3	286.0	54.8	5	0.0
05/31/2006 11:40	37.0	58.0	61.0	62.2	54.0	51.2	59.0	49.6	69.0	51.7	280.0	54.3	5	0.0
05/31/2006 11:45	44.0	58.0	68.0	62.2	59.0	52.4	65.0	49.3	68.0	52.3	304.0	54.7	5	0.0
05/31/2006 11:50	48.0	57.9	66.0	61.4	54.0	46.9	64.0	51.1	71.0	49.8	303.0	53.4	5	0.0
05/31/2006 11:55	48.0	56.8	65.0	60.3	59.0	47.4	60.0	48.3	74.0	50.6	306.0	52.6	5	0.0
05/31/2006 12:00	45.0	56.4	62.0	62.0	56.0	51.2	61.0	49.9	63.0	52.3	287.0	54.3	5	0.0
05/31/2006 12:05	50.0	56.2	63.0	62.3	57.0	51.4	63.0	49.4	72.0	52.1	305.0	54.2	5	0.0
05/31/2006 12:10	50.0	55.8	63.0	61.6	58.0	52.1	65.0	49.9	81.0	52.9	317.0	54.3	5	0.0
05/31/2006 12:15	49.0	55.9	68.0	60.9	56.0	52.4	63.0	51.6	76.0	53.7	312.0	55.0	5	0.0
05/31/2006 12:20	54.0	56.3	68.0	60.9	59.0	50.4	68.0	51.7	78.0	52.9	327.0	54.4	5	0.0
05/31/2006 12:25	43.0	56.0	67.0	61.4	56.0	52.5	59.0	50.3	71.0	53.9	296.0	54.9	5	0.0
05/31/2006 12:30	41.0	56.2	62.0	62.2	58.0	54.0	63.0	51.1	74.0	53.0	298.0	55.1	5	0.0
05/31/2006 12:35	51.0	55.3	61.0	61.9	58.0	55.2	63.0	52.6	71.0	53.6	304.0	55.6	5	0.0
05/31/2006 12:40	49.0	56.3	66.0	61.4	58.0	56.6	61.0	53.7	68.0	53.6	302.0	56.3	5	0.0
05/31/2006 12:45	49.0	56.7	63.0	61.7	55.0	57.2	65.0	52.7	71.0	54.1	303.0	56.4	5	0.0
05/31/2006 12:50	48.0	56.8	67.0	62.0	57.0	56.1	66.0	54.9	71.0	55.4	309.0	57.1	5	0.0
05/31/2006 12:55	47.0	56.2	66.0	61.8	58.0	56.0	60.0	55.1	72.0	54.8	303.0	56.8	5	0.0
05/31/2006 13:00	50.0	57.7	62.0	61.8	64.0	57.6	60.0	53.9	69.0	55.0	305.0	57.2	5	0.0
05/31/2006 13:05	52.0	58.2	67.0	62.1	62.0	56.0	58.0	53.9	64.0	55.3	303.0	57.2	5	0.0
05/31/2006 13:10	52.0	57.6	58.0	62.0	63.0	58.5	65.0	54.2	67.0	54.7	305.0	57.3	5	0.0
05/31/2006 13:15	56.0	55.7	68.0	61.0	61.0	56.5	67.0	54.5	70.0	54.1	322.0	56.4	5	0.0
05/31/2006 13:20	46.0	56.9	64.0	61.6	58.0	58.0	54.0	52.9	59.0	53.6	281.0	56.7	5	0.0
05/31/2006 13:25	66.0	56.8	65.0	60.1	62.0	58.8	65.0	54.1	69.0	52.8	327.0	56.5	5	0.0
05/31/2006 13:30	55.0	56.5	68.0	60.7	59.0	56.6	60.0	53.2	70.0	54.6	312.0	56.4	5	0.0
05/31/2006 13:35	62.0	54.4	67.0	61.0	58.0	56.5	63.0	52.7	68.0	55.0	318.0	56.0	5	0.0
05/31/2006 13:40	54.0	56.0	62.0	62.4	63.0	56.0	62.0	55.2	72.0	56.6	313.0	57.2	5	0.0
05/31/2006 13:45	62.0	54.4	71.0	59.9	62.0	54.8	60.0	55.6	73.0	56.2	328.0	56.3	5	0.0
05/31/2006 13:50	50.0	55.6	61.0	60.6	52.0	56.6	57.0	55.3	66.0	55.0	286.0	56.6	5	0.0
05/31/2006 13:55	68.0	54.9	71.0	60.1	60.0	52.9	65.0	56.9	62.0	52.6	326.0	55.6	5	0.0
05/31/2006 14:00	72.0	55.0	60.0	58.9	60.0	55.1	57.0	55.2	58.0	53.9	307.0	55.6	5	0.0
05/31/2006 14:05	71.0	56.4	73.0	59.7	64.0	54.6	59.0	55.4	70.0	53.4	337.0	56.0	5	0.0
05/31/2006 14:10	63.0	55.2	69.0	60.3	66.0	57.8	65.0	57.8	67.0	54.1	330.0	57.1	5	0.0
05/31/2006 14:15	86.0	51.1	87.0	56.7	67.0	52.9	70.0	54.5	75.0	51.8	385.0	53.4	5	0.0
05/31/2006 14:20	88.0	50.1	82.0	56.3	69.0	53.3	68.0	54.5	74.0	51.8	381.0	53.1	5	0.0
05/31/2006 14:25	83.0	51.6	84.0	57.2	65.0	53.3	71.0	55.5	74.0	52.6	377.0	54.1	5	0.0
05/31/2006 14:30	76.0	52.4	83.0	57.9	71.0	54.6	67.0	55.7	71.0	53.5	368.0	54.9	5	0.0
05/31/2006 14:35	84.0	51.8	79.0	56.9	68.0	53.3	68.0	56.3	67.0	53.2	366.0	54.3	5	0.0
05/31/2006 14:40	81.0	50.2	79.0	55.4	71.0	54.1	70.0	57.3	71.0	53.1	372.0	53.9	5	0.0
05/31/2006 14:45	86.0	51.3	80.0	56.8	61.0	54.3	68.0	55.6	70.0	54.7	365.0	54.5	5	0.0
05/31/2006 14:50	73.0	50.6	77.0	55.9	64.0	52.4	66.0	54.1	74.0	53.9	354.0	53.4	5	0.0
05/31/2006 14:55	80.0	52.2	86.0	57.1	68.0	54.5	71.0	55.7	75.0	54.0	380.0	54.7	5	0.0
05/31/2006 15:00	47.0	50.2	85.0	53.6	68.0	50.6	71.0	51.5	71.0	51.5	342.0	51.7	5	0.0
05/31/2006 15:05	47.0	47.8	85.0	46.6	67.0	45.9	66.0	48.4	69.0	47.4	334.0	47.1	5	0.0
05/31/2006 15:10	50.0	45.0	79.0	41.3	66.0	41.7	66.0	43.8	66.0	44.2	327.0	43.0	5	0.0
05/31/2006 15:15	49.0	44.6	79.0	42.1	71.0	44.3	67.0	45.9	66.0	45.8	332.0	44.4	5	0.0
05/31/2006 15:20	49.0	43.9	81.0	41.3	70.0	43.8	67.0	46.1	69.0	44.5	336.0	43.8	5	0.0
05/31/2006 15:25	52.0	41.8	78.0	34.1	67.0	36.9	69.0	41.6	68.0	39.4	334.0	38.5	5	0.0
05/31/2006 15:30	50.0	43.7	78.0	36.5	63.0	35.8	69.0	40.8	69.0	39.1	329.0	38.9	5	0.0
05/31/2006 15:35	45.0	44.9	74.0	36.5	64.0	38.2	65.0	43.5	66.0	42.5	314.0	40.8	5	0.0
05/31/2006 15:40	56.0	42.9	74.0	35.6	67.0	35.5	69.0	43.5	68.0	40.9	334.0	39.5	5	0.0
05/31/2006 15:45	67.0	42.9	83.0	38.4	71.0	39.4	70.0	45.5	70.0	42.3	361.0	41.6	5	0.0
05/31/2006 15:50	61.0	41.9	82.0	38.0	67.0	40.3	69.0	43.9	68.0	42.3	347.0	41.1	5	0.0
05/31/2006 15:55	64.0	40.2	77.0	39.7	66.0	43.2	69.0	44.5	67.0	43.4	343.0	42.2	5	0.0
05/31/2006 16:00	60.0	41.0	82.0	38.0	67.0	39.2	75.0	44.1	68.0	42.4	352.0	40.9	5	0.0
05/31/2006 16:05	69.0	40.3	82.0	38.7	64.0	39.4	73.0	46.1	67.0	42.9	355.0	41.5	5	0.0
05/31/2006 16:10	64.0	37.9	81.0	36.0	65.0	36.0	74.0	41.8	68.0	39.7	352.0	38.3	5	0.0
05/31/2006 16:15	69.0	37.5	79.0	36.3	65.0	37.0	73.0	43.5	69.0	40.4	355.0	38.9	5	0.0
05/31/2006 16:20	62.0	35.2	71.0	32.9	62.0	34.7	67.0	39.9	72.0	39.6	334.0	36.5	5	0.0
05/31/2006 16:25	65.0	35.2	73.0	34.1	69.0	34.7	72.0	39.8	68.0	38.2	347.0	36.4	5	0.0
05/31/2006 16:30	64.0	35.2	65.0	28.8	61.0	31.3	65.0	36.4	68.0	36.8	323.0	33.8	5	0.0
05/31/2006 16:35	63.0	33.1	66.0	28.0	64.0	29.7	65.0	34.8	65.0	34.5	323.0	32.0	5	0.0
05/31/2006 16:40	62.0	34.0	66.0	27.0	62.0	28.8	67.0	34.8	66.0	33.9	323.0	31.7	5	0.0
05/31/2006 16:45	63.0	36.4	62.0	32.1	61.0	31.5	63.0	37.7	59.0	37.9	308.0	35.1	5	0.0
05/31/2006 16:50	66.0	35.8	72.0	31.2	60.0	33.6	63.0	39.9	61.0	38.5	322.0	35.7	5	0.0
05/31/2006 16:55	68.0	34.7	74.0	33.0	65.0	35.3	71.0	41.0	70.0	39.3	348.0	36.7	5	0.0
05/31/2006 17:00	63.0	35.0	79.0	33.7	66.0	35.4	66.0	39.2	68.0	37.6	342.0	36.1	5	0.0
05/31/2006 17:05	68.0	33.9	67.0	29.4	63.0	31.3	67.0	37.6	67.0	35.2	332.0	33.5	5	0.0
05/31/2006 17:10	59.0	34.4	67.0	25.9	59.0	28.3	63.0	33.4	61.0	30.0	309.0	30.3	5	0.0
05/31/2006 17:15	66.0	34.7	71.0	27.6	63.0	30.6	72.0	36.1	68.0	33.9	340.0	32.6	5	0.0
05/31/2006 17:20	66.0	34.1	58.0	24.0	55.0	27.6	62.0	32.8	64.0	29.5	305.0	29.8	5	0.0
05/31/2006 17:25	64.0	29.6	64.0	23.6	63.0	27.0	62.0	29.9	63.0	28.3	316.0	27.7	5	0.0
05/31/2006 17:30	63.0	31.0	64.0	23.4	56.0	25.2	61.0	30.6	64.0	30.4	308.0	28.2	5	0.0
05/31/2006 17:35	56.0	31.9	67.0	22.6	62.0	26.5	68.0	31.5	72.0	31.9	325.0	28.9	5	0.0
05/31/2006 17:40	64.0	31.0	51.0	21.9	50.0	23.2	52.0	26.8	58.0	27.9	275.0	26.4	5	0.0
05/31/2006 17:45	69.0	29.2	64.0	21.7	61.0	24.7	68.0	27.8	64.0	29.8	326.0	26.7	5	0.0
05/31/2006 17:50	68.0	29.4	65.0	20.4	56.0	21.9	64.0	26.8	69.0	29.1	322.0	25.7	5	0.0
05/31/2006 17:55	65.0	29.0	66.0	21.3	59.0	26.8	63.0	31.9	68.0	32.1	321.0	28.2	5	0.0
05/31/2006 18:00	70.0	28.7	69.0	23.5	62.0	26.4	63.0	32.3	64.0	27.2	328.0	27.6	5	0.0
05/31/2006 18:05	62.0	30.2	63.0	22.8	54.0	25.3	59.0	29.6	61.0	28.7	299.0	27.3	5	0.0
05/31/2006 18:10	64.0	31.0	70.0	24.5	63.0	27.3	63.0	31.2	68.0	28.9	328.0	28.5	5	0.0
05/31/2006 18:15	67.0	32.6	75.0	30.5	68.0	33.3	70.0	36.0	65.0	33.8	345.0	33.2	5	0.0
05/31/2006 18:20	69.0	33.1	69.0	31.9	66.0	35.6	69.0	37.1	69.0	35.9	342.0	34.7	5	0.0
05/31/2006 18:25	63.0	34.1	67.0	34.0	63.0	36.0	70.0	36.9	69.0	34.9	332.0	35.2	5	0.0
05/31/2006 18:30	61.0	35.0	78.0	37.2	70.0	38.8	69.0	41.8	68.0	38.4	346.0	38.3	5	0.0
05/31/2006 18:35	57.0	37.3	81.0	39.8	67.0	41.7	70.0	43.6	68.0	39.3	343.0	40.4	5	0.0
05/31/2006 18:40	57.0	36.4	70.0	38.0	64.0	37.8	66.0	42.0	64.0	37.5	321.0	38.4	5	0.0
05/31/2006 18:45	54.0	36.5	74.0	33.6	65.0	36.2	67.0	41.7	70.0	38.9	330.0	37.4	5	0.0
05/31/2006 18:50	50.0	40.8	71.0	37.9	61.0	38.7	69.0	44.4	67.0	40.5	318.0	40.5	5	0.0
05/31/2006 18:55	55.0	43.8	82.0	40.6	66.0	42.6	72.0	47.1	69.0	42.1	344.0	43.2	5	0.0
05/31/2006 19:00	77.0	41.6	68.0	42.2	66.0	45.5	62.0	48.4	66.0	45.0	339.0	44.4	5	0.0
05/31/2006 19:05	72.0	46.5	72.0	49.5	66.0	52.6	63.0	53.7	66.0	48.5	339.0	50.1	5	0.0
05/31/2006 19:10	61.0	50.3	71.0	54.6	68.0	60.3	65.0	58.2	68.0	52.1	333.0	55.2	5	0.0
05/31/2006 19:15	57.0	52.2	63.0	59.5	64.0	61.9	57.0	61.1	56.0	58.5	297.0	58.7	5	0.0
05/31/2006 19:20	64.0	51.9	63.0	58.9	62.0	62.6	57.0	60.3	63.0	57.1	309.0	58.1	5	0.0
05/31/2006 19:25	55.0	53.2	59.0	60.1	58.0	68.1	59.0	64.4	61.0	58.0	292.0	60.8	5	0.0
05/31/2006 19:30	53.0	54.1	58.0	62.4	60.0	70.9	57.0	65.4	61.0	61.4	289.0	63.0	5	0.0
05/31/2006 19:35	55.0	57.2	59.0	64.3	62.0	71.5	60.0	63.9	61.0	63.6	297.0	64.3	5	0.0
05/31/2006 19:40	56.0	56.9	65.0	63.9	58.0	68.8	62.0	66.5	63.0	63.7	304.0	64.0	5	0.0
05/31/2006 19:45	50.0	57.6	58.0	64.2	51.0	71.3	49.0	66.3	58.0	64.6	266.0	64.8	5	0.0
05/31/2006 19:50	50.0	57.9	60.0	65.3	54.0	71.3	55.0	66.0	51.0	65.6	270.0	65.3	5	0.0
05/31/2006 19:55	50.0	58.4	57.0	64.4	55.0	73.9	57.0	66.0	51.0	64.4	270.0	65.6	5	0.0
05/31/2006 20:00	48.0	58.1	52.0	65.2	53.0	74.5	53.0	66.8	51.0	65.7	257.0	66.2	5	0.0
05/31/2006 20:05	48.0	58.4	54.0	64.7	50.0	69.6	53.0	70.3	52.0	64.9	257.0	65.7	5	0.0
05/31/2006 20:10	46.0	57.6	57.0	65.6	53.0	71.2	51.0	69.6	52.0	65.3	259.0	66.1	5	0.0
05/31/2006 20:15	48.0	57.4	51.0	65.9	56.0	75.3	53.0	68.4	48.0	64.9	256.0	66.7	5	0.0
05/31/2006 20:20	46.0	58.0	55.0	64.8	56.0	71.9	57.0	67.1	53.0	64.8	267.0	65.6	5	0.0
05/31/2006 20:25	55.0	57.8	56.0	64.3	53.0	68.8	53.0	68.0	50.0	65.2	267.0	64.8	5	0.0
05/31/2006 20:30	42.0	59.7	53.0	64.7	52.0	71.3	50.0	67.3	51.0	65.8	248.0	66.0	5	0.0
05/31/2006 20:35	47.0	59.0	52.0	65.2	50.0	73.5	54.0	69.5	54.0	64.2	257.0	66.4	5	0.0
05/31/2006 20:40	40.0	60.4	56.0	65.7	51.0	72.8	54.0	67.9	51.0	65.1	252.0	66.6	5	0.0
05/31/2006 20:45	38.0	59.7	49.0	65.2	50.0	71.8	51.0	65.7	49.0	63.3	237.0	65.4	5	0.0
05/31/2006 20:50	41.0	59.4	50.0	65.4	51.0	72.5	49.0	66.5	44.0	62.2	235.0	65.5	5	0.0
05/31/2006 20:55	36.0	58.8	46.0	64.4	41.0	67.9	47.0	68.3	43.0	64.1	213.0	64.9	5	0.0
05/31/2006 21:00	39.0	65.8	52.0	67.3	50.0	72.6	50.0	69.3	43.0	62.6	234.0	67.7	5	0.0
05/31/2006 21:05	34.0	70.2	49.0	70.2	49.0	72.3	49.0	68.3	51.0	62.6	232.0	68.6	5	0.0
05/31/2006 21:10	35.0	73.1	50.0	70.6	50.0	71.1	51.0	68.6	44.0	63.1	230.0	69.2	5	0.0
05/31/2006 21:15	40.0	72.3	50.0	72.3	46.0	71.0	55.0	67.1	50.0	60.2	241.0	68.4	5	0.0
05/31/2006 21:20	42.0	73.3	49.0	72.5	50.0	71.0	49.0	68.4	49.0	63.7	239.0	69.7	5	0.0
05/31/2006 21:25	35.0	74.6	52.0	73.0	53.0	70.8	51.0	66.1	50.0	62.5	241.0	69.1	5	0.0
05/31/2006 21:30	41.0	73.9	52.0	73.2	51.0	71.9	51.0	67.6	51.0	63.6	246.0	69.9	5	0.0
05/31/2006 21:35	41.0	74.7	49.0	72.2	53.0	71.7	50.0	66.1	48.0	62.3	241.0	69.3	5	0.0
05/31/2006 21:40	45.0	72.7	52.0	72.4	51.0	72.9	51.0	65.1	48.0	62.9	247.0	69.2	5	0.0
05/31/2006 21:45	44.0	72.9	53.0	72.2	52.0	69.5	53.0	65.7	50.0	62.8	252.0	68.5	5	0.0
05/31/2006 21:50	40.0	72.9	47.0	73.1	46.0	72.5	50.0	67.4	45.0	61.5	228.0	69.4	5	0.0
05/31/2006 21:55	34.0	75.2	52.0	72.9	48.0	71.8	47.0	69.5	47.0	62.8	228.0	70.2	5	0.0
05/31/2006 22:00	37.0	75.6	49.0	73.9	45.0	69.2	47.0	69.8	41.0	64.7	219.0	70.6	5	0.0
05/31/2006 22:05	31.0	73.7	49.0	72.8	45.0	67.6	47.0	68.5	41.0	65.2	213.0	69.4	5	0.0
05/31/2006 22:10	36.0	73.6	47.0	72.1	43.0	68.3	43.0	68.9	39.0	63.5	208.0	69.3	5	0.0
05/31/2006 22:15	43.0	74.4	48.0	71.5	44.0	66.2	45.0	67.7	44.0	63.0	224.0	68.6	5	0.0
05/31/2006 22:20	34.0	73.4	45.0	71.6	44.0	68.1	43.0	69.0	40.0	60.4	206.0	68.4	5	0.0
05/31/2006 22:25	37.0	74.6	52.0	72.1	44.0	68.3	46.0	68.5	42.0	62.0	221.0	69.1	5	0.0
05/31/2006 22:30	33.0	74.5	45.0	73.3	41.0	67.9	43.0	69.7	40.0	59.4	202.0	68.9	5	0.0
05/31/2006 22:35	32.0	76.1	45.0	72.9	42.0	71.7	38.0	67.6	43.0	63.5	200.0	70.1	5	0.0
05/31/2006 22:40	25.0	75.9	39.0	75.2	36.0	70.1	37.0	66.0	35.0	62.1	172.0	69.6	5	0.0
05/31/2006 22:45	22.0	74.6	37.0	73.1	34.0	68.4	37.0	64.8	36.0	63.3	166.0	68.4	5	0.0
05/31/2006 22:50	22.0	74.8	41.0	74.4	35.0	67.9	38.0	65.4	33.0	63.9	169.0	69.0	5	0.0
05/31/2006 22:55	27.0	76.8	40.0	75.4	38.0	69.6	35.0	66.7	32.0	64.4	172.0	70.5	5	0.0
05/31/2006 23:00	19.0	75.0	35.0	72.7	37.0	69.5	32.0	65.4	27.0	63.8	150.0	69.0	5	0.0
05/31/2006 23:05	19.0	75.0	33.0	75.0	36.0	70.7	33.0	65.9	29.0	59.6	150.0	69.0	5	0.0
05/31/2006 23:10	16.0	75.4	30.0	73.1	30.0	70.2	27.0	66.8	27.0	64.5	130.0	69.6	5	0.0
05/31/2006 23:15	15.0	74.8	32.0	71.3	29.0	70.5	26.0	69.4	22.0	65.7	124.0	70.1	5	0.0
05/31/2006 23:20	19.0	75.4	30.0	72.8	30.0	72.5	24.0	66.2	24.0	62.6	127.0	69.9	5	0.0
05/31/2006 23:25	18.0	73.8	23.0	73.2	27.0	72.3	29.0	64.4	26.0	64.8	123.0	69.2	5	0.0
05/31/2006 23:30	17.0	75.5	29.0	73.0	30.0	73.1	25.0	61.5	21.0	62.3	122.0	69.2	5	0.0
05/31/2006 23:35	13.0	76.3	26.0	72.0	32.0	72.5	25.0	63.5	24.0	58.6	120.0	68.1	5	0.0
05/31/2006 23:40	12.0	76.5	30.0	74.8	29.0	74.6	25.0	67.2	21.0	59.8	117.0	70.6	5	0.0
05/31/2006 23:45	12.0	76.3	27.0	74.7	24.0	68.1	28.0	70.8	22.0	61.9	113.0	70.0	5	0.0
05/31/2006 23:50	16.0	75.6	23.0	74.2	24.0	69.5	24.0	65.4	21.0	64.0	108.0	69.4	5	0.0
05/31/2006 23:55	11.0	76.5	23.0	74.3	19.0	69.4	23.0	65.2	24.0	64.1	100.0	69.1	5	0.0
