5 Minutes	Lane 1 Flow (Veh/5 Minutes)	Lane 1 Speed (mph)	Lane 2 Flow (Veh/5 Minutes)	Lane 2 Speed (mph)	Lane 3 Flow (Veh/5 Minutes)	Lane 3 Speed (mph)	Lane 4 Flow (Veh/5 Minutes)	Lane 4 Speed (mph)	Lane 5 Flow (Veh/5 Minutes)	Lane 5 Speed (mph)	Flow (Veh/5 Minutes)	Speed (mph)	# Lane Points	% Observed
09/29/2006 00:00	7.0	76.5	13.0	74.0	13.0	72.0	13.0	69.2	7.0	64.5	53.0	71.4	5	100.0
09/29/2006 00:05	7.0	76.6	15.0	73.5	17.0	72.2	14.0	65.9	11.0	65.4	64.0	70.4	5	100.0
09/29/2006 00:10	6.0	76.4	9.0	73.5	9.0	71.4	9.0	68.9	6.0	65.9	39.0	71.2	5	100.0
09/29/2006 00:15	16.0	73.6	19.0	67.4	17.0	62.3	14.0	66.3	13.0	61.7	79.0	66.4	5	100.0
09/29/2006 00:20	3.0	74.8	13.0	69.8	14.0	67.1	15.0	70.7	7.0	62.4	52.0	68.6	5	100.0
09/29/2006 00:25	6.0	75.4	15.0	70.6	16.0	68.2	13.0	66.3	11.0	62.5	61.0	68.1	5	100.0
09/29/2006 00:30	5.0	75.7	14.0	71.6	11.0	69.3	11.0	64.7	7.0	63.0	48.0	68.7	5	100.0
09/29/2006 00:35	5.0	75.5	12.0	72.3	11.0	70.5	11.0	65.4	6.0	63.0	45.0	69.3	5	100.0
09/29/2006 00:40	6.0	75.9	13.0	72.6	17.0	68.3	12.0	68.5	8.0	61.8	56.0	69.2	5	100.0
09/29/2006 00:45	4.0	76.4	11.0	72.3	13.0	69.7	14.0	71.0	9.0	63.4	51.0	70.0	5	100.0
09/29/2006 00:50	6.0	76.2	10.0	73.3	11.0	69.3	11.0	66.1	9.0	64.9	47.0	69.4	5	100.0
09/29/2006 00:55	1.0	76.2	9.0	74.2	11.0	71.7	9.0	67.2	13.0	65.8	43.0	69.6	5	100.0
09/29/2006 01:00	1.0	76.7	6.0	73.8	8.0	72.2	7.0	67.1	9.0	65.8	31.0	69.6	5	100.0
09/29/2006 01:05	2.0	76.6	6.0	74.0	9.0	73.1	9.0	69.4	11.0	65.8	37.0	70.4	5	100.0
09/29/2006 01:10	1.0	76.4	6.0	74.1	9.0	71.4	7.0	69.0	6.0	62.7	29.0	69.8	5	100.0
09/29/2006 01:15	2.0	76.5	8.0	73.8	7.0	71.2	9.0	68.0	9.0	58.9	35.0	68.1	5	100.0
09/29/2006 01:20	1.0	76.9	5.0	74.0	7.0	71.1	5.0	68.0	7.0	62.1	25.0	68.8	5	100.0
09/29/2006 01:25	0.0	76.9	3.0	74.1	3.0	71.6	6.0	65.0	5.0	63.5	17.0	67.3	5	100.0
09/29/2006 01:30	7.0	76.3	9.0	74.2	7.0	72.1	6.0	68.0	7.0	63.8	36.0	71.1	5	100.0
09/29/2006 01:35	1.0	76.0	8.0	74.1	10.0	71.2	12.0	70.4	9.0	64.3	40.0	70.1	5	100.0
09/29/2006 01:40	1.0	76.1	9.0	74.2	9.0	72.4	9.0	69.7	9.0	64.2	37.0	70.3	5	100.0
09/29/2006 01:45	1.0	76.1	5.0	74.2	7.0	72.5	10.0	69.3	9.0	65.2	32.0	69.8	5	100.0
09/29/2006 01:50	3.0	76.3	8.0	73.9	6.0	71.5	11.0	70.1	9.0	65.6	37.0	70.6	5	100.0
09/29/2006 01:55	2.0	76.4	5.0	73.3	9.0	69.9	11.0	71.3	10.0	65.8	37.0	70.0	5	100.0
09/29/2006 02:00	1.0	76.8	3.0	73.7	5.0	71.4	3.0	70.0	5.0	64.9	17.0	70.0	5	100.0
09/29/2006 02:05	3.0	76.8	4.0	73.8	7.0	72.0	6.0	68.6	4.0	64.3	24.0	70.8	5	100.0
09/29/2006 02:10	1.0	77.0	6.0	73.8	9.0	72.6	5.0	68.7	4.0	64.7	25.0	71.0	5	100.0
09/29/2006 02:15	0.0	77.0	6.0	74.1	6.0	72.0	6.0	69.1	6.0	65.8	24.0	70.2	5	100.0
09/29/2006 02:20	1.0	77.1	4.0	74.0	9.0	72.4	10.0	69.3	5.0	60.6	29.0	69.7	5	100.0
09/29/2006 02:25	1.0	76.6	7.0	74.0	9.0	72.2	9.0	69.1	7.0	63.3	33.0	70.0	5	100.0
09/29/2006 02:30	1.0	76.4	6.0	73.9	7.0	72.2	6.0	68.4	4.0	63.9	24.0	70.5	5	100.0
09/29/2006 02:35	1.0	76.8	6.0	73.8	5.0	71.8	7.0	68.8	5.0	63.6	24.0	69.9	5	100.0
09/29/2006 02:40	1.0	77.0	2.0	74.0	3.0	72.2	5.0	69.2	5.0	64.0	16.0	69.2	5	100.0
09/29/2006 02:45	1.0	77.1	3.0	73.8	5.0	72.4	5.0	67.9	4.0	64.9	18.0	70.0	5	100.0
09/29/2006 02:50	0.0	77.1	5.0	73.6	5.0	72.4	7.0	62.5	6.0	64.6	23.0	67.6	5	100.0
09/29/2006 02:55	2.0	76.8	5.0	74.1	5.0	71.5	5.0	65.3	3.0	64.0	20.0	70.0	5	100.0
09/29/2006 03:00	0.0	76.8	2.0	74.1	3.0	71.6	5.0	66.0	5.0	64.7	15.0	67.8	5	100.0
09/29/2006 03:05	1.0	76.9	3.0	73.6	5.0	71.8	6.0	66.8	5.0	64.2	20.0	68.9	5	100.0
09/29/2006 03:10	0.0	76.9	1.0	73.6	3.0	72.0	5.0	67.8	3.0	63.9	12.0	68.4	5	100.0
09/29/2006 03:15	0.0	76.9	3.0	73.7	3.0	71.9	5.0	67.2	5.0	62.8	16.0	67.9	5	100.0
09/29/2006 03:20	1.0	76.9	2.0	73.9	5.0	71.8	3.0	68.4	4.0	62.6	15.0	69.3	5	100.0
09/29/2006 03:25	1.0	76.9	4.0	74.0	6.0	72.1	6.0	68.5	5.0	64.0	22.0	69.8	5	100.0
09/29/2006 03:30	0.0	76.9	3.0	73.7	5.0	72.0	6.0	66.4	5.0	63.8	19.0	68.3	5	100.0
09/29/2006 03:35	1.0	76.9	3.0	73.8	4.0	71.6	6.0	63.8	5.0	63.5	19.0	67.6	5	100.0
09/29/2006 03:40	1.0	76.9	5.0	74.0	3.0	71.7	5.0	65.4	5.0	61.2	19.0	68.2	5	100.0
09/29/2006 03:45	0.0	76.9	2.0	74.0	4.0	72.5	6.0	66.8	4.0	62.3	16.0	68.0	5	100.0
09/29/2006 03:50	0.0	76.9	3.0	73.7	3.0	72.3	6.0	62.1	3.0	63.1	15.0	66.7	5	100.0
09/29/2006 03:55	1.0	76.4	3.0	73.8	6.0	72.1	7.0	62.0	6.0	63.3	23.0	67.1	5	100.0
09/29/2006 04:00	0.0	76.4	2.0	74.0	4.0	72.2	3.0	66.4	7.0	64.1	16.0	67.8	5	100.0
09/29/2006 04:05	1.0	76.6	4.0	74.2	3.0	72.8	7.0	64.8	5.0	63.6	20.0	68.2	5	100.0
09/29/2006 04:10	1.0	76.3	3.0	74.1	5.0	72.2	5.0	63.7	5.0	62.6	19.0	68.0	5	100.0
09/29/2006 04:15	1.0	76.6	3.0	73.9	6.0	71.6	6.0	66.1	6.0	63.0	22.0	68.3	5	100.0
09/29/2006 04:20	0.0	76.6	6.0	74.3	6.0	71.5	9.0	64.6	8.0	59.5	29.0	66.6	5	100.0
09/29/2006 04:25	0.0	76.6	6.0	74.3	7.0	72.2	9.0	68.1	8.0	61.9	30.0	68.6	5	100.0
09/29/2006 04:30	0.0	76.6	6.0	74.3	4.0	71.5	8.0	66.0	5.0	63.7	23.0	68.6	5	100.0
09/29/2006 04:35	0.0	76.6	3.0	74.0	7.0	71.4	7.0	66.9	9.0	60.6	26.0	66.8	5	100.0
09/29/2006 04:40	1.0	76.7	5.0	74.1	8.0	72.6	9.0	67.5	10.0	61.6	33.0	68.2	5	100.0
09/29/2006 04:45	1.0	76.8	7.0	74.4	9.0	71.7	11.0	65.5	10.0	57.0	38.0	66.7	5	100.0
09/29/2006 04:50	1.0	76.8	9.0	74.0	11.0	72.4	9.0	64.6	9.0	57.7	39.0	67.7	5	100.0
09/29/2006 04:55	1.0	76.4	8.0	73.5	8.0	71.2	11.0	69.4	11.0	62.4	39.0	68.8	5	100.0
09/29/2006 05:00	0.0	76.4	6.0	74.1	7.0	71.0	10.0	61.3	12.0	53.3	35.0	62.7	5	100.0
09/29/2006 05:05	1.0	77.1	4.0	73.8	8.0	70.8	6.0	64.4	8.0	58.4	27.0	66.4	5	100.0
09/29/2006 05:10	1.0	77.2	7.0	73.4	11.0	71.1	12.0	61.4	13.0	59.0	44.0	65.4	5	100.0
09/29/2006 05:15	1.0	77.3	12.0	73.1	12.0	71.0	12.0	57.0	9.0	60.2	46.0	65.9	5	100.0
09/29/2006 05:20	2.0	77.0	13.0	72.8	12.0	71.4	14.0	59.2	14.0	63.9	55.0	66.9	5	100.0
09/29/2006 05:25	0.0	77.0	14.0	72.6	14.0	69.7	14.0	61.9	15.0	62.3	57.0	66.5	5	100.0
09/29/2006 05:30	1.0	76.6	11.0	73.2	13.0	69.9	13.0	66.2	13.0	64.0	51.0	68.3	5	100.0
09/29/2006 05:35	1.0	77.0	21.0	71.5	19.0	65.9	18.0	60.0	19.0	64.2	78.0	65.8	5	100.0
09/29/2006 05:40	2.0	76.8	16.0	72.4	14.0	64.5	17.0	65.1	11.0	63.2	60.0	66.9	5	100.0
09/29/2006 05:45	3.0	76.7	18.0	73.9	21.0	72.0	17.0	62.9	16.0	64.0	75.0	68.9	5	100.0
09/29/2006 05:50	5.0	76.8	24.0	73.2	21.0	71.9	20.0	60.0	20.0	65.1	90.0	68.4	5	100.0
09/29/2006 05:55	2.0	76.7	23.0	72.9	24.0	73.8	18.0	59.9	18.0	64.8	85.0	68.8	5	100.0
09/29/2006 06:00	2.0	77.0	24.0	72.4	21.0	71.3	19.0	68.8	18.0	62.8	84.0	69.4	5	100.0
09/29/2006 06:05	3.0	77.0	24.0	74.0	25.0	76.2	20.0	68.9	18.0	60.5	90.0	70.9	5	100.0
09/29/2006 06:10	2.0	77.0	25.0	75.4	22.0	77.9	21.0	66.6	17.0	63.1	87.0	71.5	5	100.0
09/29/2006 06:15	3.0	77.1	26.0	75.5	33.0	77.5	24.0	62.6	26.0	62.4	112.0	70.3	5	100.0
09/29/2006 06:20	5.0	76.7	33.0	75.3	31.0	72.0	29.0	67.1	27.0	64.5	125.0	70.3	5	100.0
09/29/2006 06:25	5.0	77.1	35.0	72.2	37.0	70.5	31.0	68.8	29.0	63.8	137.0	69.4	5	100.0
09/29/2006 06:30	4.0	77.2	27.0	72.0	32.0	75.1	27.0	71.7	27.0	67.5	117.0	71.9	5	100.0
09/29/2006 06:35	3.0	76.7	30.0	73.6	28.0	74.0	21.0	64.6	26.0	63.8	108.0	69.7	5	100.0
09/29/2006 06:40	4.0	77.0	32.0	73.3	29.0	72.3	25.0	65.5	23.0	61.2	113.0	69.0	5	100.0
09/29/2006 06:45	5.0	76.8	36.0	73.2	32.0	71.5	34.0	65.6	36.0	61.6	143.0	68.2	5	100.0
09/29/2006 06:50	5.0	76.5	41.0	71.5	36.0	69.8	36.0	65.4	35.0	66.3	153.0	68.6	5	100.0
09/29/2006 06:55	10.0	76.8	47.0	71.9	35.0	65.6	38.0	73.7	37.0	68.0	167.0	70.4	5	100.0
09/29/2006 07:00	3.0	76.6	40.0	75.6	36.0	69.9	36.0	77.8	34.0	71.4	149.0	73.8	5	100.0
09/29/2006 07:05	8.0	75.3	41.0	78.4	37.0	72.2	32.0	73.8	33.0	71.1	151.0	74.1	5	100.0
09/29/2006 07:10	4.0	75.9	45.0	79.3	37.0	71.1	32.0	71.1	36.0	70.5	154.0	73.5	5	100.0
09/29/2006 07:15	6.0	75.5	45.0	78.4	40.0	73.4	40.0	76.2	34.0	67.6	165.0	74.3	5	100.0
09/29/2006 07:20	5.0	76.1	49.0	78.0	41.0	74.3	37.0	71.7	41.0	68.1	173.0	73.4	5	100.0
09/29/2006 07:25	11.0	75.5	49.0	77.4	43.0	72.7	41.0	74.8	43.0	72.2	187.0	74.4	5	100.0
09/29/2006 07:30	11.0	75.5	49.0	76.4	38.0	72.7	38.0	73.9	42.0	67.6	178.0	72.9	5	100.0
09/29/2006 07:35	7.0	75.9	53.0	74.6	43.0	72.9	47.0	75.3	47.0	70.2	197.0	73.4	5	100.0
09/29/2006 07:40	10.0	76.3	56.0	72.1	48.0	69.3	44.0	71.9	51.0	65.8	209.0	70.1	5	100.0
09/29/2006 07:45	9.0	75.6	57.0	72.4	45.0	69.9	45.0	68.8	54.0	65.1	210.0	69.4	5	100.0
09/29/2006 07:50	13.0	76.1	58.0	68.7	47.0	63.9	49.0	66.5	57.0	61.0	224.0	65.7	5	100.0
09/29/2006 07:55	6.0	76.4	49.0	72.0	38.0	71.5	41.0	71.9	47.0	63.8	181.0	69.9	5	100.0
09/29/2006 08:00	7.0	76.4	53.0	74.9	43.0	77.7	47.0	71.9	39.0	64.7	189.0	72.7	5	100.0
09/29/2006 08:05	10.0	77.3	51.0	74.9	45.0	77.2	41.0	73.0	53.0	65.6	200.0	72.7	5	100.0
09/29/2006 08:10	8.0	76.6	58.0	73.3	43.0	76.2	47.0	73.0	49.0	62.4	205.0	71.4	5	100.0
09/29/2006 08:15	11.0	76.0	55.0	69.4	44.0	69.4	42.0	65.5	50.0	53.5	202.0	65.0	5	100.0
09/29/2006 08:20	10.0	75.0	51.0	68.5	41.0	65.3	43.0	61.5	56.0	59.1	201.0	64.1	5	100.0
09/29/2006 08:25	9.0	75.2	56.0	71.4	44.0	67.2	43.0	62.5	52.0	62.0	204.0	66.4	5	100.0
09/29/2006 08:30	12.0	75.4	53.0	74.0	43.0	70.3	41.0	64.3	47.0	65.9	196.0	69.3	5	100.0
09/29/2006 08:35	9.0	76.1	59.0	72.7	47.0	70.2	41.0	69.9	51.0	64.1	207.0	69.6	5	100.0
09/29/2006 08:40	8.0	76.0	58.0	70.9	43.0	69.2	46.0	67.3	53.0	64.7	208.0	68.4	5	100.0
09/29/2006 08:45	11.0	75.6	53.0	73.1	44.0	70.0	48.0	70.9	51.0	65.5	207.0	70.2	5	100.0
09/29/2006 08:50	10.0	74.6	51.0	74.9	46.0	72.9	46.0	71.5	54.0	67.7	207.0	71.8	5	100.0
09/29/2006 08:55	6.0	75.8	48.0	77.1	39.0	71.6	34.0	70.4	44.0	67.8	171.0	72.1	5	100.0
09/29/2006 09:00	11.0	76.4	48.0	75.8	41.0	75.6	39.0	74.9	47.0	67.3	186.0	73.5	5	100.0
09/29/2006 09:05	11.0	76.1	60.0	75.7	45.0	79.3	51.0	76.6	55.0	66.3	222.0	74.3	5	100.0
09/29/2006 09:10	8.0	77.0	61.0	76.3	41.0	73.3	45.0	73.1	46.0	63.2	201.0	72.0	5	100.0
09/29/2006 09:15	15.0	77.6	55.0	75.5	42.0	71.7	43.0	69.7	51.0	65.3	206.0	71.1	5	100.0
09/29/2006 09:20	11.0	77.1	54.0	73.6	42.0	78.0	41.0	69.6	50.0	65.7	198.0	71.9	5	100.0
09/29/2006 09:25	16.0	76.1	56.0	72.8	40.0	78.5	41.0	67.8	49.0	66.2	202.0	71.6	5	100.0
09/29/2006 09:30	13.0	75.3	53.0	73.3	46.0	77.0	42.0	68.2	49.0	66.9	203.0	71.7	5	100.0
09/29/2006 09:35	12.0	75.7	51.0	73.1	39.0	72.8	37.0	66.0	43.0	65.2	182.0	69.9	5	100.0
09/29/2006 09:40	10.0	75.9	56.0	73.1	34.0	72.2	35.0	67.1	37.0	64.9	172.0	70.1	5	100.0
09/29/2006 09:45	14.0	75.1	51.0	73.7	35.0	73.2	35.0	69.5	38.0	68.6	173.0	71.7	5	100.0
09/29/2006 09:50	18.0	76.6	59.0	71.3	38.0	69.0	44.0	73.9	49.0	66.0	208.0	70.6	5	100.0
09/29/2006 09:55	29.0	70.2	60.0	65.6	45.0	62.6	39.0	64.0	54.0	59.4	227.0	63.8	5	100.0
09/29/2006 10:00	40.0	70.9	54.0	65.1	41.0	63.7	48.0	65.6	58.0	59.9	241.0	64.7	5	100.0
09/29/2006 10:05	28.0	74.4	45.0	69.5	36.0	64.2	31.0	67.7	41.0	65.0	181.0	67.9	5	100.0
09/29/2006 10:10	25.0	75.3	39.0	73.8	31.0	70.9	31.0	70.5	34.0	65.9	160.0	71.2	5	100.0
09/29/2006 10:15	41.0	69.8	47.0	68.3	35.0	65.1	29.0	66.5	17.0	60.9	169.0	66.9	5	100.0
09/29/2006 10:20	52.0	64.2	46.0	60.5	38.0	56.3	37.0	57.4	38.0	54.9	211.0	59.1	5	100.0
09/29/2006 10:25	43.0	64.8	53.0	58.9	39.0	52.0	39.0	51.7	47.0	46.6	221.0	54.9	5	100.0
09/29/2006 10:30	42.0	57.9	43.0	51.1	37.0	42.6	37.0	42.0	37.0	33.6	196.0	45.9	5	100.0
09/29/2006 10:35	43.0	51.5	41.0	43.8	37.0	38.5	28.0	32.8	35.0	28.3	184.0	39.9	5	100.0
09/29/2006 10:40	54.0	50.4	49.0	45.6	41.0	40.4	39.0	37.0	48.0	34.0	231.0	41.9	5	100.0
09/29/2006 10:45	53.0	51.8	47.0	47.1	43.0	42.7	40.0	41.3	49.0	38.2	232.0	44.5	5	100.0
09/29/2006 10:50	36.0	64.2	44.0	60.1	39.0	58.9	36.0	55.5	46.0	55.0	201.0	58.6	5	100.0
09/29/2006 10:55	30.0	70.3	41.0	68.3	37.0	71.1	39.0	62.7	43.0	65.4	190.0	67.4	5	100.0
09/29/2006 11:00	36.0	61.9	45.0	65.7	40.0	64.3	41.0	60.3	48.0	62.5	210.0	63.0	5	100.0
09/29/2006 11:05	37.0	58.7	48.0	64.5	42.0	62.1	50.0	62.9	45.0	60.7	222.0	61.9	5	100.0
09/29/2006 11:10	40.0	56.4	56.0	62.9	40.0	59.2	52.0	58.8	56.0	63.2	244.0	60.4	5	100.0
09/29/2006 11:15	41.0	54.5	52.0	61.4	39.0	54.9	41.0	55.9	47.0	60.0	220.0	57.6	5	100.0
09/29/2006 11:20	41.0	55.1	47.0	61.5	36.0	55.8	39.0	56.8	49.0	59.9	212.0	58.1	5	100.0
09/29/2006 11:25	46.0	53.9	49.0	61.3	45.0	56.3	41.0	54.3	41.0	60.2	222.0	57.3	5	100.0
09/29/2006 11:30	43.0	53.0	50.0	59.2	45.0	56.9	45.0	54.1	54.0	59.8	237.0	56.8	5	100.0
09/29/2006 11:35	36.0	53.6	42.0	60.0	46.0	54.2	44.0	55.8	48.0	59.9	216.0	56.8	5	100.0
09/29/2006 11:40	41.0	51.0	50.0	59.4	48.0	55.3	51.0	54.3	62.0	58.8	252.0	56.1	5	100.0
09/29/2006 11:45	49.0	51.6	46.0	59.5	43.0	52.8	41.0	55.0	49.0	58.2	228.0	55.5	5	100.0
09/29/2006 11:50	37.0	52.8	44.0	60.8	38.0	51.5	42.0	60.3	47.0	58.9	208.0	57.1	5	100.0
09/29/2006 11:55	43.0	51.9	52.0	62.5	44.0	57.1	42.0	57.7	49.0	57.4	230.0	57.5	5	100.0
09/29/2006 12:00	44.0	53.5	51.0	61.5	46.0	59.6	44.0	58.3	51.0	58.2	236.0	58.3	5	100.0
09/29/2006 12:05	46.0	52.7	50.0	61.0	46.0	55.6	43.0	57.9	53.0	58.7	238.0	57.3	5	100.0
09/29/2006 12:10	49.0	52.8	50.0	60.6	50.0	58.2	46.0	54.8	56.0	56.3	251.0	56.6	5	100.0
09/29/2006 12:15	47.0	53.6	47.0	59.6	47.0	57.5	50.0	56.4	54.0	60.1	245.0	57.5	5	100.0
09/29/2006 12:20	46.0	52.5	44.0	58.9	41.0	56.7	45.0	59.3	55.0	60.4	231.0	57.7	5	100.0
09/29/2006 12:25	38.0	53.6	45.0	59.9	44.0	62.0	44.0	57.4	55.0	59.5	226.0	58.7	5	100.0
09/29/2006 12:30	45.0	52.6	46.0	61.9	41.0	60.9	47.0	62.9	49.0	60.1	228.0	59.7	5	100.0
09/29/2006 12:35	48.0	53.2	57.0	61.2	46.0	61.0	45.0	59.3	51.0	58.3	247.0	58.7	5	100.0
09/29/2006 12:40	43.0	51.5	49.0	59.8	46.0	62.5	51.0	60.4	50.0	62.6	239.0	59.5	5	100.0
09/29/2006 12:45	46.0	53.3	49.0	61.0	44.0	60.5	43.0	60.2	49.0	62.9	231.0	59.6	5	100.0
09/29/2006 12:50	54.0	49.5	56.0	57.2	46.0	56.9	46.0	55.3	49.0	55.4	251.0	54.8	5	100.0
09/29/2006 12:55	52.0	49.4	51.0	58.3	41.0	59.8	46.0	57.0	51.0	55.3	241.0	55.8	5	100.0
09/29/2006 13:00	41.0	50.4	48.0	59.1	46.0	59.8	45.0	58.9	49.0	57.0	229.0	57.2	5	100.0
09/29/2006 13:05	43.0	52.2	47.0	61.0	42.0	59.8	44.0	61.4	49.0	60.1	225.0	59.0	5	100.0
09/29/2006 13:10	37.0	53.1	46.0	61.3	44.0	64.8	41.0	63.9	46.0	62.0	214.0	61.3	5	100.0
09/29/2006 13:15	45.0	52.8	49.0	62.7	39.0	64.0	46.0	65.7	46.0	61.9	225.0	61.4	5	100.0
09/29/2006 13:20	62.0	50.5	59.0	58.9	52.0	60.8	46.0	58.2	54.0	56.1	273.0	56.7	5	100.0
09/29/2006 13:25	52.0	49.6	55.0	57.9	45.0	58.8	39.0	53.6	50.0	50.7	241.0	54.1	5	100.0
09/29/2006 13:30	50.0	48.4	49.0	59.0	48.0	60.5	45.0	58.3	50.0	53.2	242.0	55.8	5	100.0
09/29/2006 13:35	66.0	48.8	61.0	56.9	55.0	55.2	51.0	57.8	54.0	54.1	287.0	54.3	5	100.0
09/29/2006 13:40	57.0	50.9	56.0	59.3	51.0	60.4	55.0	61.8	59.0	57.1	278.0	57.8	5	100.0
09/29/2006 13:45	59.0	51.9	54.0	59.5	48.0	59.0	46.0	63.1	51.0	59.5	258.0	58.3	5	100.0
09/29/2006 13:50	55.0	50.5	57.0	60.0	46.0	59.6	46.0	64.3	47.0	59.1	251.0	58.5	5	100.0
09/29/2006 13:55	54.0	50.6	56.0	60.3	49.0	62.1	50.0	67.3	50.0	60.0	259.0	59.9	5	100.0
09/29/2006 14:00	56.0	50.0	58.0	60.8	52.0	62.8	47.0	63.0	53.0	61.6	266.0	59.5	5	100.0
09/29/2006 14:05	61.0	49.6	57.0	58.8	47.0	60.0	47.0	62.0	47.0	64.3	259.0	58.4	5	100.0
09/29/2006 14:10	64.0	46.5	49.0	55.0	43.0	55.4	42.0	58.9	48.0	59.2	246.0	54.3	5	100.0
09/29/2006 14:15	52.0	39.3	51.0	47.9	42.0	48.5	45.0	55.3	47.0	52.6	237.0	48.5	5	100.0
09/29/2006 14:20	57.0	38.3	54.0	46.7	48.0	47.7	46.0	54.8	46.0	49.2	251.0	46.9	5	100.0
09/29/2006 14:25	53.0	35.2	46.0	43.1	44.0	45.0	42.0	50.0	42.0	45.5	227.0	43.3	5	100.0
09/29/2006 14:30	51.0	31.7	47.0	39.8	41.0	42.3	44.0	48.5	46.0	45.0	229.0	41.2	5	100.0
09/29/2006 14:35	56.0	28.3	50.0	36.8	44.0	39.6	46.0	45.7	44.0	42.9	240.0	38.2	5	100.0
09/29/2006 14:40	59.0	32.2	50.0	39.9	46.0	41.5	47.0	50.0	41.0	46.8	243.0	41.5	5	100.0
09/29/2006 14:45	58.0	36.0	56.0	43.1	46.0	46.2	51.0	51.1	47.0	50.2	258.0	44.9	5	100.0
09/29/2006 14:50	56.0	36.6	52.0	42.8	43.0	45.4	49.0	50.7	41.0	49.0	241.0	44.5	5	100.0
09/29/2006 14:55	53.0	36.3	53.0	42.9	43.0	44.2	43.0	49.1	45.0	49.2	237.0	44.0	5	100.0
09/29/2006 15:00	46.0	36.8	55.0	42.1	47.0	44.5	47.0	47.8	44.0	46.0	239.0	43.4	5	100.0
09/29/2006 15:05	41.0	34.7	48.0	40.1	44.0	43.5	42.0	48.0	43.0	46.6	218.0	42.6	5	100.0
09/29/2006 15:10	44.0	36.0	57.0	40.3	48.0	43.2	50.0	48.5	48.0	47.8	247.0	43.2	5	100.0
09/29/2006 15:15	37.0	38.7	51.0	39.9	41.0	41.9	46.0	49.4	44.0	47.8	219.0	43.7	5	100.0
09/29/2006 15:20	42.0	38.4	57.0	41.6	47.0	44.9	45.0	51.1	46.0	48.4	237.0	44.8	5	100.0
09/29/2006 15:25	38.0	41.0	49.0	42.1	45.0	48.4	43.0	50.9	45.0	50.4	220.0	46.6	5	100.0
09/29/2006 15:30	46.0	39.2	54.0	40.4	51.0	45.6	49.0	50.8	47.0	48.7	247.0	44.9	5	100.0
09/29/2006 15:35	42.0	37.0	49.0	35.0	43.0	41.3	45.0	47.0	42.0	45.9	221.0	41.1	5	100.0
09/29/2006 15:40	41.0	36.9	56.0	38.1	51.0	44.6	51.0	49.7	46.0	47.8	245.0	43.5	5	100.0
09/29/2006 15:45	39.0	38.9	53.0	42.0	45.0	49.0	46.0	52.0	41.0	51.0	224.0	46.6	5	100.0
09/29/2006 15:50	41.0	37.2	38.0	31.4	36.0	38.7	40.0	41.7	43.0	41.7	198.0	38.2	5	100.0
09/29/2006 15:55	40.0	36.7	50.0	37.1	46.0	44.7	41.0	45.7	44.0	45.2	221.0	41.8	5	100.0
09/29/2006 16:00	38.0	33.9	37.0	28.2	31.0	33.7	39.0	37.4	43.0	39.2	188.0	34.7	5	100.0
09/29/2006 16:05	44.0	29.2	44.0	27.1	40.0	30.9	43.0	37.7	46.0	40.3	217.0	33.1	5	100.0
09/29/2006 16:10	41.0	25.2	41.0	28.2	38.0	32.8	41.0	39.3	46.0	41.0	207.0	33.5	5	100.0
09/29/2006 16:15	39.0	27.0	39.0	24.1	36.0	29.4	44.0	38.9	46.0	37.8	204.0	31.9	5	100.0
09/29/2006 16:20	43.0	25.6	39.0	23.6	37.0	30.7	37.0	39.6	44.0	39.5	200.0	31.8	5	100.0
09/29/2006 16:25	41.0	23.8	41.0	21.9	34.0	25.5	37.0	32.5	40.0	30.9	193.0	26.8	5	100.0
09/29/2006 16:30	51.0	25.6	48.0	26.3	40.0	29.4	43.0	35.8	43.0	34.4	225.0	30.1	5	100.0
09/29/2006 16:35	43.0	29.2	55.0	30.8	49.0	34.2	49.0	39.0	48.0	38.1	244.0	34.3	5	100.0
09/29/2006 16:40	45.0	30.0	51.0	32.6	37.0	35.7	46.0	40.9	45.0	38.3	224.0	35.4	5	100.0
09/29/2006 16:45	45.0	32.9	51.0	36.7	45.0	40.3	44.0	45.9	46.0	42.8	231.0	39.6	5	100.0
09/29/2006 16:50	43.0	31.5	48.0	34.1	42.0	38.7	43.0	44.2	43.0	40.1	219.0	37.6	5	100.0
09/29/2006 16:55	47.0	33.4	49.0	36.7	43.0	41.2	43.0	47.2	41.0	45.3	223.0	40.5	5	100.0
09/29/2006 17:00	45.0	28.2	43.0	30.0	37.0	33.1	40.0	36.7	43.0	40.0	208.0	33.5	5	100.0
09/29/2006 17:05	45.0	25.1	46.0	27.1	41.0	30.5	46.0	33.9	46.0	36.0	224.0	30.5	5	100.0
09/29/2006 17:10	45.0	25.3	41.0	25.3	44.0	33.7	43.0	41.2	43.0	41.9	216.0	33.5	5	100.0
09/29/2006 17:15	42.0	29.3	45.0	30.9	43.0	37.8	39.0	43.9	39.0	45.9	208.0	37.3	5	100.0
09/29/2006 17:20	43.0	29.4	43.0	29.0	36.0	33.3	42.0	43.2	45.0	43.8	209.0	35.9	5	100.0
09/29/2006 17:25	43.0	29.5	48.0	32.0	40.0	35.8	45.0	45.1	45.0	44.6	221.0	37.4	5	100.0
09/29/2006 17:30	44.0	27.9	53.0	30.9	46.0	36.7	45.0	41.7	46.0	43.1	234.0	36.0	5	100.0
09/29/2006 17:35	43.0	26.3	45.0	29.1	43.0	35.9	43.0	40.6	45.0	41.1	219.0	34.6	5	100.0
09/29/2006 17:40	43.0	25.6	47.0	28.4	44.0	34.7	43.0	39.4	44.0	41.3	221.0	33.8	5	100.0
09/29/2006 17:45	50.0	28.3	51.0	33.2	46.0	38.8	45.0	41.8	51.0	43.7	243.0	37.0	5	100.0
09/29/2006 17:50	46.0	28.5	49.0	33.9	43.0	39.5	46.0	44.1	47.0	46.3	231.0	38.4	5	100.0
09/29/2006 17:55	43.0	28.4	48.0	34.8	43.0	41.4	42.0	46.4	41.0	46.9	217.0	39.4	5	100.0
09/29/2006 18:00	40.0	27.2	45.0	33.9	44.0	42.5	46.0	45.8	47.0	43.1	222.0	38.8	5	100.0
09/29/2006 18:05	43.0	29.8	46.0	37.9	39.0	43.6	43.0	48.8	43.0	46.5	214.0	41.2	5	100.0
09/29/2006 18:10	39.0	32.0	45.0	37.9	41.0	44.0	41.0	48.9	46.0	45.5	212.0	41.8	5	100.0
09/29/2006 18:15	46.0	34.4	51.0	39.1	46.0	45.8	46.0	50.0	49.0	46.8	238.0	43.2	5	100.0
09/29/2006 18:20	43.0	36.3	54.0	39.3	51.0	47.7	46.0	49.7	50.0	45.9	244.0	43.8	5	100.0
09/29/2006 18:25	36.0	38.0	51.0	38.8	43.0	47.8	43.0	49.4	38.0	45.1	211.0	43.8	5	100.0
09/29/2006 18:30	39.0	35.4	47.0	36.7	41.0	45.4	41.0	45.0	46.0	43.0	214.0	41.1	5	100.0
09/29/2006 18:35	38.0	36.0	46.0	36.7	42.0	46.0	43.0	45.2	45.0	42.8	214.0	41.4	5	100.0
09/29/2006 18:40	39.0	36.8	54.0	39.2	43.0	48.8	37.0	46.5	46.0	45.9	219.0	43.3	5	100.0
09/29/2006 18:45	42.0	37.9	45.0	41.7	41.0	49.7	42.0	49.8	40.0	49.1	210.0	45.5	5	100.0
09/29/2006 18:50	39.0	38.2	50.0	42.7	44.0	52.1	42.0	51.9	44.0	51.4	219.0	47.3	5	100.0
09/29/2006 18:55	44.0	35.9	52.0	41.4	42.0	50.4	44.0	50.0	44.0	48.6	226.0	45.1	5	100.0
09/29/2006 19:00	51.0	34.6	49.0	38.3	39.0	45.8	44.0	48.7	45.0	46.1	228.0	42.3	5	100.0
09/29/2006 19:05	49.0	32.5	47.0	37.4	41.0	45.5	41.0	48.7	47.0	46.2	225.0	41.7	5	100.0
09/29/2006 19:10	51.0	33.9	52.0	40.9	44.0	48.3	44.0	52.2	47.0	50.3	238.0	44.7	5	100.0
09/29/2006 19:15	53.0	33.7	48.0	39.5	43.0	45.3	43.0	48.7	45.0	47.6	232.0	42.5	5	100.0
09/29/2006 19:20	53.0	31.9	48.0	37.9	40.0	43.5	45.0	48.7	46.0	46.7	232.0	41.3	5	100.0
09/29/2006 19:25	49.0	29.7	51.0	35.4	47.0	41.8	42.0	45.9	42.0	43.0	231.0	38.8	5	100.0
09/29/2006 19:30	52.0	30.1	46.0	35.6	45.0	41.6	45.0	44.0	46.0	40.2	234.0	38.1	5	100.0
09/29/2006 19:35	52.0	30.5	50.0	36.4	45.0	42.7	42.0	42.4	51.0	41.3	240.0	38.4	5	100.0
09/29/2006 19:40	56.0	31.0	54.0	37.4	49.0	43.6	46.0	43.7	49.0	42.0	254.0	39.2	5	100.0
09/29/2006 19:45	49.0	33.5	44.0	40.3	41.0	45.6	39.0	45.5	39.0	41.0	212.0	40.8	5	100.0
09/29/2006 19:50	49.0	35.9	47.0	42.9	41.0	49.6	41.0	51.1	42.0	45.4	220.0	44.6	5	100.0
09/29/2006 19:55	51.0	32.5	49.0	38.3	44.0	45.2	43.0	46.4	45.0	43.0	232.0	40.7	5	100.0
09/29/2006 20:00	53.0	33.6	51.0	39.1	45.0	45.1	42.0	48.2	47.0	44.9	238.0	41.8	5	100.0
09/29/2006 20:05	53.0	36.1	48.0	41.7	44.0	46.6	47.0	51.0	47.0	45.8	239.0	44.0	5	100.0
09/29/2006 20:10	51.0	41.4	52.0	49.3	46.0	55.0	42.0	58.2	43.0	54.3	234.0	51.2	5	100.0
09/29/2006 20:15	42.0	46.7	47.0	57.0	41.0	64.2	45.0	64.8	45.0	61.2	220.0	58.8	5	100.0
09/29/2006 20:20	39.0	49.3	39.0	59.4	43.0	69.8	40.0	68.2	39.0	63.2	200.0	62.2	5	100.0
09/29/2006 20:25	44.0	51.0	46.0	60.1	36.0	69.1	44.0	69.1	46.0	64.1	216.0	62.4	5	100.0
09/29/2006 20:30	43.0	52.4	45.0	61.6	42.0	68.3	42.0	69.1	32.0	66.1	204.0	63.3	5	100.0
09/29/2006 20:35	36.0	53.2	42.0	63.7	39.0	74.3	41.0	70.9	36.0	68.3	194.0	66.3	5	100.0
09/29/2006 20:40	36.0	54.1	41.0	64.7	41.0	77.9	39.0	70.4	35.0	69.3	192.0	67.5	5	100.0
09/29/2006 20:45	44.0	53.4	49.0	63.8	44.0	75.3	43.0	69.7	41.0	71.3	221.0	66.6	5	100.0
09/29/2006 20:50	39.0	54.0	50.0	65.0	44.0	78.0	36.0	71.0	41.0	72.3	210.0	68.1	5	100.0
09/29/2006 20:55	19.0	58.5	21.0	67.5	19.0	75.7	17.0	72.4	23.0	71.9	99.0	69.2	5	100.0
09/29/2006 21:00	33.0	67.9	35.0	70.9	34.0	75.7	33.0	72.0	29.0	65.5	164.0	70.6	5	100.0
09/29/2006 21:05	33.0	72.1	36.0	73.4	38.0	76.8	39.0	71.9	36.0	64.4	182.0	71.8	5	100.0
09/29/2006 21:10	21.0	74.1	27.0	75.2	24.0	74.7	25.0	70.6	24.0	63.3	121.0	71.6	5	100.0
09/29/2006 21:15	28.0	73.0	37.0	73.6	40.0	74.2	41.0	73.4	35.0	63.9	181.0	71.7	5	100.0
09/29/2006 21:20	39.0	74.5	39.0	73.6	38.0	74.5	39.0	73.4	31.0	64.9	186.0	72.5	5	100.0
09/29/2006 21:25	26.0	75.7	33.0	73.7	35.0	74.2	38.0	71.7	31.0	61.1	163.0	71.3	5	100.0
09/29/2006 21:30	21.0	76.1	30.0	74.3	36.0	75.5	31.0	72.4	33.0	61.5	151.0	71.6	5	100.0
09/29/2006 21:35	24.0	77.7	35.0	74.8	34.0	74.0	28.0	68.8	31.0	64.1	152.0	71.8	5	100.0
09/29/2006 21:40	36.0	76.9	39.0	75.3	36.0	75.0	31.0	67.3	31.0	64.5	173.0	72.2	5	100.0
09/29/2006 21:45	23.0	77.5	33.0	76.7	35.0	72.1	35.0	67.0	31.0	63.5	157.0	71.0	5	100.0
09/29/2006 21:50	31.0	76.4	30.0	75.2	37.0	75.5	36.0	69.4	37.0	64.0	171.0	71.8	5	100.0
09/29/2006 21:55	29.0	76.0	38.0	74.5	31.0	72.3	36.0	73.7	31.0	61.9	165.0	71.8	5	100.0
09/29/2006 22:00	27.0	75.8	31.0	74.3	31.0	70.7	28.0	72.0	33.0	64.0	150.0	71.1	5	100.0
09/29/2006 22:05	29.0	74.7	31.0	74.2	33.0	69.1	33.0	70.3	33.0	62.8	159.0	70.1	5	100.0
09/29/2006 22:10	26.0	74.0	33.0	73.4	29.0	68.4	35.0	72.4	27.0	62.4	150.0	70.3	5	100.0
09/29/2006 22:15	27.0	73.9	33.0	71.7	32.0	68.6	27.0	67.1	31.0	63.6	150.0	68.9	5	100.0
09/29/2006 22:20	25.0	74.0	33.0	72.9	34.0	71.9	29.0	68.6	28.0	64.6	149.0	70.5	5	100.0
09/29/2006 22:25	27.0	75.8	35.0	74.0	33.0	69.2	38.0	69.0	27.0	63.5	160.0	70.4	5	100.0
09/29/2006 22:30	27.0	74.8	34.0	73.0	34.0	70.7	31.0	67.2	29.0	61.3	155.0	69.5	5	100.0
09/29/2006 22:35	27.0	75.2	35.0	74.3	33.0	70.4	36.0	70.4	31.0	64.0	162.0	70.8	5	100.0
09/29/2006 22:40	25.0	75.0	34.0	75.0	33.0	66.3	31.0	69.2	29.0	61.9	152.0	69.4	5	100.0
09/29/2006 22:45	29.0	72.6	37.0	73.6	36.0	67.4	36.0	69.2	38.0	62.8	176.0	68.9	5	100.0
09/29/2006 22:50	34.0	73.6	37.0	72.9	33.0	69.2	31.0	68.6	25.0	63.6	160.0	70.0	5	100.0
09/29/2006 22:55	24.0	73.9	31.0	70.8	30.0	70.3	30.0	71.5	27.0	66.9	142.0	70.6	5	100.0
09/29/2006 23:00	31.0	73.9	33.0	69.9	33.0	69.4	29.0	67.1	32.0	65.1	158.0	69.1	5	100.0
09/29/2006 23:05	33.0	73.2	35.0	72.0	33.0	69.4	29.0	64.9	24.0	65.2	154.0	69.3	5	100.0
09/29/2006 23:10	31.0	72.9	34.0	71.0	31.0	68.3	31.0	66.0	29.0	65.1	156.0	68.8	5	100.0
09/29/2006 23:15	34.0	72.4	37.0	72.0	39.0	71.3	34.0	65.6	32.0	65.0	176.0	69.4	5	100.0
09/29/2006 23:20	22.0	73.3	31.0	74.2	31.0	74.4	26.0	64.6	26.0	64.9	136.0	70.5	5	100.0
09/29/2006 23:25	25.0	73.4	33.0	74.2	28.0	70.8	28.0	64.3	27.0	61.1	141.0	68.9	5	100.0
09/29/2006 23:30	19.0	76.0	30.0	75.3	27.0	72.3	31.0	68.0	29.0	61.7	136.0	70.2	5	100.0
09/29/2006 23:35	20.0	76.3	31.0	74.7	27.0	73.0	30.0	67.8	29.0	63.7	137.0	70.8	5	100.0
09/29/2006 23:40	11.0	76.4	16.0	74.6	15.0	72.0	15.0	70.2	14.0	65.9	71.0	71.7	5	100.0
09/29/2006 23:45	15.0	76.5	22.0	75.1	21.0	73.0	23.0	69.7	26.0	65.4	107.0	71.4	5	100.0
09/29/2006 23:50	21.0	76.6	27.0	73.5	25.0	71.5	30.0	68.6	21.0	64.8	124.0	71.0	5	100.0
09/29/2006 23:55	17.0	77.6	24.0	74.5	25.0	73.6	21.0	67.7	22.0	63.6	109.0	71.3	5	100.0
09/30/2006 00:00	13.0	76.5	21.0	74.0	23.0	72.0	25.0	69.2	22.0	64.5	104.0	70.7	5	100.0
09/30/2006 00:05	11.0	76.4	26.0	73.0	26.0	71.8	22.0	70.2	21.0	65.9	106.0	71.1	5	100.0
09/30/2006 00:10	11.0	76.0	22.0	72.5	21.0	74.0	14.0	67.2	18.0	64.7	86.0	70.8	5	100.0
09/30/2006 00:15	8.0	76.2	16.0	72.7	13.0	72.4	13.0	67.8	12.0	65.2	62.0	70.6	5	100.0
09/30/2006 00:20	13.0	76.1	23.0	73.9	22.0	72.1	17.0	63.8	16.0	64.5	91.0	70.2	5	100.0
09/30/2006 00:25	10.0	75.6	20.0	73.6	17.0	70.3	15.0	67.9	15.0	62.7	77.0	69.9	5	100.0
09/30/2006 00:30	14.0	76.0	18.0	74.0	22.0	68.9	22.0	66.0	19.0	64.7	95.0	69.4	5	100.0
09/30/2006 00:35	5.0	76.4	16.0	73.8	17.0	68.1	17.0	62.4	19.0	66.1	74.0	68.1	5	100.0
09/30/2006 00:40	11.0	75.7	19.0	74.4	17.0	70.5	20.0	65.5	14.0	65.8	81.0	70.1	5	100.0
09/30/2006 00:45	6.0	75.8	15.0	72.8	18.0	70.2	17.0	63.7	14.0	65.3	70.0	68.7	5	100.0
09/30/2006 00:50	4.0	76.2	16.0	72.8	15.0	71.2	16.0	65.7	21.0	62.5	72.0	68.1	5	100.0
09/30/2006 00:55	7.0	76.5	14.0	73.3	16.0	72.5	19.0	65.3	15.0	58.5	71.0	68.2	5	100.0
09/30/2006 01:00	7.0	76.4	12.0	71.2	17.0	72.6	15.0	61.9	14.0	62.0	65.0	68.0	5	100.0
09/30/2006 01:05	7.0	76.5	15.0	71.9	17.0	71.9	13.0	64.8	11.0	63.4	63.0	69.5	5	100.0
09/30/2006 01:10	5.0	76.1	12.0	58.5	15.0	72.6	12.0	67.3	11.0	63.5	55.0	66.9	5	100.0
09/30/2006 01:15	7.0	76.1	15.0	65.5	13.0	72.0	11.0	65.1	11.0	63.9	57.0	67.9	5	100.0
09/30/2006 01:20	7.0	76.1	14.0	69.8	14.0	69.9	12.0	63.4	10.0	61.5	57.0	67.8	5	100.0
09/30/2006 01:25	5.0	61.7	11.0	50.9	13.0	50.4	13.0	48.6	13.0	48.7	55.0	50.7	5	100.0
09/30/2006 01:30	6.0	68.9	14.0	61.6	15.0	60.3	17.0	56.1	12.0	55.9	64.0	59.4	5	100.0
09/30/2006 01:35	3.0	72.8	10.0	67.8	14.0	66.9	12.0	59.8	11.0	60.7	50.0	64.4	5	100.0
09/30/2006 01:40	6.0	74.8	17.0	71.4	14.0	69.1	14.0	64.8	8.0	63.1	59.0	68.5	5	100.0
09/30/2006 01:45	4.0	75.5	9.0	73.0	12.0	70.8	17.0	70.6	11.0	62.7	53.0	69.8	5	100.0
09/30/2006 01:50	6.0	75.6	14.0	71.3	16.0	72.8	17.0	71.0	15.0	64.9	68.0	70.5	5	100.0
09/30/2006 01:55	5.0	76.1	13.0	73.0	15.0	70.2	15.0	68.7	9.0	64.2	57.0	70.0	5	100.0
09/30/2006 02:00	8.0	76.2	11.0	73.7	16.0	69.2	16.0	68.9	15.0	64.2	66.0	69.6	5	100.0
09/30/2006 02:05	5.0	76.3	16.0	73.6	14.0	66.3	15.0	63.2	11.0	64.1	61.0	67.9	5	100.0
09/30/2006 02:10	6.0	76.5	15.0	73.3	16.0	66.9	11.0	64.1	13.0	64.5	61.0	68.4	5	100.0
09/30/2006 02:15	2.0	76.5	10.0	73.4	7.0	68.9	9.0	67.0	6.0	64.2	34.0	69.3	5	100.0
09/30/2006 02:20	9.0	76.7	14.0	74.4	13.0	70.7	16.0	68.5	16.0	64.3	68.0	70.2	5	100.0
09/30/2006 02:25	9.0	76.1	16.0	74.7	16.0	69.9	17.0	65.5	10.0	63.4	68.0	69.8	5	100.0
09/30/2006 02:30	4.0	76.4	15.0	74.3	12.0	71.1	10.0	67.1	12.0	62.8	53.0	69.8	5	100.0
09/30/2006 02:35	6.0	76.4	11.0	73.5	9.0	71.6	13.0	62.8	7.0	63.5	46.0	69.0	5	100.0
09/30/2006 02:40	5.0	76.0	12.0	73.9	11.0	71.6	13.0	66.1	8.0	63.5	49.0	69.8	5	100.0
09/30/2006 02:45	4.0	76.2	11.0	74.1	9.0	72.3	12.0	61.8	5.0	63.8	41.0	69.1	5	100.0
09/30/2006 02:50	3.0	76.3	11.0	74.2	9.0	72.0	10.0	66.8	9.0	63.1	42.0	69.7	5	100.0
09/30/2006 02:55	3.0	76.3	5.0	74.4	6.0	72.3	5.0	67.8	4.0	63.1	23.0	70.7	5	100.0
09/30/2006 03:00	3.0	76.1	6.0	73.8	9.0	72.0	13.0	70.0	6.0	63.1	37.0	70.5	5	100.0
09/30/2006 03:05	1.0	76.0	7.0	73.9	9.0	72.3	8.0	69.9	9.0	63.7	34.0	69.9	5	100.0
09/30/2006 03:10	4.0	76.1	10.0	73.6	7.0	72.5	9.0	69.8	8.0	63.5	38.0	70.6	5	100.0
09/30/2006 03:15	2.0	76.2	9.0	74.0	10.0	71.3	9.0	66.8	6.0	64.3	36.0	70.0	5	100.0
09/30/2006 03:20	1.0	76.1	7.0	73.9	9.0	72.0	9.0	69.0	6.0	64.4	32.0	70.3	5	100.0
09/30/2006 03:25	1.0	76.0	7.0	73.9	6.0	72.0	5.0	69.0	4.0	64.6	23.0	70.8	5	100.0
09/30/2006 03:30	0.0	76.0	5.0	73.8	7.0	72.1	10.0	67.8	6.0	64.0	28.0	69.1	5	100.0
09/30/2006 03:35	2.0	76.2	5.0	74.1	2.0	71.6	4.0	67.5	3.0	64.4	16.0	70.6	5	100.0
09/30/2006 03:40	1.0	76.6	4.0	74.1	7.0	71.9	5.0	68.5	5.0	64.1	22.0	70.0	5	100.0
09/30/2006 03:45	2.0	76.6	8.0	74.4	4.0	72.5	8.0	68.2	7.0	63.0	29.0	69.8	5	100.0
09/30/2006 03:50	0.0	76.6	6.0	74.3	7.0	72.0	8.0	67.5	7.0	61.3	28.0	68.5	5	100.0
09/30/2006 03:55	1.0	76.8	4.0	74.4	4.0	72.1	6.0	68.6	4.0	63.5	19.0	69.9	5	100.0
09/30/2006 04:00	1.0	76.4	4.0	74.0	5.0	72.1	5.0	68.8	5.0	64.3	20.0	69.9	5	100.0
09/30/2006 04:05	0.0	76.4	4.0	73.8	3.0	71.9	8.0	69.4	5.0	63.7	20.0	69.2	5	100.0
09/30/2006 04:10	0.0	76.4	3.0	73.9	6.0	70.9	5.0	68.6	8.0	64.5	22.0	68.5	5	100.0
09/30/2006 04:15	0.0	76.4	1.0	74.4	2.0	71.8	4.0	68.9	1.0	64.3	8.0	69.7	5	100.0
09/30/2006 04:20	1.0	76.2	2.0	74.3	5.0	72.1	6.0	69.6	5.0	64.4	19.0	69.7	5	100.0
09/30/2006 04:25	0.0	76.2	5.0	74.1	7.0	72.1	5.0	68.1	4.0	64.4	21.0	70.2	5	100.0
09/30/2006 04:30	0.0	76.2	4.0	74.0	7.0	72.1	11.0	66.9	7.0	65.0	29.0	68.7	5	100.0
09/30/2006 04:35	1.0	76.1	3.0	73.7	5.0	71.7	9.0	65.4	8.0	62.9	26.0	67.2	5	100.0
09/30/2006 04:40	0.0	76.1	4.0	74.0	5.0	72.5	3.0	67.6	3.0	64.1	15.0	70.2	5	100.0
09/30/2006 04:45	1.0	76.6	3.0	73.8	7.0	71.4	5.0	67.2	7.0	63.9	23.0	68.7	5	100.0
09/30/2006 04:50	1.0	76.8	5.0	74.2	6.0	70.9	5.0	64.4	6.0	63.0	23.0	68.4	5	100.0
09/30/2006 04:55	0.0	76.8	4.0	74.1	6.0	70.9	8.0	66.2	5.0	60.6	23.0	67.6	5	100.0
09/30/2006 05:00	1.0	77.0	3.0	74.3	5.0	71.5	5.0	65.8	6.0	62.6	20.0	68.1	5	100.0
09/30/2006 05:05	0.0	77.0	6.0	74.2	5.0	72.0	7.0	66.8	5.0	63.6	23.0	69.2	5	100.0
09/30/2006 05:10	1.0	77.1	7.0	74.1	7.0	72.3	8.0	66.7	3.0	64.3	26.0	70.3	5	100.0
09/30/2006 05:15	1.0	77.2	8.0	74.2	11.0	72.4	10.0	68.6	4.0	64.0	34.0	70.9	5	100.0
09/30/2006 05:20	1.0	76.7	7.0	74.3	6.0	72.1	10.0	62.8	4.0	63.5	28.0	68.3	5	100.0
09/30/2006 05:25	0.0	76.7	5.0	74.3	7.0	72.2	10.0	63.2	7.0	64.7	29.0	67.6	5	100.0
09/30/2006 05:30	1.0	77.0	7.0	74.4	14.0	72.6	11.0	66.0	8.0	64.4	41.0	69.6	5	100.0
09/30/2006 05:35	3.0	76.8	8.0	73.7	8.0	71.4	8.0	66.0	7.0	64.6	34.0	69.7	5	100.0
09/30/2006 05:40	1.0	77.0	5.0	73.9	8.0	69.4	12.0	68.6	8.0	63.9	34.0	68.7	5	100.0
09/30/2006 05:45	4.0	76.6	11.0	73.4	13.0	69.7	13.0	64.6	9.0	63.0	50.0	68.5	5	100.0
09/30/2006 05:50	1.0	76.9	15.0	72.9	13.0	69.4	11.0	61.3	12.0	64.3	52.0	67.7	5	100.0
09/30/2006 05:55	3.0	76.8	11.0	72.9	13.0	71.4	14.0	60.4	9.0	64.1	50.0	67.7	5	100.0
09/30/2006 06:00	5.0	76.8	11.0	73.9	11.0	71.9	10.0	63.1	9.0	64.1	46.0	69.5	5	100.0
09/30/2006 06:05	2.0	76.7	12.0	73.4	9.0	72.1	14.0	65.7	8.0	63.7	45.0	69.2	5	100.0
09/30/2006 06:10	1.0	76.4	12.0	74.3	14.0	70.5	11.0	64.6	11.0	63.9	49.0	68.7	5	100.0
09/30/2006 06:15	4.0	76.6	14.0	73.2	15.0	72.4	11.0	58.8	9.0	63.8	53.0	68.6	5	100.0
09/30/2006 06:20	5.0	76.8	13.0	73.1	17.0	71.5	15.0	59.0	11.0	61.2	61.0	67.3	5	100.0
09/30/2006 06:25	5.0	76.5	15.0	72.9	16.0	72.4	14.0	59.6	11.0	60.8	61.0	67.8	5	100.0
09/30/2006 06:30	6.0	76.7	17.0	73.0	17.0	69.6	16.0	62.4	9.0	62.5	65.0	68.4	5	100.0
09/30/2006 06:35	5.0	76.5	12.0	73.4	15.0	70.2	13.0	66.4	13.0	64.4	58.0	69.3	5	100.0
09/30/2006 06:40	5.0	76.4	15.0	73.7	19.0	72.0	16.0	68.2	12.0	63.2	67.0	70.2	5	100.0
09/30/2006 06:45	5.0	76.5	19.0	74.0	20.0	73.5	14.0	67.9	14.0	59.2	72.0	70.0	5	100.0
09/30/2006 06:50	2.0	76.4	21.0	72.8	18.0	72.9	20.0	65.3	16.0	63.6	77.0	69.1	5	100.0
09/30/2006 06:55	9.0	76.4	19.0	72.6	19.0	71.9	15.0	65.0	11.0	60.6	73.0	69.5	5	100.0
09/30/2006 07:00	11.0	75.8	21.0	71.6	20.0	70.9	18.0	62.8	13.0	61.3	83.0	68.5	5	100.0
09/30/2006 07:05	11.0	76.4	22.0	72.7	19.0	69.3	16.0	66.4	12.0	63.4	80.0	69.7	5	100.0
09/30/2006 07:10	12.0	76.0	22.0	72.1	20.0	67.2	19.0	66.6	16.0	65.5	89.0	69.2	5	100.0
09/30/2006 07:15	14.0	76.9	23.0	74.5	20.0	70.2	21.0	69.8	13.0	64.7	91.0	71.4	5	100.0
09/30/2006 07:20	11.0	75.9	19.0	73.3	20.0	71.1	18.0	67.1	15.0	63.7	83.0	70.0	5	100.0
09/30/2006 07:25	13.0	76.3	27.0	71.7	24.0	63.3	21.0	66.6	16.0	61.9	101.0	67.7	5	100.0
09/30/2006 07:30	20.0	72.5	24.0	72.0	25.0	64.7	21.0	65.8	20.0	65.6	110.0	68.1	5	100.0
09/30/2006 07:35	13.0	74.1	29.0	73.6	25.0	67.5	20.0	68.2	23.0	66.6	110.0	69.8	5	100.0
09/30/2006 07:40	19.0	73.4	27.0	69.4	31.0	69.3	21.0	65.3	22.0	67.4	120.0	68.9	5	100.0
09/30/2006 07:45	21.0	72.6	38.0	70.3	26.0	70.4	28.0	68.4	26.0	62.4	139.0	68.8	5	100.0
09/30/2006 07:50	19.0	72.6	33.0	71.4	27.0	70.0	27.0	65.4	25.0	65.9	131.0	69.0	5	100.0
09/30/2006 07:55	23.0	73.5	29.0	72.2	33.0	73.3	30.0	65.5	27.0	66.5	142.0	70.2	5	100.0
09/30/2006 08:00	20.0	75.1	33.0	73.1	29.0	70.1	27.0	62.1	35.0	64.0	144.0	68.5	5	100.0
09/30/2006 08:05	21.0	74.8	31.0	73.0	31.0	72.2	28.0	65.1	30.0	64.2	141.0	69.7	5	100.0
09/30/2006 08:10	20.0	76.3	30.0	75.2	29.0	72.0	24.0	70.3	29.0	62.5	132.0	71.0	5	100.0
09/30/2006 08:15	23.0	75.1	34.0	75.1	31.0	70.7	29.0	69.4	30.0	63.0	147.0	70.6	5	100.0
09/30/2006 08:20	23.0	73.9	38.0	76.0	34.0	70.4	31.0	66.6	31.0	61.8	157.0	69.8	5	100.0
09/30/2006 08:25	20.0	74.3	33.0	71.5	33.0	74.1	32.0	67.5	32.0	61.5	150.0	69.5	5	100.0
09/30/2006 08:30	23.0	72.9	38.0	71.3	29.0	71.4	39.0	69.7	37.0	60.5	166.0	68.8	5	100.0
09/30/2006 08:35	31.0	74.5	38.0	72.6	31.0	70.4	31.0	70.8	33.0	63.4	164.0	70.4	5	100.0
09/30/2006 08:40	29.0	76.1	37.0	72.8	32.0	71.0	40.0	72.3	37.0	63.1	175.0	70.9	5	100.0
09/30/2006 08:45	21.0	76.4	30.0	72.3	28.0	71.8	26.0	66.5	30.0	61.3	135.0	69.3	5	100.0
09/30/2006 08:50	31.0	75.1	42.0	74.5	35.0	69.0	39.0	64.2	45.0	63.4	192.0	68.9	5	100.0
09/30/2006 08:55	31.0	72.2	43.0	73.8	39.0	68.5	42.0	65.1	41.0	63.1	196.0	68.4	5	100.0
09/30/2006 09:00	33.0	75.5	43.0	69.6	38.0	67.1	40.0	64.8	39.0	63.7	193.0	67.9	5	100.0
09/30/2006 09:05	29.0	76.7	41.0	67.0	34.0	65.6	37.0	65.4	31.0	60.7	172.0	66.9	5	100.0
09/30/2006 09:10	25.0	78.7	32.0	65.8	31.0	68.3	32.0	64.5	34.0	61.6	154.0	67.2	5	100.0
09/30/2006 09:15	36.0	77.0	49.0	64.9	45.0	67.7	36.0	64.0	35.0	60.7	201.0	66.8	5	100.0
09/30/2006 09:20	35.0	76.7	40.0	63.1	41.0	69.3	41.0	67.8	41.0	60.5	198.0	67.2	5	100.0
09/30/2006 09:25	37.0	76.5	46.0	62.3	37.0	67.8	42.0	68.6	42.0	59.4	204.0	66.6	5	100.0
09/30/2006 09:30	41.0	75.1	54.0	61.6	47.0	65.3	44.0	64.5	51.0	59.6	237.0	64.8	5	100.0
09/30/2006 09:35	36.0	77.9	44.0	62.9	41.0	63.8	39.0	65.2	42.0	60.4	202.0	65.7	5	100.0
09/30/2006 09:40	42.0	75.2	42.0	60.7	48.0	64.4	38.0	63.1	45.0	57.8	215.0	64.2	5	100.0
09/30/2006 09:45	43.0	76.1	43.0	61.7	45.0	68.2	43.0	68.2	47.0	60.0	221.0	66.7	5	100.0
09/30/2006 09:50	47.0	76.4	44.0	62.3	44.0	68.2	41.0	66.3	47.0	59.6	223.0	66.6	5	100.0
09/30/2006 09:55	25.0	76.8	27.0	62.6	28.0	65.7	27.0	65.1	31.0	57.6	138.0	65.2	5	100.0
09/30/2006 10:00	36.0	66.6	45.0	61.1	41.0	67.8	44.0	67.5	40.0	60.1	206.0	64.6	5	100.0
09/30/2006 10:05	36.0	61.1	43.0	61.3	39.0	65.1	41.0	67.6	49.0	61.1	208.0	63.2	5	100.0
09/30/2006 10:10	41.0	56.6	49.0	61.1	41.0	65.3	42.0	66.5	49.0	61.1	222.0	62.1	5	100.0
09/30/2006 10:15	42.0	54.3	49.0	60.5	43.0	64.0	39.0	65.8	43.0	61.0	216.0	61.0	5	100.0
09/30/2006 10:20	40.0	53.9	48.0	60.4	45.0	65.5	46.0	64.7	47.0	58.6	226.0	60.8	5	100.0
09/30/2006 10:25	36.0	53.9	49.0	60.7	43.0	66.1	40.0	68.4	50.0	58.1	218.0	61.5	5	100.0
09/30/2006 10:30	43.0	52.7	45.0	60.4	41.0	65.8	43.0	66.1	48.0	57.3	220.0	60.3	5	100.0
09/30/2006 10:35	44.0	51.8	46.0	60.2	46.0	62.5	42.0	63.6	47.0	55.8	225.0	58.7	5	100.0
09/30/2006 10:40	45.0	51.7	49.0	59.4	47.0	62.2	46.0	61.8	60.0	54.4	247.0	57.8	5	100.0
09/30/2006 10:45	47.0	52.4	46.0	59.5	51.0	64.4	45.0	63.7	48.0	56.2	237.0	59.3	5	100.0
09/30/2006 10:50	52.0	51.5	53.0	60.3	42.0	62.3	47.0	64.4	57.0	55.4	251.0	58.5	5	100.0
09/30/2006 10:55	49.0	51.0	47.0	59.1	52.0	62.9	50.0	63.0	53.0	54.8	251.0	58.2	5	100.0
09/30/2006 11:00	45.0	50.2	54.0	58.8	49.0	61.4	51.0	61.4	51.0	51.7	250.0	56.8	5	100.0
09/30/2006 11:05	44.0	51.4	51.0	61.1	49.0	62.7	44.0	62.5	54.0	54.9	242.0	58.5	5	100.0
09/30/2006 11:10	37.0	53.4	50.0	61.7	47.0	64.7	47.0	66.2	47.0	54.3	228.0	60.4	5	100.0
09/30/2006 11:15	45.0	51.6	48.0	59.6	45.0	61.5	44.0	62.0	49.0	54.1	231.0	57.7	5	100.0
09/30/2006 11:20	56.0	51.3	62.0	58.3	51.0	58.0	51.0	58.7	56.0	50.9	276.0	55.4	5	100.0
09/30/2006 11:25	59.0	51.3	58.0	56.8	49.0	58.1	45.0	58.7	54.0	49.6	265.0	54.7	5	100.0
09/30/2006 11:30	55.0	50.6	54.0	56.3	45.0	57.0	43.0	58.3	54.0	49.3	251.0	54.0	5	100.0
09/30/2006 11:35	51.0	50.6	53.0	56.9	51.0	59.2	47.0	57.7	56.0	50.0	258.0	54.8	5	100.0
09/30/2006 11:40	41.0	51.7	49.0	59.5	47.0	62.9	46.0	62.7	52.0	51.3	235.0	57.6	5	100.0
09/30/2006 11:45	53.0	51.2	50.0	58.8	47.0	64.2	47.0	62.0	58.0	52.7	255.0	57.4	5	100.0
09/30/2006 11:50	52.0	51.6	50.0	58.0	46.0	63.2	43.0	60.2	56.0	53.0	247.0	56.9	5	100.0
09/30/2006 11:55	37.0	52.0	41.0	58.9	40.0	66.2	37.0	61.4	43.0	54.0	198.0	58.5	5	100.0
09/30/2006 12:00	37.0	46.1	35.0	51.7	33.0	59.2	27.0	56.5	32.0	47.5	164.0	51.9	5	100.0
09/30/2006 12:05	46.0	47.5	55.0	52.7	45.0	58.2	49.0	56.7	51.0	47.3	246.0	52.4	5	100.0
09/30/2006 12:10	43.0	50.4	49.0	56.5	51.0	62.7	45.0	59.5	50.0	52.7	238.0	56.5	5	100.0
09/30/2006 12:15	46.0	49.6	50.0	58.8	45.0	62.5	48.0	61.8	50.0	55.6	239.0	57.7	5	100.0
09/30/2006 12:20	51.0	50.1	50.0	59.3	46.0	62.3	54.0	63.0	55.0	55.8	256.0	58.0	5	100.0
09/30/2006 12:25	48.0	50.1	49.0	59.6	46.0	63.4	44.0	64.1	49.0	56.0	236.0	58.5	5	100.0
09/30/2006 12:30	46.0	50.6	49.0	60.4	48.0	63.6	46.0	60.1	49.0	55.4	238.0	58.1	5	100.0
09/30/2006 12:35	43.0	52.3	44.0	59.6	50.0	64.2	45.0	62.3	45.0	55.8	227.0	59.0	5	100.0
09/30/2006 12:40	37.0	52.7	49.0	59.7	45.0	64.9	44.0	62.1	45.0	55.7	220.0	59.2	5	100.0
09/30/2006 12:45	44.0	51.2	50.0	61.4	46.0	66.8	46.0	64.8	50.0	57.2	236.0	60.3	5	100.0
09/30/2006 12:50	43.0	51.3	50.0	60.1	46.0	66.0	41.0	61.8	47.0	55.3	227.0	58.9	5	100.0
09/30/2006 12:55	52.0	49.9	51.0	58.4	56.0	63.5	51.0	61.0	52.0	53.1	262.0	57.3	5	100.0
09/30/2006 13:00	47.0	50.2	49.0	58.8	43.0	61.7	44.0	60.9	46.0	55.0	229.0	57.2	5	100.0
09/30/2006 13:05	47.0	51.1	49.0	58.7	45.0	62.5	40.0	64.2	47.0	57.1	228.0	58.5	5	100.0
09/30/2006 13:10	49.0	51.0	44.0	59.2	44.0	63.6	46.0	64.6	53.0	56.7	236.0	58.8	5	100.0
09/30/2006 13:15	44.0	50.9	50.0	59.0	47.0	61.7	45.0	63.2	47.0	56.3	233.0	58.3	5	100.0
09/30/2006 13:20	51.0	50.7	48.0	57.4	51.0	60.3	43.0	59.9	49.0	54.1	242.0	56.4	5	100.0
09/30/2006 13:25	40.0	50.2	51.0	59.0	52.0	63.5	45.0	61.1	45.0	55.6	233.0	58.2	5	100.0
09/30/2006 13:30	45.0	52.3	47.0	59.3	47.0	63.9	47.0	62.0	49.0	57.1	235.0	59.0	5	100.0
09/30/2006 13:35	56.0	45.4	51.0	52.3	51.0	56.8	48.0	55.4	51.0	51.2	257.0	52.1	5	100.0
09/30/2006 13:40	55.0	45.6	51.0	52.7	42.0	55.6	47.0	55.4	47.0	49.7	242.0	51.5	5	100.0
09/30/2006 13:45	45.0	48.3	52.0	57.5	47.0	61.1	47.0	61.1	45.0	53.9	236.0	56.5	5	100.0
09/30/2006 13:50	25.0	51.1	33.0	59.3	30.0	63.8	29.0	61.2	29.0	54.6	146.0	58.3	5	100.0
09/30/2006 13:55	44.0	52.2	50.0	59.9	46.0	63.9	47.0	61.7	52.0	57.1	239.0	59.0	5	100.0
09/30/2006 14:00	31.0	52.1	30.0	61.6	26.0	64.3	26.0	60.5	31.0	54.5	144.0	58.3	5	100.0
09/30/2006 14:05	51.0	50.8	51.0	59.1	45.0	61.5	46.0	60.1	52.0	54.7	245.0	57.1	5	100.0
09/30/2006 14:10	55.0	48.5	53.0	56.7	47.0	55.6	44.0	57.8	55.0	51.2	254.0	53.7	5	100.0
09/30/2006 14:15	54.0	49.2	49.0	56.4	45.0	58.0	49.0	62.2	53.0	52.6	250.0	55.5	5	100.0
09/30/2006 14:20	49.0	50.1	51.0	57.6	49.0	59.7	47.0	63.3	42.0	53.0	238.0	56.8	5	100.0
09/30/2006 14:25	48.0	49.1	55.0	58.4	46.0	60.5	44.0	63.7	48.0	54.8	241.0	57.2	5	100.0
09/30/2006 14:30	45.0	49.2	47.0	58.1	46.0	62.6	46.0	64.5	48.0	56.1	232.0	58.1	5	100.0
09/30/2006 14:35	46.0	49.8	49.0	59.0	43.0	63.0	45.0	64.2	51.0	54.7	234.0	58.0	5	100.0
09/30/2006 14:40	49.0	50.2	49.0	58.8	45.0	65.0	42.0	64.5	43.0	55.1	228.0	58.5	5	100.0
09/30/2006 14:45	43.0	51.5	45.0	58.8	45.0	65.7	39.0	63.9	45.0	54.7	217.0	58.9	5	100.0
09/30/2006 14:50	45.0	49.9	49.0	58.7	49.0	64.3	45.0	63.1	48.0	55.6	236.0	58.4	5	100.0
09/30/2006 14:55	49.0	50.2	51.0	59.0	45.0	61.8	47.0	63.0	45.0	55.2	237.0	57.8	5	100.0
09/30/2006 15:00	49.0	50.1	49.0	58.6	47.0	65.2	47.0	64.6	48.0	56.8	240.0	59.0	5	100.0
09/30/2006 15:05	48.0	49.5	47.0	57.7	49.0	63.3	41.0	60.2	46.0	57.6	231.0	57.6	5	100.0
09/30/2006 15:10	46.0	50.5	49.0	59.3	45.0	63.9	45.0	61.5	42.0	58.8	227.0	58.8	5	100.0
09/30/2006 15:15	49.0	49.8	45.0	58.5	44.0	65.4	43.0	63.9	53.0	57.5	234.0	58.7	5	100.0
09/30/2006 15:20	51.0	44.3	45.0	50.2	45.0	55.7	42.0	56.5	47.0	51.3	230.0	51.3	5	100.0
09/30/2006 15:25	49.0	38.8	44.0	45.6	43.0	49.7	39.0	51.2	43.0	44.9	218.0	45.7	5	100.0
09/30/2006 15:30	50.0	34.9	47.0	41.4	47.0	45.0	40.0	46.8	44.0	42.4	228.0	41.9	5	100.0
09/30/2006 15:35	53.0	32.6	48.0	38.5	43.0	42.1	41.0	43.9	44.0	40.7	229.0	39.2	5	100.0
09/30/2006 15:40	56.0	32.8	44.0	38.8	43.0	42.7	43.0	44.6	45.0	40.6	231.0	39.5	5	100.0
09/30/2006 15:45	49.0	32.3	45.0	37.9	45.0	42.6	43.0	44.4	43.0	41.6	225.0	39.6	5	100.0
09/30/2006 15:50	51.0	32.8	45.0	38.2	46.0	43.2	41.0	44.6	42.0	41.4	225.0	39.8	5	100.0
09/30/2006 15:55	51.0	35.3	51.0	41.4	44.0	46.9	45.0	49.2	45.0	44.1	236.0	43.1	5	100.0
09/30/2006 16:00	53.0	36.7	49.0	43.6	46.0	47.8	45.0	51.0	44.0	45.2	237.0	44.6	5	100.0
09/30/2006 16:05	48.0	35.7	46.0	43.1	41.0	47.2	42.0	49.9	43.0	43.3	220.0	43.6	5	100.0
09/30/2006 16:10	49.0	33.1	47.0	39.7	41.0	43.4	43.0	48.4	46.0	43.3	226.0	41.3	5	100.0
09/30/2006 16:15	54.0	30.9	49.0	36.9	47.0	39.5	43.0	44.9	47.0	38.5	240.0	37.8	5	100.0
09/30/2006 16:20	48.0	26.7	45.0	33.2	47.0	36.7	44.0	42.5	46.0	37.4	230.0	35.2	5	100.0
09/30/2006 16:25	51.0	30.4	45.0	36.3	44.0	39.5	43.0	45.0	43.0	40.1	226.0	38.0	5	100.0
09/30/2006 16:30	54.0	33.5	49.0	38.1	45.0	42.5	43.0	44.5	46.0	39.2	237.0	39.3	5	100.0
09/30/2006 16:35	50.0	33.1	49.0	38.5	43.0	41.2	45.0	44.3	39.0	38.4	226.0	39.0	5	100.0
09/30/2006 16:40	49.0	30.3	47.0	36.4	43.0	40.4	44.0	41.6	41.0	37.7	224.0	37.1	5	100.0
09/30/2006 16:45	51.0	30.0	48.0	35.2	43.0	38.0	43.0	41.3	43.0	37.4	228.0	36.1	5	100.0
09/30/2006 16:50	48.0	30.6	44.0	35.4	43.0	40.4	38.0	42.1	43.0	38.4	216.0	37.1	5	100.0
09/30/2006 16:55	48.0	30.8	49.0	36.1	43.0	42.5	42.0	43.7	43.0	39.0	225.0	38.2	5	100.0
09/30/2006 17:00	49.0	32.1	44.0	37.0	39.0	42.3	41.0	45.5	44.0	39.9	217.0	39.0	5	100.0
09/30/2006 17:05	51.0	32.6	45.0	37.4	43.0	43.1	45.0	44.6	43.0	41.8	227.0	39.7	5	100.0
09/30/2006 17:10	55.0	33.4	49.0	39.2	45.0	44.7	45.0	46.7	45.0	42.3	239.0	40.9	5	100.0
09/30/2006 17:15	53.0	32.1	45.0	37.0	42.0	42.6	45.0	45.9	44.0	41.2	229.0	39.4	5	100.0
09/30/2006 17:20	44.0	34.3	44.0	40.8	43.0	46.0	41.0	49.5	43.0	43.9	215.0	42.8	5	100.0
09/30/2006 17:25	37.0	40.4	37.0	47.1	33.0	48.9	37.0	56.3	33.0	49.8	177.0	48.5	5	100.0
09/30/2006 17:30	37.0	41.2	39.0	48.6	40.0	51.5	37.0	56.7	39.0	50.5	192.0	49.7	5	100.0
09/30/2006 17:35	45.0	41.9	43.0	49.6	39.0	54.5	40.0	56.8	42.0	51.7	209.0	50.7	5	100.0
09/30/2006 17:40	47.0	39.9	45.0	48.2	43.0	51.7	44.0	56.2	44.0	49.9	223.0	49.0	5	100.0
09/30/2006 17:45	44.0	40.6	46.0	49.3	41.0	53.1	38.0	57.1	47.0	50.8	216.0	49.9	5	100.0
09/30/2006 17:50	43.0	41.8	45.0	49.7	39.0	52.3	41.0	56.0	43.0	50.0	211.0	49.9	5	100.0
09/30/2006 17:55	46.0	40.4	47.0	48.0	41.0	50.4	43.0	56.0	47.0	49.2	224.0	48.7	5	100.0
09/30/2006 18:00	54.0	38.6	49.0	45.3	46.0	47.2	42.0	50.8	46.0	44.1	237.0	44.9	5	100.0
09/30/2006 18:05	51.0	39.2	47.0	45.6	47.0	49.6	39.0	50.8	45.0	45.1	229.0	45.8	5	100.0
09/30/2006 18:10	44.0	38.5	39.0	46.1	39.0	50.6	34.0	50.6	36.0	44.4	192.0	45.8	5	100.0
09/30/2006 18:15	46.0	37.4	47.0	44.2	41.0	48.6	36.0	49.2	43.0	42.6	213.0	44.1	5	100.0
09/30/2006 18:20	50.0	36.1	40.0	40.9	41.0	46.6	41.0	47.0	47.0	40.0	219.0	41.8	5	100.0
09/30/2006 18:25	49.0	34.4	42.0	39.2	41.0	44.5	39.0	45.7	47.0	40.1	218.0	40.5	5	100.0
09/30/2006 18:30	46.0	34.7	41.0	40.4	40.0	44.7	38.0	45.3	46.0	40.5	211.0	40.9	5	100.0
09/30/2006 18:35	47.0	32.6	43.0	37.8	41.0	42.1	38.0	45.1	44.0	39.9	213.0	39.2	5	100.0
09/30/2006 18:40	47.0	32.1	41.0	37.2	39.0	40.7	39.0	43.6	45.0	39.0	211.0	38.3	5	100.0
09/30/2006 18:45	47.0	32.0	42.0	36.7	41.0	40.4	35.0	42.0	43.0	38.2	208.0	37.6	5	100.0
09/30/2006 18:50	44.0	30.4	41.0	34.9	41.0	38.9	33.0	38.4	43.0	36.7	202.0	35.7	5	100.0
09/30/2006 18:55	47.0	28.2	46.0	31.7	43.0	36.5	37.0	36.8	45.0	34.8	218.0	33.4	5	100.0
09/30/2006 19:00	48.0	34.0	40.0	31.0	45.0	34.7	41.0	35.2	44.0	34.2	218.0	33.9	5	100.0
09/30/2006 19:05	45.0	44.8	43.0	38.2	41.0	39.8	39.0	39.6	43.0	37.3	211.0	40.0	5	100.0
09/30/2006 19:10	37.0	58.9	37.0	45.8	37.0	49.2	35.0	46.5	43.0	38.1	189.0	47.4	5	100.0
09/30/2006 19:15	33.0	67.3	39.0	52.4	41.0	58.4	42.0	55.7	43.0	47.5	198.0	55.8	5	100.0
09/30/2006 19:20	37.0	71.1	45.0	56.3	44.0	62.0	39.0	60.4	43.0	52.5	208.0	60.1	5	100.0
09/30/2006 19:25	36.0	74.5	38.0	58.7	44.0	64.8	47.0	62.4	39.0	53.3	204.0	62.6	5	100.0
09/30/2006 19:30	43.0	73.2	44.0	58.4	37.0	64.0	44.0	63.3	47.0	56.2	215.0	62.8	5	100.0
09/30/2006 19:35	33.0	73.9	38.0	58.7	43.0	64.3	44.0	64.6	44.0	58.4	202.0	63.6	5	100.0
09/30/2006 19:40	34.0	73.7	35.0	59.1	40.0	66.3	39.0	63.6	45.0	59.3	193.0	64.1	5	100.0
09/30/2006 19:45	32.0	73.6	39.0	60.6	37.0	65.5	42.0	63.6	37.0	57.4	187.0	63.8	5	100.0
09/30/2006 19:50	39.0	75.2	41.0	61.7	35.0	66.5	41.0	66.1	41.0	58.0	197.0	65.4	5	100.0
09/30/2006 19:55	31.0	74.6	39.0	61.3	39.0	69.7	38.0	65.0	39.0	58.7	186.0	65.5	5	100.0
09/30/2006 20:00	17.0	75.5	21.0	65.3	21.0	71.0	23.0	67.3	26.0	59.2	108.0	67.0	5	100.0
09/30/2006 20:05	29.0	75.3	39.0	69.9	39.0	72.9	42.0	68.4	37.0	60.1	186.0	69.1	5	100.0
09/30/2006 20:10	29.0	75.2	34.0	72.7	38.0	73.3	35.0	66.1	40.0	59.7	176.0	69.0	5	100.0
09/30/2006 20:15	30.0	77.5	37.0	74.1	35.0	74.7	35.0	67.7	38.0	60.2	175.0	70.5	5	100.0
09/30/2006 20:20	32.0	78.1	36.0	75.3	40.0	74.7	40.0	67.3	43.0	60.8	191.0	70.7	5	100.0
09/30/2006 20:25	27.0	78.4	37.0	75.9	35.0	72.2	36.0	66.1	31.0	57.8	166.0	70.0	5	100.0
09/30/2006 20:30	31.0	78.5	37.0	73.8	32.0	72.9	35.0	68.2	35.0	59.1	170.0	70.3	5	100.0
09/30/2006 20:35	29.0	76.8	34.0	73.6	33.0	73.4	32.0	67.5	30.0	60.1	158.0	70.3	5	100.0
09/30/2006 20:40	26.0	76.0	35.0	75.6	36.0	71.2	36.0	69.9	27.0	61.4	160.0	71.0	5	100.0
09/30/2006 20:45	29.0	76.1	36.0	76.5	31.0	71.9	37.0	70.7	36.0	62.1	169.0	71.3	5	100.0
09/30/2006 20:50	26.0	76.8	34.0	74.4	36.0	70.8	37.0	71.1	36.0	61.4	169.0	70.5	5	100.0
09/30/2006 20:55	25.0	75.3	32.0	74.9	35.0	73.0	35.0	72.9	31.0	61.0	158.0	71.4	5	100.0
09/30/2006 21:00	29.0	74.2	38.0	74.3	32.0	73.1	35.0	69.6	30.0	58.4	164.0	70.1	5	100.0
09/30/2006 21:05	29.0	75.5	35.0	74.0	29.0	72.4	31.0	69.6	29.0	60.7	153.0	70.6	5	100.0
09/30/2006 21:10	23.0	75.1	37.0	74.8	35.0	71.1	32.0	68.8	31.0	61.7	158.0	70.2	5	100.0
09/30/2006 21:15	25.0	77.2	30.0	75.3	32.0	69.7	32.0	69.3	33.0	64.2	152.0	70.8	5	100.0
09/30/2006 21:20	23.0	75.4	33.0	76.7	35.0	69.7	36.0	71.8	35.0	65.3	162.0	71.5	5	100.0
09/30/2006 21:25	25.0	76.8	38.0	74.3	35.0	72.1	40.0	72.0	35.0	66.7	173.0	72.1	5	100.0
09/30/2006 21:30	27.0	75.6	35.0	71.2	41.0	71.0	40.0	69.4	29.0	63.6	172.0	70.1	5	100.0
09/30/2006 21:35	25.0	73.3	34.0	70.9	31.0	71.0	32.0	68.2	29.0	63.3	151.0	69.3	5	100.0
09/30/2006 21:40	27.0	76.3	39.0	72.3	34.0	68.9	32.0	70.5	32.0	60.6	164.0	69.6	5	100.0
09/30/2006 21:45	22.0	76.7	29.0	73.4	31.0	72.1	36.0	71.5	29.0	62.2	147.0	70.9	5	100.0
09/30/2006 21:50	29.0	77.2	35.0	72.1	33.0	72.2	34.0	69.2	30.0	65.0	161.0	71.1	5	100.0
09/30/2006 21:55	23.0	75.9	32.0	72.9	32.0	71.1	35.0	69.4	32.0	64.5	154.0	70.4	5	100.0
09/30/2006 22:00	29.0	76.6	35.0	73.9	33.0	71.0	32.0	69.2	29.0	64.8	158.0	71.2	5	100.0
09/30/2006 22:05	25.0	74.1	33.0	70.9	35.0	72.6	33.0	67.5	33.0	63.8	159.0	69.6	5	100.0
09/30/2006 22:10	18.0	76.4	21.0	72.6	22.0	71.5	19.0	64.5	21.0	62.1	101.0	69.3	5	100.0
09/30/2006 22:15	25.0	76.4	29.0	71.6	33.0	70.7	31.0	67.2	31.0	63.0	149.0	69.5	5	100.0
09/30/2006 22:20	28.0	76.3	37.0	71.7	31.0	69.2	30.0	64.7	27.0	58.7	153.0	68.4	5	100.0
09/30/2006 22:25	23.0	76.5	37.0	73.2	31.0	69.9	39.0	65.9	27.0	60.7	157.0	69.1	5	100.0
09/30/2006 22:30	25.0	78.3	33.0	73.0	34.0	71.5	35.0	69.2	31.0	64.1	158.0	70.9	5	100.0
09/30/2006 22:35	19.0	77.6	30.0	74.0	33.0	69.4	32.0	67.8	29.0	65.6	143.0	70.3	5	100.0
09/30/2006 22:40	19.0	78.2	29.0	72.9	27.0	68.6	31.0	66.1	27.0	65.1	133.0	69.6	5	100.0
09/30/2006 22:45	21.0	77.5	29.0	73.5	32.0	71.2	31.0	66.1	33.0	66.1	146.0	70.3	5	100.0
09/30/2006 22:50	27.0	75.7	31.0	72.1	34.0	70.2	31.0	68.0	31.0	63.0	154.0	69.7	5	100.0
09/30/2006 22:55	23.0	76.2	31.0	73.0	30.0	70.8	32.0	67.6	29.0	64.5	145.0	70.2	5	100.0
09/30/2006 23:00	26.0	73.2	32.0	71.1	27.0	66.3	31.0	69.2	22.0	64.0	138.0	69.0	5	100.0
09/30/2006 23:05	22.0	71.5	33.0	72.2	29.0	65.8	29.0	66.4	23.0	61.9	136.0	67.7	5	100.0
09/30/2006 23:10	20.0	73.4	28.0	71.1	27.0	67.5	29.0	65.9	27.0	60.8	131.0	67.4	5	100.0
09/30/2006 23:15	18.0	73.5	28.0	71.2	27.0	68.9	30.0	69.4	27.0	62.0	130.0	68.7	5	100.0
09/30/2006 23:20	19.0	75.4	31.0	72.9	31.0	70.8	29.0	67.9	24.0	62.6	134.0	69.8	5	100.0
09/30/2006 23:25	21.0	76.3	29.0	73.2	23.0	69.9	29.0	65.3	23.0	65.8	125.0	69.9	5	100.0
09/30/2006 23:30	19.0	75.3	27.0	72.2	32.0	67.3	31.0	67.1	27.0	62.3	136.0	68.4	5	100.0
09/30/2006 23:35	18.0	75.0	25.0	72.9	29.0	68.3	29.0	66.3	31.0	62.6	132.0	68.3	5	100.0
09/30/2006 23:40	18.0	74.3	31.0	73.7	27.0	69.8	29.0	66.9	23.0	65.8	128.0	70.0	5	100.0
09/30/2006 23:45	12.0	75.4	23.0	74.4	25.0	70.6	24.0	68.8	22.0	65.2	106.0	70.4	5	100.0
09/30/2006 23:50	17.0	76.8	27.0	75.2	26.0	72.2	23.0	68.0	29.0	66.4	122.0	71.3	5	100.0
09/30/2006 23:55	13.0	77.0	25.0	73.1	25.0	69.5	23.0	65.3	24.0	63.4	110.0	69.0	5	100.0
