5 Minutes	Lane 1 Flow (Veh/5 Minutes)	Lane 1 Occ (%)	Lane 2 Flow (Veh/5 Minutes)	Lane 2 Occ (%)	Lane 3 Flow (Veh/5 Minutes)	Lane 3 Occ (%)	Lane 4 Flow (Veh/5 Minutes)	Lane 4 Occ (%)	Lane 5 Flow (Veh/5 Minutes)	Lane 5 Occ (%)	Flow (Veh/5 Minutes)	Occupancy (%)	# Lane Points	% Observed
09/29/2006 00:00	7.0	0.8	13.0	1.7	13.0	1.9	13.0	2.3	7.0	0.8	53.0	1.5	5	100.0
09/29/2006 00:05	7.0	0.7	15.0	1.9	17.0	2.4	14.0	3.1	11.0	1.7	64.0	1.9	5	100.0
09/29/2006 00:10	6.0	0.7	9.0	1.1	9.0	1.5	9.0	1.3	6.0	0.6	39.0	1.1	5	100.0
09/29/2006 00:15	16.0	2.1	19.0	3.0	17.0	3.5	14.0	3.0	13.0	2.7	79.0	2.9	5	100.0
09/29/2006 00:20	3.0	0.4	13.0	1.7	14.0	2.0	15.0	2.4	7.0	1.4	52.0	1.6	5	100.0
09/29/2006 00:25	6.0	0.7	15.0	2.0	16.0	2.5	13.0	2.9	11.0	2.1	61.0	2.0	5	100.0
09/29/2006 00:30	5.0	0.6	14.0	1.8	11.0	1.7	11.0	2.5	7.0	1.4	48.0	1.6	5	100.0
09/29/2006 00:35	5.0	0.7	12.0	1.5	11.0	1.6	11.0	2.3	6.0	1.3	45.0	1.5	5	100.0
09/29/2006 00:40	6.0	0.7	13.0	1.7	17.0	2.8	12.0	2.1	8.0	1.8	56.0	1.8	5	100.0
09/29/2006 00:45	4.0	0.4	11.0	1.5	13.0	1.9	14.0	2.3	9.0	1.5	51.0	1.5	5	100.0
09/29/2006 00:50	6.0	0.7	10.0	1.1	11.0	1.9	11.0	2.6	9.0	1.2	47.0	1.5	5	100.0
09/29/2006 00:55	1.0	0.1	9.0	0.9	11.0	1.3	9.0	1.8	13.0	2.0	43.0	1.2	5	100.0
09/29/2006 01:00	1.0	0.1	6.0	0.8	8.0	1.0	7.0	1.6	9.0	1.4	31.0	1.0	5	100.0
09/29/2006 01:05	2.0	0.2	6.0	0.7	9.0	0.9	9.0	1.4	11.0	1.7	37.0	1.0	5	100.0
09/29/2006 01:10	1.0	0.1	6.0	0.7	9.0	1.5	7.0	1.4	6.0	1.6	29.0	1.1	5	100.0
09/29/2006 01:15	2.0	0.2	8.0	1.0	7.0	1.1	9.0	1.9	9.0	2.3	35.0	1.3	5	100.0
09/29/2006 01:20	1.0	0.1	5.0	0.5	7.0	1.1	5.0	1.1	7.0	1.1	25.0	0.8	5	100.0
09/29/2006 01:25	0.0	0.0	3.0	0.3	3.0	0.4	6.0	1.9	5.0	0.8	17.0	0.7	5	100.0
09/29/2006 01:30	7.0	0.9	9.0	1.0	7.0	0.9	6.0	0.8	7.0	1.3	36.0	1.0	5	100.0
09/29/2006 01:35	1.0	0.2	8.0	0.9	10.0	1.6	12.0	1.9	9.0	1.5	40.0	1.2	5	100.0
09/29/2006 01:40	1.0	0.1	9.0	1.0	9.0	1.0	9.0	1.7	9.0	1.6	37.0	1.1	5	100.0
09/29/2006 01:45	1.0	0.1	5.0	0.5	7.0	0.9	10.0	1.9	9.0	1.3	32.0	1.0	5	100.0
09/29/2006 01:50	3.0	0.3	8.0	1.0	6.0	1.1	11.0	1.9	9.0	1.3	37.0	1.1	5	100.0
09/29/2006 01:55	2.0	0.2	5.0	0.8	9.0	1.7	11.0	1.7	10.0	1.5	37.0	1.2	5	100.0
09/29/2006 02:00	1.0	0.1	3.0	0.3	5.0	0.5	3.0	0.7	5.0	1.1	17.0	0.5	5	100.0
09/29/2006 02:05	3.0	0.3	4.0	0.5	7.0	0.9	6.0	1.4	4.0	0.9	24.0	0.8	5	100.0
09/29/2006 02:10	1.0	0.1	6.0	0.7	9.0	1.1	5.0	1.0	4.0	0.7	25.0	0.7	5	100.0
09/29/2006 02:15	0.0	0.0	6.0	0.6	6.0	0.9	6.0	1.1	6.0	0.7	24.0	0.7	5	100.0
09/29/2006 02:20	1.0	0.1	4.0	0.5	9.0	1.1	10.0	1.9	5.0	1.9	29.0	1.1	5	100.0
09/29/2006 02:25	1.0	0.1	7.0	0.8	9.0	1.3	9.0	1.7	7.0	1.1	33.0	1.0	5	100.0
09/29/2006 02:30	1.0	0.1	6.0	0.7	7.0	0.9	6.0	1.4	4.0	0.8	24.0	0.8	5	100.0
09/29/2006 02:35	1.0	0.1	6.0	0.7	5.0	0.8	7.0	1.3	5.0	1.2	24.0	0.8	5	100.0
09/29/2006 02:40	1.0	0.1	2.0	0.2	3.0	0.3	5.0	0.9	5.0	1.0	16.0	0.5	5	100.0
09/29/2006 02:45	1.0	0.1	3.0	0.4	5.0	0.6	5.0	1.3	4.0	0.5	18.0	0.6	5	100.0
09/29/2006 02:50	0.0	0.0	5.0	0.7	5.0	0.6	7.0	2.3	6.0	1.2	23.0	1.0	5	100.0
09/29/2006 02:55	2.0	0.2	5.0	0.5	5.0	0.9	5.0	1.1	3.0	0.8	20.0	0.7	5	100.0
09/29/2006 03:00	0.0	0.0	2.0	0.2	3.0	0.5	5.0	1.3	5.0	0.8	15.0	0.6	5	100.0
09/29/2006 03:05	1.0	0.1	3.0	0.5	5.0	0.7	6.0	1.4	5.0	1.1	20.0	0.8	5	100.0
09/29/2006 03:10	0.0	0.0	1.0	0.1	3.0	0.4	5.0	1.0	3.0	0.8	12.0	0.5	5	100.0
09/29/2006 03:15	0.0	0.0	3.0	0.3	3.0	0.5	5.0	1.3	5.0	1.4	16.0	0.7	5	100.0
09/29/2006 03:20	1.0	0.1	2.0	0.2	5.0	0.8	3.0	0.5	4.0	1.1	15.0	0.5	5	100.0
09/29/2006 03:25	1.0	0.1	4.0	0.4	6.0	0.8	6.0	1.2	5.0	0.8	22.0	0.7	5	100.0
09/29/2006 03:30	0.0	0.0	3.0	0.4	5.0	0.7	6.0	1.7	5.0	1.1	19.0	0.8	5	100.0
09/29/2006 03:35	1.0	0.1	3.0	0.3	4.0	0.7	6.0	1.9	5.0	1.2	19.0	0.9	5	100.0
09/29/2006 03:40	1.0	0.1	5.0	0.5	3.0	0.5	5.0	1.3	5.0	1.7	19.0	0.8	5	100.0
09/29/2006 03:45	0.0	0.0	2.0	0.2	4.0	0.4	6.0	1.3	4.0	1.0	16.0	0.6	5	100.0
09/29/2006 03:50	0.0	0.0	3.0	0.4	3.0	0.4	6.0	2.1	3.0	0.7	15.0	0.7	5	100.0
09/29/2006 03:55	1.0	0.1	3.0	0.3	6.0	0.9	7.0	2.0	6.0	1.3	23.0	0.9	5	100.0
09/29/2006 04:00	0.0	0.0	2.0	0.2	4.0	0.6	3.0	0.4	7.0	1.3	16.0	0.5	5	100.0
09/29/2006 04:05	1.0	0.1	4.0	0.4	3.0	0.3	7.0	2.2	5.0	1.2	20.0	0.8	5	100.0
09/29/2006 04:10	1.0	0.1	3.0	0.3	5.0	0.9	5.0	1.9	5.0	1.4	19.0	0.9	5	100.0
09/29/2006 04:15	1.0	0.1	3.0	0.4	6.0	1.1	6.0	1.5	6.0	1.3	22.0	0.9	5	100.0
09/29/2006 04:20	0.0	0.0	6.0	0.6	6.0	1.1	9.0	2.5	8.0	2.3	29.0	1.3	5	100.0
09/29/2006 04:25	0.0	0.0	6.0	0.6	7.0	1.0	9.0	1.9	8.0	1.6	30.0	1.0	5	100.0
09/29/2006 04:30	0.0	0.0	6.0	0.6	4.0	0.9	8.0	2.3	5.0	0.8	23.0	0.9	5	100.0
09/29/2006 04:35	0.0	0.0	3.0	0.4	7.0	1.2	7.0	1.8	9.0	2.3	26.0	1.2	5	100.0
09/29/2006 04:40	1.0	0.1	5.0	0.5	8.0	1.0	9.0	2.2	10.0	2.1	33.0	1.2	5	100.0
09/29/2006 04:45	1.0	0.1	7.0	0.7	9.0	1.6	11.0	2.9	10.0	2.8	38.0	1.6	5	100.0
09/29/2006 04:50	1.0	0.1	9.0	1.1	11.0	1.7	9.0	2.5	9.0	2.3	39.0	1.5	5	100.0
09/29/2006 04:55	1.0	0.1	8.0	1.1	8.0	1.5	11.0	2.1	11.0	1.9	39.0	1.4	5	100.0
09/29/2006 05:00	0.0	0.0	6.0	0.6	7.0	1.3	10.0	3.0	12.0	3.6	35.0	1.7	5	100.0
09/29/2006 05:05	1.0	0.1	4.0	0.6	8.0	1.5	6.0	1.4	8.0	1.6	27.0	1.0	5	100.0
09/29/2006 05:10	1.0	0.1	7.0	1.0	11.0	1.9	12.0	3.1	13.0	2.8	44.0	1.8	5	100.0
09/29/2006 05:15	1.0	0.1	12.0	1.6	12.0	2.1	12.0	3.4	9.0	2.0	46.0	1.8	5	100.0
09/29/2006 05:20	2.0	0.2	13.0	1.7	12.0	2.0	14.0	3.3	14.0	2.4	55.0	1.9	5	100.0
09/29/2006 05:25	0.0	0.0	14.0	1.9	14.0	2.6	14.0	3.1	15.0	3.1	57.0	2.1	5	100.0
09/29/2006 05:30	1.0	0.1	11.0	1.4	13.0	2.3	13.0	2.5	13.0	2.4	51.0	1.7	5	100.0
09/29/2006 05:35	1.0	0.1	21.0	2.8	19.0	3.7	18.0	4.7	19.0	3.6	78.0	3.0	5	100.0
09/29/2006 05:40	2.0	0.2	16.0	2.0	14.0	2.9	17.0	3.3	11.0	2.3	60.0	2.1	5	100.0
09/29/2006 05:45	3.0	0.3	18.0	2.1	21.0	3.0	17.0	3.9	16.0	3.0	75.0	2.5	5	100.0
09/29/2006 05:50	5.0	0.5	24.0	3.0	21.0	3.5	20.0	4.9	20.0	3.7	90.0	3.1	5	100.0
09/29/2006 05:55	2.0	0.2	23.0	2.9	24.0	3.7	18.0	4.2	18.0	3.4	85.0	2.9	5	100.0
09/29/2006 06:00	2.0	0.2	24.0	3.3	21.0	3.7	19.0	3.3	18.0	3.6	84.0	2.8	5	100.0
09/29/2006 06:05	3.0	0.3	24.0	3.1	25.0	3.7	20.0	4.0	18.0	3.8	90.0	3.0	5	100.0
09/29/2006 06:10	2.0	0.2	25.0	3.1	22.0	3.3	21.0	4.5	17.0	3.1	87.0	2.9	5	100.0
09/29/2006 06:15	3.0	0.3	26.0	3.3	33.0	5.2	24.0	5.7	26.0	5.1	112.0	3.9	5	100.0
09/29/2006 06:20	5.0	0.7	33.0	4.3	31.0	5.7	29.0	5.6	27.0	4.9	125.0	4.2	5	100.0
09/29/2006 06:25	5.0	0.5	35.0	4.9	37.0	6.5	31.0	6.1	29.0	5.6	137.0	4.7	5	100.0
09/29/2006 06:30	4.0	0.4	27.0	3.7	32.0	4.9	27.0	5.0	27.0	4.6	117.0	3.7	5	100.0
09/29/2006 06:35	3.0	0.4	30.0	3.9	28.0	4.7	21.0	5.1	26.0	5.3	108.0	3.9	5	100.0
09/29/2006 06:40	4.0	0.4	32.0	4.3	29.0	5.0	25.0	5.2	23.0	4.8	113.0	3.9	5	100.0
09/29/2006 06:45	5.0	0.6	36.0	4.8	32.0	5.5	34.0	7.1	36.0	7.1	143.0	5.0	5	100.0
09/29/2006 06:50	5.0	0.7	41.0	5.7	36.0	6.4	36.0	7.6	35.0	6.0	153.0	5.3	5	100.0
09/29/2006 06:55	10.0	1.2	47.0	6.3	35.0	6.9	38.0	6.4	37.0	6.5	167.0	5.5	5	100.0
09/29/2006 07:00	3.0	0.4	40.0	5.3	36.0	5.9	36.0	6.1	34.0	5.5	149.0	4.6	5	100.0
09/29/2006 07:05	8.0	1.4	41.0	5.3	37.0	6.1	32.0	6.3	33.0	5.7	151.0	4.9	5	100.0
09/29/2006 07:10	4.0	0.5	45.0	5.9	37.0	6.5	32.0	6.5	36.0	6.3	154.0	5.1	5	100.0
09/29/2006 07:15	6.0	1.0	45.0	6.1	40.0	6.5	40.0	6.8	34.0	6.4	165.0	5.4	5	100.0
09/29/2006 07:20	5.0	0.6	49.0	6.6	41.0	6.7	37.0	7.6	41.0	7.3	173.0	5.8	5	100.0
09/29/2006 07:25	11.0	1.6	49.0	6.7	43.0	7.4	41.0	7.3	43.0	6.9	187.0	6.0	5	100.0
09/29/2006 07:30	11.0	1.5	49.0	6.8	38.0	6.4	38.0	7.2	42.0	8.1	178.0	6.0	5	100.0
09/29/2006 07:35	7.0	0.9	53.0	7.6	43.0	7.2	47.0	8.5	47.0	7.9	197.0	6.4	5	100.0
09/29/2006 07:40	10.0	1.3	56.0	8.4	48.0	8.9	44.0	8.9	51.0	10.1	209.0	7.5	5	100.0
09/29/2006 07:45	9.0	1.4	57.0	8.2	45.0	7.8	45.0	9.5	54.0	10.2	210.0	7.4	5	100.0
09/29/2006 07:50	13.0	1.7	58.0	9.3	47.0	9.9	49.0	10.5	57.0	12.2	224.0	8.7	5	100.0
09/29/2006 07:55	6.0	0.7	49.0	6.8	38.0	5.9	41.0	7.3	47.0	8.6	181.0	5.9	5	100.0
09/29/2006 08:00	7.0	0.9	53.0	7.5	43.0	6.9	47.0	9.1	39.0	7.5	189.0	6.4	5	100.0
09/29/2006 08:05	10.0	1.1	51.0	7.5	45.0	7.9	41.0	7.7	53.0	10.0	200.0	6.8	5	100.0
09/29/2006 08:10	8.0	1.1	58.0	8.9	43.0	7.7	47.0	9.0	49.0	10.4	205.0	7.4	5	100.0
09/29/2006 08:15	11.0	1.6	55.0	9.2	44.0	9.5	42.0	10.1	50.0	14.1	202.0	8.9	5	100.0
09/29/2006 08:20	10.0	1.6	51.0	8.3	41.0	9.1	43.0	10.5	56.0	10.9	201.0	8.1	5	100.0
09/29/2006 08:25	9.0	1.3	56.0	8.3	44.0	8.6	43.0	9.5	52.0	10.1	204.0	7.6	5	100.0
09/29/2006 08:30	12.0	1.7	53.0	7.6	43.0	7.9	41.0	8.7	47.0	8.5	196.0	6.9	5	100.0
09/29/2006 08:35	9.0	1.1	59.0	9.1	47.0	9.1	41.0	7.6	51.0	10.3	207.0	7.4	5	100.0
09/29/2006 08:40	8.0	1.1	58.0	9.2	43.0	8.5	46.0	9.9	53.0	10.2	208.0	7.8	5	100.0
09/29/2006 08:45	11.0	1.6	53.0	7.7	44.0	8.4	48.0	9.0	51.0	9.7	207.0	7.3	5	100.0
09/29/2006 08:50	10.0	1.6	51.0	7.3	46.0	8.2	46.0	8.9	54.0	9.7	207.0	7.2	5	100.0
09/29/2006 08:55	6.0	0.7	48.0	6.6	39.0	7.5	34.0	6.9	44.0	8.1	171.0	6.0	5	100.0
09/29/2006 09:00	11.0	1.4	48.0	7.1	41.0	7.7	39.0	7.3	47.0	8.9	186.0	6.5	5	100.0
09/29/2006 09:05	11.0	1.6	60.0	8.7	45.0	8.1	51.0	9.6	55.0	10.7	222.0	7.8	5	100.0
09/29/2006 09:10	8.0	0.9	61.0	8.7	41.0	9.1	45.0	9.6	46.0	9.7	201.0	7.6	5	100.0
09/29/2006 09:15	15.0	1.9	55.0	8.1	42.0	9.0	43.0	9.6	51.0	9.6	206.0	7.6	5	100.0
09/29/2006 09:20	11.0	1.5	54.0	8.3	42.0	7.5	41.0	8.7	50.0	9.6	198.0	7.1	5	100.0
09/29/2006 09:25	16.0	2.3	56.0	8.5	40.0	7.6	41.0	9.2	49.0	9.3	202.0	7.4	5	100.0
09/29/2006 09:30	13.0	1.9	53.0	7.9	46.0	9.1	42.0	9.1	49.0	9.2	203.0	7.4	5	100.0
09/29/2006 09:35	12.0	1.7	51.0	7.7	39.0	8.5	37.0	8.6	43.0	8.6	182.0	7.0	5	100.0
09/29/2006 09:40	10.0	1.4	56.0	8.4	34.0	7.1	35.0	7.6	37.0	7.3	172.0	6.4	5	100.0
09/29/2006 09:45	14.0	2.1	51.0	7.5	35.0	7.1	35.0	7.2	38.0	6.7	173.0	6.1	5	100.0
09/29/2006 09:50	18.0	2.3	59.0	9.4	38.0	8.8	44.0	8.3	49.0	9.8	208.0	7.7	5	100.0
09/29/2006 09:55	29.0	4.7	60.0	11.0	45.0	12.0	39.0	10.7	54.0	13.0	227.0	10.3	5	100.0
09/29/2006 10:00	40.0	5.8	54.0	8.9	41.0	9.5	48.0	10.6	58.0	12.2	241.0	9.4	5	100.0
09/29/2006 10:05	28.0	3.7	45.0	6.5	36.0	8.4	31.0	6.6	41.0	7.4	181.0	6.5	5	100.0
09/29/2006 10:10	25.0	3.4	39.0	5.3	31.0	6.0	31.0	6.3	34.0	6.5	160.0	5.5	5	100.0
09/29/2006 10:15	41.0	6.6	47.0	8.0	35.0	8.9	29.0	6.9	17.0	3.9	169.0	6.9	5	100.0
09/29/2006 10:20	52.0	9.2	46.0	9.3	38.0	12.0	37.0	11.3	38.0	9.9	211.0	10.4	5	100.0
09/29/2006 10:25	43.0	6.8	53.0	9.9	39.0	12.3	39.0	12.5	47.0	15.6	221.0	11.4	5	100.0
09/29/2006 10:30	42.0	8.5	43.0	10.6	37.0	16.7	37.0	17.0	37.0	22.8	196.0	15.1	5	100.0
09/29/2006 10:35	43.0	9.9	41.0	12.0	37.0	16.1	28.0	17.6	35.0	19.3	184.0	15.0	5	100.0
09/29/2006 10:40	54.0	11.3	49.0	11.1	41.0	14.5	39.0	14.0	48.0	15.3	231.0	13.3	5	100.0
09/29/2006 10:45	53.0	10.3	47.0	10.3	43.0	14.3	40.0	13.0	49.0	14.7	232.0	12.5	5	100.0
09/29/2006 10:50	36.0	4.9	44.0	6.4	39.0	7.8	36.0	7.6	46.0	8.1	201.0	7.0	5	100.0
09/29/2006 10:55	30.0	4.1	41.0	5.7	37.0	6.7	39.0	8.3	43.0	7.2	190.0	6.4	5	100.0
09/29/2006 11:00	36.0	4.9	45.0	6.4	40.0	8.1	41.0	8.5	48.0	9.3	210.0	7.5	5	100.0
09/29/2006 11:05	37.0	4.9	48.0	6.8	42.0	8.2	50.0	9.2	45.0	8.8	222.0	7.6	5	100.0
09/29/2006 11:10	40.0	5.4	56.0	8.2	40.0	8.3	52.0	11.4	56.0	9.8	244.0	8.6	5	100.0
09/29/2006 11:15	41.0	5.7	52.0	7.8	39.0	9.0	41.0	9.3	47.0	9.5	220.0	8.3	5	100.0
09/29/2006 11:20	41.0	5.4	47.0	6.9	36.0	7.4	39.0	8.1	49.0	9.4	212.0	7.4	5	100.0
09/29/2006 11:25	46.0	6.3	49.0	7.2	45.0	9.3	41.0	9.5	41.0	7.8	222.0	8.0	5	100.0
09/29/2006 11:30	43.0	6.0	50.0	7.9	45.0	9.1	45.0	10.1	54.0	10.5	237.0	8.7	5	100.0
09/29/2006 11:35	36.0	4.9	42.0	6.2	46.0	10.4	44.0	9.2	48.0	9.2	216.0	8.0	5	100.0
09/29/2006 11:40	41.0	6.1	50.0	7.6	48.0	9.9	51.0	11.6	62.0	12.4	252.0	9.5	5	100.0
09/29/2006 11:45	49.0	6.8	46.0	6.9	43.0	10.0	41.0	8.9	49.0	9.8	228.0	8.5	5	100.0
09/29/2006 11:50	37.0	5.0	44.0	6.4	38.0	8.9	42.0	7.7	47.0	9.1	208.0	7.4	5	100.0
09/29/2006 11:55	43.0	6.1	52.0	7.3	44.0	8.2	42.0	9.2	49.0	10.1	230.0	8.2	5	100.0
09/29/2006 12:00	44.0	5.8	51.0	7.6	46.0	8.6	44.0	9.0	51.0	9.9	236.0	8.2	5	100.0
09/29/2006 12:05	46.0	6.4	50.0	7.4	46.0	10.4	43.0	9.0	53.0	10.3	238.0	8.7	5	100.0
09/29/2006 12:10	49.0	6.7	50.0	7.5	50.0	9.6	46.0	10.7	56.0	11.9	251.0	9.3	5	100.0
09/29/2006 12:15	47.0	6.3	47.0	7.2	47.0	9.7	50.0	10.4	54.0	9.7	245.0	8.7	5	100.0
09/29/2006 12:20	46.0	6.5	44.0	6.8	41.0	8.6	45.0	8.7	55.0	10.4	231.0	8.2	5	100.0
09/29/2006 12:25	38.0	5.1	45.0	6.6	44.0	7.6	44.0	9.6	55.0	10.8	226.0	7.9	5	100.0
09/29/2006 12:30	45.0	6.3	46.0	6.5	41.0	8.0	47.0	8.3	49.0	9.3	228.0	7.7	5	100.0
09/29/2006 12:35	48.0	6.5	57.0	8.5	46.0	8.8	45.0	9.7	51.0	10.4	247.0	8.8	5	100.0
09/29/2006 12:40	43.0	6.3	49.0	7.5	46.0	8.4	51.0	10.0	50.0	8.6	239.0	8.2	5	100.0
09/29/2006 12:45	46.0	6.1	49.0	7.1	44.0	8.8	43.0	8.6	49.0	8.9	231.0	7.9	5	100.0
09/29/2006 12:50	54.0	8.6	56.0	9.4	46.0	10.1	46.0	11.0	49.0	11.8	251.0	10.2	5	100.0
09/29/2006 12:55	52.0	7.6	51.0	7.7	41.0	7.6	46.0	9.4	51.0	10.6	241.0	8.6	5	100.0
09/29/2006 13:00	41.0	5.8	48.0	7.2	46.0	9.0	45.0	8.9	49.0	9.6	229.0	8.1	5	100.0
09/29/2006 13:05	43.0	5.8	47.0	6.7	42.0	8.2	44.0	8.3	49.0	8.9	225.0	7.6	5	100.0
09/29/2006 13:10	37.0	5.0	46.0	6.7	44.0	7.4	41.0	7.4	46.0	8.3	214.0	7.0	5	100.0
09/29/2006 13:15	45.0	6.2	49.0	6.9	39.0	7.2	46.0	8.2	46.0	8.6	225.0	7.4	5	100.0
09/29/2006 13:20	62.0	9.3	59.0	9.6	52.0	10.5	46.0	10.9	54.0	12.3	273.0	10.5	5	100.0
09/29/2006 13:25	52.0	7.7	55.0	8.7	45.0	9.3	39.0	9.6	50.0	12.7	241.0	9.6	5	100.0
09/29/2006 13:30	50.0	7.7	49.0	7.3	48.0	9.0	45.0	8.6	50.0	10.3	242.0	8.6	5	100.0
09/29/2006 13:35	66.0	9.7	61.0	10.0	55.0	12.9	51.0	10.7	54.0	11.3	287.0	10.9	5	100.0
09/29/2006 13:40	57.0	7.8	56.0	8.1	51.0	9.1	55.0	10.1	59.0	11.3	278.0	9.3	5	100.0
09/29/2006 13:45	59.0	8.1	54.0	8.1	48.0	9.7	46.0	8.6	51.0	9.5	258.0	8.8	5	100.0
09/29/2006 13:50	55.0	8.1	57.0	8.5	46.0	8.9	46.0	8.5	47.0	9.2	251.0	8.6	5	100.0
09/29/2006 13:55	54.0	7.7	56.0	8.3	49.0	8.9	50.0	8.6	50.0	9.4	259.0	8.6	5	100.0
09/29/2006 14:00	56.0	8.2	58.0	8.5	52.0	9.6	47.0	9.6	53.0	9.6	266.0	9.1	5	100.0
09/29/2006 14:05	61.0	9.0	57.0	9.0	47.0	9.6	47.0	9.3	47.0	8.1	259.0	9.0	5	100.0
09/29/2006 14:10	64.0	10.7	49.0	8.6	43.0	9.9	42.0	9.1	48.0	10.2	246.0	9.7	5	100.0
09/29/2006 14:15	52.0	11.7	51.0	11.2	42.0	11.8	45.0	10.5	47.0	11.7	237.0	11.4	5	100.0
09/29/2006 14:20	57.0	11.1	54.0	10.6	48.0	11.9	46.0	10.2	46.0	11.6	251.0	11.1	5	100.0
09/29/2006 14:25	53.0	12.0	46.0	10.4	44.0	12.1	42.0	11.2	42.0	11.6	227.0	11.5	5	100.0
09/29/2006 14:30	51.0	13.1	47.0	11.5	41.0	12.1	44.0	11.3	46.0	11.9	229.0	12.0	5	100.0
09/29/2006 14:35	56.0	16.4	50.0	13.3	44.0	13.9	46.0	12.9	44.0	12.4	240.0	13.8	5	100.0
09/29/2006 14:40	59.0	11.9	50.0	10.4	46.0	12.4	47.0	10.4	41.0	9.3	243.0	10.9	5	100.0
09/29/2006 14:45	58.0	10.6	56.0	10.9	46.0	10.6	51.0	11.8	47.0	10.1	258.0	10.8	5	100.0
09/29/2006 14:50	56.0	10.9	52.0	11.0	43.0	11.3	49.0	11.7	41.0	9.9	241.0	11.0	5	100.0
09/29/2006 14:55	53.0	10.7	53.0	11.1	43.0	11.7	43.0	10.9	45.0	10.5	237.0	11.0	5	100.0
09/29/2006 15:00	46.0	8.9	55.0	11.9	47.0	12.3	47.0	12.2	44.0	11.8	239.0	11.4	5	100.0
09/29/2006 15:05	41.0	9.1	48.0	11.3	44.0	12.1	42.0	10.5	43.0	10.5	218.0	10.7	5	100.0
09/29/2006 15:10	44.0	8.6	57.0	12.6	48.0	13.1	50.0	12.3	48.0	11.3	247.0	11.6	5	100.0
09/29/2006 15:15	37.0	6.5	51.0	11.6	41.0	11.8	46.0	11.0	44.0	10.6	219.0	10.3	5	100.0
09/29/2006 15:20	42.0	8.0	57.0	11.8	47.0	11.5	45.0	10.3	46.0	10.8	237.0	10.5	5	100.0
09/29/2006 15:25	38.0	6.3	49.0	10.3	45.0	10.1	43.0	10.2	45.0	9.9	220.0	9.4	5	100.0
09/29/2006 15:30	46.0	8.9	54.0	12.5	51.0	13.9	49.0	11.6	47.0	11.5	247.0	11.7	5	100.0
09/29/2006 15:35	42.0	8.7	49.0	14.9	43.0	13.6	45.0	12.5	42.0	11.2	221.0	12.2	5	100.0
09/29/2006 15:40	41.0	8.1	56.0	12.2	51.0	12.4	51.0	11.7	46.0	10.6	245.0	11.0	5	100.0
09/29/2006 15:45	39.0	6.9	53.0	10.4	45.0	9.9	46.0	10.2	41.0	8.7	224.0	9.2	5	100.0
09/29/2006 15:50	41.0	8.4	38.0	16.4	36.0	14.8	40.0	15.4	43.0	15.3	198.0	14.0	5	100.0
09/29/2006 15:55	40.0	8.0	50.0	10.5	46.0	10.6	41.0	9.9	44.0	10.4	221.0	9.9	5	100.0
09/29/2006 16:00	38.0	8.9	37.0	17.1	31.0	16.0	39.0	16.2	43.0	14.9	188.0	14.6	5	100.0
09/29/2006 16:05	44.0	13.0	44.0	15.2	40.0	16.7	43.0	13.7	46.0	12.8	217.0	14.3	5	100.0
09/29/2006 16:10	41.0	14.0	41.0	12.6	38.0	12.8	41.0	12.1	46.0	12.7	207.0	12.8	5	100.0
09/29/2006 16:15	39.0	9.8	39.0	17.6	36.0	16.1	44.0	13.8	46.0	15.3	204.0	14.5	5	100.0
09/29/2006 16:20	43.0	12.9	39.0	15.2	37.0	13.5	37.0	11.1	44.0	12.3	200.0	13.0	5	100.0
09/29/2006 16:25	41.0	13.5	41.0	18.3	34.0	19.5	37.0	17.6	40.0	20.6	193.0	17.9	5	100.0
09/29/2006 16:30	51.0	13.5	48.0	14.0	40.0	14.1	43.0	13.3	43.0	13.1	225.0	13.6	5	100.0
09/29/2006 16:35	43.0	9.5	55.0	14.0	49.0	14.6	49.0	14.0	48.0	13.2	244.0	13.1	5	100.0
09/29/2006 16:40	45.0	10.6	51.0	13.3	37.0	11.6	46.0	12.9	45.0	13.4	224.0	12.4	5	100.0
09/29/2006 16:45	45.0	9.1	51.0	11.2	45.0	11.7	44.0	10.4	46.0	11.2	231.0	10.7	5	100.0
09/29/2006 16:50	43.0	10.4	48.0	13.6	42.0	13.2	43.0	12.2	43.0	13.2	219.0	12.5	5	100.0
09/29/2006 16:55	47.0	9.7	49.0	11.2	43.0	11.5	43.0	10.3	41.0	9.3	223.0	10.4	5	100.0
09/29/2006 17:00	45.0	14.2	43.0	16.5	37.0	17.3	40.0	18.3	43.0	14.3	208.0	16.1	5	100.0
09/29/2006 17:05	45.0	14.8	46.0	17.0	41.0	17.1	46.0	17.8	46.0	16.5	224.0	16.6	5	100.0
09/29/2006 17:10	45.0	12.8	41.0	15.6	44.0	13.9	43.0	10.7	43.0	10.3	216.0	12.7	5	100.0
09/29/2006 17:15	42.0	9.1	45.0	11.1	43.0	12.0	39.0	10.1	39.0	9.0	208.0	10.3	5	100.0
09/29/2006 17:20	43.0	10.6	43.0	14.2	36.0	14.6	42.0	11.9	45.0	12.4	209.0	12.7	5	100.0
09/29/2006 17:25	43.0	10.5	48.0	12.3	40.0	12.2	45.0	11.5	45.0	11.4	221.0	11.6	5	100.0
09/29/2006 17:30	44.0	12.1	53.0	16.0	46.0	14.3	45.0	14.1	46.0	12.7	234.0	13.9	5	100.0
09/29/2006 17:35	43.0	12.6	45.0	14.8	43.0	14.3	43.0	13.1	45.0	13.3	219.0	13.6	5	100.0
09/29/2006 17:40	43.0	12.5	47.0	15.2	44.0	15.3	43.0	13.5	44.0	12.2	221.0	13.8	5	100.0
09/29/2006 17:45	50.0	11.7	51.0	12.1	46.0	12.5	45.0	12.3	51.0	12.7	243.0	12.3	5	100.0
09/29/2006 17:50	46.0	11.6	49.0	12.7	43.0	12.5	46.0	11.9	47.0	11.1	231.0	12.0	5	100.0
09/29/2006 17:55	43.0	11.0	48.0	12.1	43.0	11.6	42.0	10.4	41.0	9.9	217.0	11.0	5	100.0
09/29/2006 18:00	40.0	11.1	45.0	12.3	44.0	11.8	46.0	12.3	47.0	13.7	222.0	12.2	5	100.0
09/29/2006 18:05	43.0	9.6	46.0	9.9	39.0	10.2	43.0	10.0	43.0	9.9	214.0	9.9	5	100.0
09/29/2006 18:10	39.0	8.3	45.0	10.7	41.0	10.8	41.0	10.1	46.0	11.9	212.0	10.3	5	100.0
09/29/2006 18:15	46.0	9.1	51.0	11.4	46.0	11.3	46.0	10.9	49.0	11.7	238.0	10.9	5	100.0
09/29/2006 18:20	43.0	8.1	54.0	12.3	51.0	12.0	46.0	11.2	50.0	12.8	244.0	11.3	5	100.0
09/29/2006 18:25	36.0	6.6	51.0	11.9	43.0	10.5	43.0	10.6	38.0	9.9	211.0	9.9	5	100.0
09/29/2006 18:30	39.0	8.6	47.0	12.2	41.0	11.1	41.0	12.1	46.0	12.9	214.0	11.4	5	100.0
09/29/2006 18:35	38.0	7.5	46.0	11.3	42.0	10.5	43.0	11.4	45.0	12.1	214.0	10.6	5	100.0
09/29/2006 18:40	39.0	7.5	54.0	11.6	43.0	9.7	37.0	9.3	46.0	10.8	219.0	9.8	5	100.0
09/29/2006 18:45	42.0	7.8	45.0	9.1	41.0	9.5	42.0	9.5	40.0	8.8	210.0	9.0	5	100.0
09/29/2006 18:50	39.0	7.4	50.0	10.3	44.0	9.4	42.0	9.4	44.0	9.4	219.0	9.2	5	100.0
09/29/2006 18:55	44.0	9.5	52.0	11.6	42.0	10.1	44.0	11.0	44.0	11.1	226.0	10.7	5	100.0
09/29/2006 19:00	51.0	11.1	49.0	12.5	39.0	11.1	44.0	11.2	45.0	11.9	228.0	11.6	5	100.0
09/29/2006 19:05	49.0	11.7	47.0	11.5	41.0	10.6	41.0	10.1	47.0	11.7	225.0	11.1	5	100.0
09/29/2006 19:10	51.0	10.5	52.0	10.5	44.0	10.1	44.0	9.5	47.0	9.9	238.0	10.1	5	100.0
09/29/2006 19:15	53.0	11.5	48.0	11.3	43.0	11.9	43.0	11.5	45.0	11.5	232.0	11.5	5	100.0
09/29/2006 19:20	53.0	12.8	48.0	11.9	40.0	11.2	45.0	11.1	46.0	11.5	232.0	11.7	5	100.0
09/29/2006 19:25	49.0	12.9	51.0	13.9	47.0	13.7	42.0	11.7	42.0	12.3	231.0	12.9	5	100.0
09/29/2006 19:30	52.0	12.3	46.0	11.5	45.0	12.7	45.0	12.9	46.0	14.1	234.0	12.7	5	100.0
09/29/2006 19:35	52.0	12.2	50.0	12.1	45.0	12.0	42.0	12.4	51.0	13.9	240.0	12.5	5	100.0
09/29/2006 19:40	56.0	12.9	54.0	12.6	49.0	12.9	46.0	12.3	49.0	13.2	254.0	12.8	5	100.0
09/29/2006 19:45	49.0	9.9	44.0	9.1	41.0	10.1	39.0	9.9	39.0	11.2	212.0	10.0	5	100.0
09/29/2006 19:50	49.0	9.3	47.0	9.3	41.0	8.9	41.0	8.7	42.0	9.7	220.0	9.2	5	100.0
09/29/2006 19:55	51.0	12.7	49.0	13.1	44.0	12.6	43.0	12.4	45.0	12.7	232.0	12.7	5	100.0
09/29/2006 20:00	53.0	11.1	51.0	11.5	45.0	11.7	42.0	10.1	47.0	11.5	238.0	11.2	5	100.0
09/29/2006 20:05	53.0	9.9	48.0	9.7	44.0	10.7	47.0	10.5	47.0	11.6	239.0	10.5	5	100.0
09/29/2006 20:10	51.0	7.9	52.0	8.2	46.0	8.5	42.0	7.7	43.0	7.9	234.0	8.0	5	100.0
09/29/2006 20:15	42.0	5.9	47.0	6.5	41.0	6.5	45.0	7.6	45.0	7.6	220.0	6.8	5	100.0
09/29/2006 20:20	39.0	5.5	39.0	5.7	43.0	6.7	40.0	6.7	39.0	6.9	200.0	6.3	5	100.0
09/29/2006 20:25	44.0	6.1	46.0	6.8	36.0	6.1	44.0	7.6	46.0	8.1	216.0	6.9	5	100.0
09/29/2006 20:30	43.0	5.8	45.0	6.4	42.0	7.3	42.0	7.3	32.0	5.4	204.0	6.4	5	100.0
09/29/2006 20:35	36.0	4.9	42.0	5.7	39.0	5.7	41.0	6.8	36.0	5.9	194.0	5.8	5	100.0
09/29/2006 20:40	36.0	4.8	41.0	5.6	41.0	5.9	39.0	6.7	35.0	5.7	192.0	5.8	5	100.0
09/29/2006 20:45	44.0	6.1	49.0	7.0	44.0	7.1	43.0	7.5	41.0	6.4	221.0	6.8	5	100.0
09/29/2006 20:50	39.0	5.2	50.0	6.8	44.0	6.4	36.0	6.0	41.0	6.4	210.0	6.2	5	100.0
09/29/2006 20:55	19.0	2.6	21.0	2.8	19.0	3.0	17.0	2.6	23.0	3.6	99.0	2.9	5	100.0
09/29/2006 21:00	33.0	4.2	35.0	4.7	34.0	4.9	33.0	5.2	29.0	5.1	164.0	4.8	5	100.0
09/29/2006 21:05	33.0	4.3	36.0	4.7	38.0	5.3	39.0	6.1	36.0	5.9	182.0	5.3	5	100.0
09/29/2006 21:10	21.0	2.7	27.0	3.5	24.0	3.6	25.0	4.1	24.0	4.0	121.0	3.6	5	100.0
09/29/2006 21:15	28.0	3.9	37.0	5.1	40.0	5.9	41.0	6.1	35.0	5.6	181.0	5.3	5	100.0
09/29/2006 21:20	39.0	5.1	39.0	5.3	38.0	5.5	39.0	6.0	31.0	4.9	186.0	5.3	5	100.0
09/29/2006 21:25	26.0	3.3	33.0	4.5	35.0	5.1	38.0	6.1	31.0	5.6	163.0	4.9	5	100.0
09/29/2006 21:30	21.0	2.7	30.0	4.0	36.0	5.1	31.0	4.8	33.0	5.5	151.0	4.4	5	100.0
09/29/2006 21:35	24.0	2.9	35.0	4.6	34.0	5.1	28.0	4.9	31.0	4.8	152.0	4.5	5	100.0
09/29/2006 21:40	36.0	4.7	39.0	5.1	36.0	5.1	31.0	5.3	31.0	4.9	173.0	5.0	5	100.0
09/29/2006 21:45	23.0	2.9	33.0	4.2	35.0	5.5	35.0	5.9	31.0	5.1	157.0	4.7	5	100.0
09/29/2006 21:50	31.0	4.1	30.0	4.1	37.0	5.1	36.0	5.7	37.0	5.9	171.0	5.0	5	100.0
09/29/2006 21:55	29.0	3.8	38.0	5.1	31.0	4.9	36.0	5.2	31.0	5.4	165.0	4.9	5	100.0
09/29/2006 22:00	27.0	3.5	31.0	4.1	31.0	4.7	28.0	4.4	33.0	5.1	150.0	4.4	5	100.0
09/29/2006 22:05	29.0	3.9	31.0	4.1	33.0	5.1	33.0	5.3	33.0	5.5	159.0	4.8	5	100.0
09/29/2006 22:10	26.0	3.5	33.0	4.5	29.0	4.5	35.0	5.1	27.0	4.5	150.0	4.4	5	100.0
09/29/2006 22:15	27.0	3.6	33.0	4.7	32.0	4.9	27.0	4.8	31.0	4.9	150.0	4.6	5	100.0
09/29/2006 22:20	25.0	3.3	33.0	4.4	34.0	4.7	29.0	4.5	28.0	4.4	149.0	4.3	5	100.0
09/29/2006 22:25	27.0	3.4	35.0	4.6	33.0	5.2	38.0	6.0	27.0	4.5	160.0	4.7	5	100.0
09/29/2006 22:30	27.0	3.6	34.0	4.7	34.0	4.9	31.0	5.2	29.0	5.1	155.0	4.7	5	100.0
09/29/2006 22:35	27.0	3.5	35.0	4.6	33.0	4.9	36.0	5.4	31.0	4.8	162.0	4.6	5	100.0
09/29/2006 22:40	25.0	3.3	34.0	4.4	33.0	5.6	31.0	5.0	29.0	5.0	152.0	4.7	5	100.0
09/29/2006 22:45	29.0	4.1	37.0	5.1	36.0	5.5	36.0	5.7	38.0	6.1	176.0	5.3	5	100.0
09/29/2006 22:50	34.0	4.5	37.0	5.1	33.0	4.9	31.0	5.0	25.0	4.0	160.0	4.7	5	100.0
09/29/2006 22:55	24.0	3.2	31.0	4.5	30.0	4.4	30.0	4.4	27.0	3.9	142.0	4.1	5	100.0
09/29/2006 23:00	31.0	4.0	33.0	4.7	33.0	4.9	29.0	5.1	32.0	5.1	158.0	4.8	5	100.0
09/29/2006 23:05	33.0	4.3	35.0	4.6	33.0	4.9	29.0	5.1	24.0	3.7	154.0	4.5	5	100.0
09/29/2006 23:10	31.0	4.1	34.0	4.7	31.0	4.7	31.0	5.1	29.0	4.5	156.0	4.6	5	100.0
09/29/2006 23:15	34.0	4.5	37.0	4.9	39.0	5.4	34.0	5.7	32.0	5.0	176.0	5.1	5	100.0
09/29/2006 23:20	22.0	2.9	31.0	3.9	31.0	4.1	26.0	4.5	26.0	4.1	136.0	3.9	5	100.0
09/29/2006 23:25	25.0	3.3	33.0	4.3	28.0	4.3	28.0	4.8	27.0	4.8	141.0	4.3	5	100.0
09/29/2006 23:30	19.0	2.2	30.0	3.8	27.0	3.7	31.0	4.7	29.0	4.7	136.0	3.8	5	100.0
09/29/2006 23:35	20.0	2.5	31.0	4.1	27.0	3.7	30.0	4.9	29.0	4.5	137.0	3.9	5	100.0
09/29/2006 23:40	11.0	1.4	16.0	2.1	15.0	2.2	15.0	2.1	14.0	1.8	71.0	1.9	5	100.0
09/29/2006 23:45	15.0	1.9	22.0	2.8	21.0	2.9	23.0	3.6	26.0	4.1	107.0	3.0	5	100.0
09/29/2006 23:50	21.0	2.6	27.0	3.7	25.0	3.7	30.0	4.9	21.0	3.3	124.0	3.6	5	100.0
09/29/2006 23:55	17.0	1.9	24.0	3.1	25.0	3.3	21.0	3.5	22.0	3.6	109.0	3.1	5	100.0
09/30/2006 00:00	13.0	1.6	21.0	2.7	23.0	3.3	25.0	3.6	22.0	3.3	104.0	2.9	5	100.0
09/30/2006 00:05	11.0	1.3	26.0	3.4	26.0	3.6	22.0	3.4	21.0	3.1	106.0	3.0	5	100.0
09/30/2006 00:10	11.0	1.4	22.0	2.9	21.0	2.6	14.0	2.6	18.0	2.9	86.0	2.5	5	100.0
09/30/2006 00:15	8.0	0.9	16.0	2.1	13.0	1.9	13.0	2.1	12.0	1.7	62.0	1.8	5	100.0
09/30/2006 00:20	13.0	1.5	23.0	2.9	22.0	3.1	17.0	3.3	16.0	2.5	91.0	2.7	5	100.0
09/30/2006 00:25	10.0	1.3	20.0	2.6	17.0	2.6	15.0	2.1	15.0	2.6	77.0	2.3	5	100.0
09/30/2006 00:30	14.0	1.6	18.0	2.3	22.0	3.3	22.0	3.8	19.0	2.8	95.0	2.8	5	100.0
09/30/2006 00:35	5.0	0.5	16.0	2.1	17.0	2.7	17.0	3.3	19.0	2.7	74.0	2.3	5	100.0
09/30/2006 00:40	11.0	1.4	19.0	2.4	17.0	2.3	20.0	3.2	14.0	2.1	81.0	2.3	5	100.0
09/30/2006 00:45	6.0	0.8	15.0	2.1	18.0	2.6	17.0	3.1	14.0	2.1	70.0	2.2	5	100.0
09/30/2006 00:50	4.0	0.4	16.0	2.1	15.0	2.1	16.0	2.6	21.0	3.6	72.0	2.2	5	100.0
09/30/2006 00:55	7.0	0.7	14.0	1.8	16.0	2.1	19.0	3.3	15.0	3.0	71.0	2.2	5	100.0
09/30/2006 01:00	7.0	0.8	12.0	1.9	17.0	2.2	15.0	3.1	14.0	2.1	65.0	2.0	5	100.0
09/30/2006 01:05	7.0	0.7	15.0	1.9	17.0	2.3	13.0	2.2	11.0	1.7	63.0	1.8	5	100.0
09/30/2006 01:10	5.0	0.7	12.0	3.1	15.0	1.9	12.0	1.9	11.0	1.8	55.0	1.9	5	100.0
09/30/2006 01:15	7.0	0.8	15.0	1.9	13.0	1.8	11.0	2.3	11.0	1.7	57.0	1.7	5	100.0
09/30/2006 01:20	7.0	0.8	14.0	1.6	14.0	2.2	12.0	2.5	10.0	2.1	57.0	1.8	5	100.0
09/30/2006 01:25	5.0	2.5	11.0	3.7	13.0	4.3	13.0	4.5	13.0	3.9	55.0	3.8	5	100.0
09/30/2006 01:30	6.0	0.7	14.0	1.8	15.0	2.1	17.0	3.1	12.0	2.0	64.0	1.9	5	100.0
09/30/2006 01:35	3.0	0.3	10.0	1.1	14.0	1.7	12.0	2.4	11.0	1.6	50.0	1.4	5	100.0
09/30/2006 01:40	6.0	0.6	17.0	1.9	14.0	1.9	14.0	2.2	8.0	1.1	59.0	1.5	5	100.0
09/30/2006 01:45	4.0	0.5	9.0	0.9	12.0	1.5	17.0	2.1	11.0	1.9	53.0	1.4	5	100.0
09/30/2006 01:50	6.0	0.8	14.0	2.0	16.0	1.9	17.0	2.6	15.0	2.1	68.0	1.9	5	100.0
09/30/2006 01:55	5.0	0.5	13.0	1.4	15.0	2.3	15.0	2.6	9.0	1.5	57.0	1.7	5	100.0
09/30/2006 02:00	8.0	0.9	11.0	1.2	16.0	2.4	16.0	2.6	15.0	2.2	66.0	1.9	5	100.0
09/30/2006 02:05	5.0	0.5	16.0	1.9	14.0	2.4	15.0	3.1	11.0	1.7	61.0	1.9	5	100.0
09/30/2006 02:10	6.0	0.6	15.0	1.8	16.0	2.4	11.0	2.1	13.0	1.9	61.0	1.8	5	100.0
09/30/2006 02:15	2.0	0.2	10.0	1.2	7.0	1.1	9.0	1.3	6.0	1.0	34.0	1.0	5	100.0
09/30/2006 02:20	9.0	0.9	14.0	1.4	13.0	1.6	16.0	2.5	16.0	2.4	68.0	1.8	5	100.0
09/30/2006 02:25	9.0	1.1	16.0	1.7	16.0	2.3	17.0	3.1	10.0	1.7	68.0	2.0	5	100.0
09/30/2006 02:30	4.0	0.4	15.0	1.7	12.0	1.5	10.0	1.7	12.0	2.0	53.0	1.5	5	100.0
09/30/2006 02:35	6.0	0.6	11.0	1.4	9.0	1.1	13.0	2.8	7.0	1.1	46.0	1.4	5	100.0
09/30/2006 02:40	5.0	0.7	12.0	1.3	11.0	1.5	13.0	2.1	8.0	1.3	49.0	1.4	5	100.0
09/30/2006 02:45	4.0	0.4	11.0	1.2	9.0	1.0	12.0	2.7	5.0	0.8	41.0	1.2	5	100.0
09/30/2006 02:50	3.0	0.3	11.0	1.2	9.0	1.2	10.0	1.2	9.0	1.6	42.0	1.1	5	100.0
09/30/2006 02:55	3.0	0.3	5.0	0.5	6.0	0.7	5.0	0.9	4.0	0.9	23.0	0.6	5	100.0
09/30/2006 03:00	3.0	0.4	6.0	0.8	9.0	1.2	13.0	1.9	6.0	1.1	37.0	1.1	5	100.0
09/30/2006 03:05	1.0	0.1	7.0	0.8	9.0	1.1	8.0	1.2	9.0	1.4	34.0	0.9	5	100.0
09/30/2006 03:10	4.0	0.4	10.0	1.2	7.0	0.8	9.0	1.4	8.0	1.4	38.0	1.0	5	100.0
09/30/2006 03:15	2.0	0.2	9.0	0.9	10.0	1.5	9.0	2.0	6.0	0.8	36.0	1.1	5	100.0
09/30/2006 03:20	1.0	0.1	7.0	0.8	9.0	1.1	9.0	1.2	6.0	0.9	32.0	0.8	5	100.0
09/30/2006 03:25	1.0	0.1	7.0	0.8	6.0	0.8	5.0	0.9	4.0	0.5	23.0	0.6	5	100.0
09/30/2006 03:30	0.0	0.0	5.0	0.6	7.0	0.9	10.0	1.9	6.0	1.1	28.0	0.9	5	100.0
09/30/2006 03:35	2.0	0.2	5.0	0.5	2.0	0.4	4.0	1.0	3.0	0.4	16.0	0.5	5	100.0
09/30/2006 03:40	1.0	0.1	4.0	0.4	7.0	0.9	5.0	0.8	5.0	0.9	22.0	0.6	5	100.0
09/30/2006 03:45	2.0	0.2	8.0	0.8	4.0	0.4	8.0	1.5	7.0	1.4	29.0	0.8	5	100.0
09/30/2006 03:50	0.0	0.0	6.0	0.6	7.0	1.0	8.0	1.6	7.0	1.6	28.0	1.0	5	100.0
09/30/2006 03:55	1.0	0.1	4.0	0.4	4.0	0.5	6.0	0.9	4.0	0.4	19.0	0.4	5	100.0
09/30/2006 04:00	1.0	0.1	4.0	0.5	5.0	0.7	5.0	0.9	5.0	0.7	20.0	0.6	5	100.0
09/30/2006 04:05	0.0	0.0	4.0	0.5	3.0	0.5	8.0	1.2	5.0	1.1	20.0	0.7	5	100.0
09/30/2006 04:10	0.0	0.0	3.0	0.3	6.0	1.1	5.0	1.1	8.0	1.1	22.0	0.7	5	100.0
09/30/2006 04:15	0.0	0.0	1.0	0.1	2.0	0.2	4.0	0.7	1.0	0.2	8.0	0.2	5	100.0
09/30/2006 04:20	1.0	0.1	2.0	0.2	5.0	0.6	6.0	0.8	5.0	0.8	19.0	0.5	5	100.0
09/30/2006 04:25	0.0	0.0	5.0	0.6	7.0	0.9	5.0	1.2	4.0	0.7	21.0	0.7	5	100.0
09/30/2006 04:30	0.0	0.0	4.0	0.5	7.0	0.9	11.0	2.1	7.0	0.9	29.0	0.9	5	100.0
09/30/2006 04:35	1.0	0.1	3.0	0.4	5.0	0.8	9.0	2.0	8.0	1.7	26.0	1.0	5	100.0
09/30/2006 04:40	0.0	0.0	4.0	0.4	5.0	0.5	3.0	0.4	3.0	0.3	15.0	0.3	5	100.0
09/30/2006 04:45	1.0	0.1	3.0	0.4	7.0	1.2	5.0	1.2	7.0	1.3	23.0	0.8	5	100.0
09/30/2006 04:50	1.0	0.1	5.0	0.5	6.0	1.1	5.0	1.7	6.0	1.3	23.0	0.9	5	100.0
09/30/2006 04:55	0.0	0.0	4.0	0.4	6.0	1.0	8.0	1.5	5.0	1.6	23.0	0.9	5	100.0
09/30/2006 05:00	1.0	0.1	3.0	0.3	5.0	0.7	5.0	1.4	6.0	0.9	20.0	0.7	5	100.0
09/30/2006 05:05	0.0	0.0	6.0	0.7	5.0	0.6	7.0	1.4	5.0	0.8	23.0	0.7	5	100.0
09/30/2006 05:10	1.0	0.1	7.0	0.8	7.0	0.9	8.0	1.6	3.0	0.4	26.0	0.8	5	100.0
09/30/2006 05:15	1.0	0.1	8.0	0.9	11.0	1.5	10.0	1.5	4.0	0.8	34.0	0.9	5	100.0
09/30/2006 05:20	1.0	0.1	7.0	0.7	6.0	0.9	10.0	2.5	4.0	0.9	28.0	1.0	5	100.0
09/30/2006 05:25	0.0	0.0	5.0	0.5	7.0	0.9	10.0	2.1	7.0	0.9	29.0	0.9	5	100.0
09/30/2006 05:30	1.0	0.1	7.0	0.7	14.0	1.9	11.0	1.9	8.0	1.4	41.0	1.2	5	100.0
09/30/2006 05:35	3.0	0.3	8.0	1.1	8.0	1.4	8.0	1.7	7.0	1.1	34.0	1.1	5	100.0
09/30/2006 05:40	1.0	0.1	5.0	0.6	8.0	1.6	12.0	1.8	8.0	1.5	34.0	1.1	5	100.0
09/30/2006 05:45	4.0	0.5	11.0	1.4	13.0	2.0	13.0	2.7	9.0	1.7	50.0	1.7	5	100.0
09/30/2006 05:50	1.0	0.1	15.0	1.9	13.0	2.1	11.0	2.6	12.0	1.8	52.0	1.7	5	100.0
09/30/2006 05:55	3.0	0.3	11.0	1.4	13.0	1.7	14.0	2.9	9.0	1.5	50.0	1.6	5	100.0
09/30/2006 06:00	5.0	0.5	11.0	1.2	11.0	1.5	10.0	1.9	9.0	1.5	46.0	1.3	5	100.0
09/30/2006 06:05	2.0	0.2	12.0	1.6	9.0	1.2	14.0	2.3	8.0	1.5	45.0	1.4	5	100.0
09/30/2006 06:10	1.0	0.1	12.0	1.3	14.0	2.2	11.0	2.2	11.0	1.8	49.0	1.5	5	100.0
09/30/2006 06:15	4.0	0.4	14.0	1.9	15.0	1.9	11.0	2.8	9.0	1.5	53.0	1.7	5	100.0
09/30/2006 06:20	5.0	0.5	13.0	1.7	17.0	2.5	15.0	3.0	11.0	2.3	61.0	2.0	5	100.0
09/30/2006 06:25	5.0	0.6	15.0	1.9	16.0	2.1	14.0	2.8	11.0	2.1	61.0	1.9	5	100.0
09/30/2006 06:30	6.0	0.6	17.0	2.1	17.0	2.7	16.0	2.8	9.0	1.5	65.0	1.9	5	100.0
09/30/2006 06:35	5.0	0.6	12.0	1.5	15.0	2.2	13.0	1.9	13.0	1.9	58.0	1.6	5	100.0
09/30/2006 06:40	5.0	0.6	15.0	1.8	19.0	2.5	16.0	2.5	12.0	2.1	67.0	1.9	5	100.0
09/30/2006 06:45	5.0	0.5	19.0	2.3	20.0	2.6	14.0	2.3	14.0	2.9	72.0	2.1	5	100.0
09/30/2006 06:50	2.0	0.3	21.0	2.7	18.0	2.5	20.0	3.6	16.0	2.3	77.0	2.3	5	100.0
09/30/2006 06:55	9.0	1.0	19.0	2.4	19.0	2.7	15.0	2.7	11.0	2.3	73.0	2.2	5	100.0
09/30/2006 07:00	11.0	1.4	21.0	2.9	20.0	2.9	18.0	3.4	13.0	2.3	83.0	2.6	5	100.0
09/30/2006 07:05	11.0	1.2	22.0	2.8	19.0	2.9	16.0	2.5	12.0	1.8	80.0	2.2	5	100.0
09/30/2006 07:10	12.0	1.5	22.0	2.9	20.0	3.2	19.0	3.1	16.0	2.3	89.0	2.6	5	100.0
09/30/2006 07:15	14.0	1.5	23.0	2.7	20.0	2.7	21.0	3.1	13.0	2.1	91.0	2.4	5	100.0
09/30/2006 07:20	11.0	1.5	19.0	2.5	20.0	2.8	18.0	3.1	15.0	2.5	83.0	2.5	5	100.0
09/30/2006 07:25	13.0	1.5	27.0	3.6	24.0	4.4	21.0	3.5	16.0	2.9	101.0	3.2	5	100.0
09/30/2006 07:30	20.0	2.8	24.0	3.1	25.0	3.9	21.0	3.6	20.0	2.9	110.0	3.2	5	100.0
09/30/2006 07:35	13.0	1.6	29.0	3.6	25.0	3.6	20.0	3.1	23.0	3.5	110.0	3.1	5	100.0
09/30/2006 07:40	19.0	2.5	27.0	3.9	31.0	4.4	21.0	3.7	22.0	3.3	120.0	3.6	5	100.0
09/30/2006 07:45	21.0	2.7	38.0	5.0	26.0	3.7	28.0	4.3	26.0	4.7	139.0	4.1	5	100.0
09/30/2006 07:50	19.0	2.5	33.0	4.3	27.0	3.9	27.0	4.7	25.0	3.7	131.0	3.8	5	100.0
09/30/2006 07:55	23.0	2.8	29.0	3.7	33.0	4.3	30.0	5.0	27.0	4.1	142.0	4.0	5	100.0
09/30/2006 08:00	20.0	2.5	33.0	4.4	29.0	4.6	27.0	4.9	35.0	5.9	144.0	4.5	5	100.0
09/30/2006 08:05	21.0	2.7	31.0	4.2	31.0	4.4	28.0	4.4	30.0	4.8	141.0	4.1	5	100.0
09/30/2006 08:10	20.0	2.4	30.0	3.8	29.0	4.3	24.0	3.3	29.0	4.9	132.0	3.8	5	100.0
09/30/2006 08:15	23.0	3.0	34.0	4.5	31.0	4.7	29.0	4.5	30.0	4.9	147.0	4.3	5	100.0
09/30/2006 08:20	23.0	3.1	38.0	4.9	34.0	5.1	31.0	5.2	31.0	5.3	157.0	4.7	5	100.0
09/30/2006 08:25	20.0	2.6	33.0	4.9	33.0	4.5	32.0	5.0	32.0	5.4	150.0	4.5	5	100.0
09/30/2006 08:30	23.0	3.1	38.0	5.3	29.0	4.5	39.0	5.8	37.0	6.4	166.0	5.0	5	100.0
09/30/2006 08:35	31.0	3.9	38.0	5.1	31.0	4.7	31.0	4.6	33.0	5.1	164.0	4.7	5	100.0
09/30/2006 08:40	29.0	3.5	37.0	5.0	32.0	4.7	40.0	5.8	37.0	6.1	175.0	5.0	5	100.0
09/30/2006 08:45	21.0	2.6	30.0	4.1	28.0	4.1	26.0	4.6	30.0	5.2	135.0	4.1	5	100.0
09/30/2006 08:50	31.0	4.0	42.0	5.4	35.0	5.6	39.0	6.7	45.0	7.1	192.0	5.8	5	100.0
09/30/2006 08:55	31.0	4.3	43.0	5.8	39.0	6.1	42.0	6.8	41.0	6.7	196.0	5.9	5	100.0
09/30/2006 09:00	33.0	4.1	43.0	5.6	38.0	5.8	40.0	6.6	39.0	6.0	193.0	5.6	5	100.0
09/30/2006 09:05	29.0	3.7	41.0	5.4	34.0	5.3	37.0	6.0	31.0	5.3	172.0	5.2	5	100.0
09/30/2006 09:10	25.0	3.0	32.0	4.2	31.0	4.4	32.0	5.4	34.0	5.4	154.0	4.5	5	100.0
09/30/2006 09:15	36.0	4.7	49.0	6.5	45.0	6.7	36.0	6.1	35.0	5.8	201.0	6.0	5	100.0
09/30/2006 09:20	35.0	4.5	40.0	5.5	41.0	5.8	41.0	6.1	41.0	6.7	198.0	5.7	5	100.0
09/30/2006 09:25	37.0	4.8	46.0	6.3	37.0	5.6	42.0	6.5	42.0	7.1	204.0	6.1	5	100.0
09/30/2006 09:30	41.0	5.5	54.0	7.5	47.0	7.5	44.0	7.8	51.0	8.4	237.0	7.3	5	100.0
09/30/2006 09:35	36.0	4.4	44.0	5.8	41.0	6.6	39.0	6.3	42.0	6.8	202.0	6.0	5	100.0
09/30/2006 09:40	42.0	5.7	42.0	6.1	48.0	7.4	38.0	6.7	45.0	8.1	215.0	6.8	5	100.0
09/30/2006 09:45	43.0	5.5	43.0	5.8	45.0	6.3	43.0	6.3	47.0	7.5	221.0	6.3	5	100.0
09/30/2006 09:50	47.0	6.1	44.0	5.9	44.0	6.5	41.0	6.8	47.0	7.9	223.0	6.6	5	100.0
09/30/2006 09:55	25.0	3.2	27.0	3.7	28.0	4.5	27.0	4.5	31.0	5.5	138.0	4.3	5	100.0
09/30/2006 10:00	36.0	4.5	45.0	6.4	41.0	5.9	44.0	6.7	40.0	6.3	206.0	6.0	5	100.0
09/30/2006 10:05	36.0	4.6	43.0	5.9	39.0	6.3	41.0	6.5	49.0	7.8	208.0	6.2	5	100.0
09/30/2006 10:10	41.0	5.5	49.0	6.8	41.0	6.3	42.0	6.9	49.0	7.9	222.0	6.7	5	100.0
09/30/2006 10:15	42.0	5.7	49.0	6.9	43.0	6.9	39.0	6.4	43.0	7.0	216.0	6.6	5	100.0
09/30/2006 10:20	40.0	5.3	48.0	6.7	45.0	6.7	46.0	7.7	47.0	8.3	226.0	7.0	5	100.0
09/30/2006 10:25	36.0	4.7	49.0	6.8	43.0	6.5	40.0	5.9	50.0	8.6	218.0	6.5	5	100.0
09/30/2006 10:30	43.0	5.9	45.0	6.3	41.0	6.3	43.0	7.2	48.0	8.4	220.0	6.8	5	100.0
09/30/2006 10:35	44.0	6.1	46.0	6.5	46.0	7.8	42.0	7.4	47.0	8.6	225.0	7.3	5	100.0
09/30/2006 10:40	45.0	6.1	49.0	7.1	47.0	7.6	46.0	8.2	60.0	11.2	247.0	8.0	5	100.0
09/30/2006 10:45	47.0	6.2	46.0	6.5	51.0	7.7	45.0	7.3	48.0	8.2	237.0	7.2	5	100.0
09/30/2006 10:50	52.0	7.2	53.0	7.3	42.0	7.0	47.0	7.7	57.0	10.3	251.0	7.9	5	100.0
09/30/2006 10:55	49.0	6.8	47.0	6.9	52.0	8.2	50.0	8.7	53.0	9.7	251.0	8.0	5	100.0
09/30/2006 11:00	45.0	6.4	54.0	7.8	49.0	8.2	51.0	9.1	51.0	10.4	250.0	8.4	5	100.0
09/30/2006 11:05	44.0	5.9	51.0	6.8	49.0	7.7	44.0	7.4	54.0	9.2	242.0	7.4	5	100.0
09/30/2006 11:10	37.0	4.7	50.0	6.8	47.0	7.1	47.0	7.2	47.0	8.7	228.0	6.9	5	100.0
09/30/2006 11:15	45.0	6.3	48.0	7.1	45.0	7.7	44.0	8.1	49.0	9.0	231.0	7.7	5	100.0
09/30/2006 11:20	56.0	7.7	62.0	9.2	51.0	9.4	51.0	9.9	56.0	11.6	276.0	9.6	5	100.0
09/30/2006 11:25	59.0	8.1	58.0	8.9	49.0	8.4	45.0	8.2	54.0	11.1	265.0	8.9	5	100.0
09/30/2006 11:30	55.0	7.7	54.0	8.2	45.0	8.1	43.0	7.9	54.0	10.9	251.0	8.6	5	100.0
09/30/2006 11:35	51.0	7.1	53.0	7.8	51.0	8.3	47.0	8.8	56.0	10.9	258.0	8.6	5	100.0
09/30/2006 11:40	41.0	5.5	49.0	6.7	47.0	7.1	46.0	7.3	52.0	9.8	235.0	7.3	5	100.0
09/30/2006 11:45	53.0	7.3	50.0	7.3	47.0	7.2	47.0	8.2	58.0	10.6	255.0	8.1	5	100.0
09/30/2006 11:50	52.0	7.0	50.0	7.4	46.0	7.4	43.0	7.9	56.0	10.4	247.0	8.0	5	100.0
09/30/2006 11:55	37.0	5.0	41.0	5.8	40.0	5.8	37.0	6.3	43.0	7.7	198.0	6.1	5	100.0
09/30/2006 12:00	37.0	6.5	35.0	6.7	33.0	6.3	27.0	5.6	32.0	7.7	164.0	6.6	5	100.0
09/30/2006 12:05	46.0	6.6	55.0	8.7	45.0	7.9	49.0	9.2	51.0	10.7	246.0	8.6	5	100.0
09/30/2006 12:10	43.0	5.7	49.0	6.9	51.0	7.6	45.0	7.7	50.0	8.5	238.0	7.3	5	100.0
09/30/2006 12:15	46.0	6.6	50.0	6.9	45.0	7.2	48.0	8.0	50.0	8.5	239.0	7.5	5	100.0
09/30/2006 12:20	51.0	7.1	50.0	7.1	46.0	7.4	54.0	9.0	55.0	9.7	256.0	8.1	5	100.0
09/30/2006 12:25	48.0	6.7	49.0	6.9	46.0	7.1	44.0	7.2	49.0	8.6	236.0	7.3	5	100.0
09/30/2006 12:30	46.0	6.3	49.0	6.8	48.0	7.5	46.0	8.8	49.0	8.9	238.0	7.7	5	100.0
09/30/2006 12:35	43.0	5.6	44.0	6.3	50.0	7.7	45.0	7.5	45.0	7.9	227.0	7.0	5	100.0
09/30/2006 12:40	37.0	4.9	49.0	6.9	45.0	6.9	44.0	7.6	45.0	8.0	220.0	6.9	5	100.0
09/30/2006 12:45	44.0	6.2	50.0	6.7	46.0	6.7	46.0	7.3	50.0	8.4	236.0	7.1	5	100.0
09/30/2006 12:50	43.0	5.9	50.0	7.2	46.0	7.1	41.0	7.5	47.0	8.7	227.0	7.3	5	100.0
09/30/2006 12:55	52.0	7.5	51.0	7.6	56.0	9.2	51.0	9.1	52.0	10.1	262.0	8.7	5	100.0
09/30/2006 13:00	47.0	6.5	49.0	7.0	43.0	7.2	44.0	7.7	46.0	8.0	229.0	7.3	5	100.0
09/30/2006 13:05	47.0	6.3	49.0	7.1	45.0	7.1	40.0	6.3	47.0	7.9	228.0	7.0	5	100.0
09/30/2006 13:10	49.0	6.8	44.0	6.3	44.0	6.8	46.0	7.6	53.0	9.3	236.0	7.3	5	100.0
09/30/2006 13:15	44.0	6.1	50.0	7.2	47.0	7.9	45.0	7.8	47.0	8.3	233.0	7.5	5	100.0
09/30/2006 13:20	51.0	7.1	48.0	7.3	51.0	8.7	43.0	8.1	49.0	9.3	242.0	8.1	5	100.0
09/30/2006 13:25	40.0	5.7	51.0	7.1	52.0	7.8	45.0	7.7	45.0	7.8	233.0	7.2	5	100.0
09/30/2006 13:30	45.0	5.8	47.0	6.7	47.0	7.3	47.0	8.0	49.0	8.3	235.0	7.2	5	100.0
09/30/2006 13:35	56.0	10.2	51.0	9.5	51.0	10.3	48.0	10.5	51.0	11.1	257.0	10.3	5	100.0
09/30/2006 13:40	55.0	8.4	51.0	8.1	42.0	7.7	47.0	9.1	47.0	9.7	242.0	8.6	5	100.0
09/30/2006 13:45	45.0	6.2	52.0	7.1	47.0	7.1	47.0	7.5	45.0	7.7	236.0	7.1	5	100.0
09/30/2006 13:50	25.0	3.5	33.0	4.6	30.0	4.5	29.0	5.1	29.0	5.2	146.0	4.6	5	100.0
09/30/2006 13:55	44.0	5.8	50.0	7.0	46.0	7.2	47.0	8.1	52.0	8.6	239.0	7.3	5	100.0
09/30/2006 14:00	31.0	4.3	30.0	4.1	26.0	4.1	26.0	4.7	31.0	5.9	144.0	4.6	5	100.0
09/30/2006 14:05	51.0	7.2	51.0	7.6	45.0	7.7	46.0	8.2	52.0	9.4	245.0	8.0	5	100.0
09/30/2006 14:10	55.0	8.3	53.0	8.3	47.0	9.5	44.0	8.5	55.0	11.4	254.0	9.2	5	100.0
09/30/2006 14:15	54.0	7.6	49.0	7.4	45.0	7.5	49.0	7.9	53.0	9.7	250.0	8.0	5	100.0
09/30/2006 14:20	49.0	6.7	51.0	7.3	49.0	8.0	47.0	7.8	42.0	7.8	238.0	7.5	5	100.0
09/30/2006 14:25	48.0	7.0	55.0	7.9	46.0	7.5	44.0	7.3	48.0	8.4	241.0	7.6	5	100.0
09/30/2006 14:30	45.0	6.4	47.0	6.9	46.0	7.1	46.0	7.5	48.0	8.3	232.0	7.2	5	100.0
09/30/2006 14:35	46.0	6.4	49.0	6.9	43.0	6.8	45.0	7.5	51.0	9.5	234.0	7.4	5	100.0
09/30/2006 14:40	49.0	6.8	49.0	7.1	45.0	6.7	42.0	6.9	43.0	7.7	228.0	7.0	5	100.0
09/30/2006 14:45	43.0	5.7	45.0	6.5	45.0	6.8	39.0	6.6	45.0	8.2	217.0	6.8	5	100.0
09/30/2006 14:50	45.0	6.5	49.0	7.1	49.0	7.8	45.0	7.7	48.0	8.4	236.0	7.5	5	100.0
09/30/2006 14:55	49.0	6.8	51.0	7.3	45.0	7.6	47.0	8.0	45.0	8.1	237.0	7.6	5	100.0
09/30/2006 15:00	49.0	6.9	49.0	7.1	47.0	6.9	47.0	7.6	48.0	8.1	240.0	7.3	5	100.0
09/30/2006 15:05	48.0	6.9	47.0	7.0	49.0	8.0	41.0	7.9	46.0	7.8	231.0	7.5	5	100.0
09/30/2006 15:10	46.0	6.3	49.0	6.8	45.0	7.0	45.0	7.7	42.0	6.9	227.0	6.9	5	100.0
09/30/2006 15:15	49.0	7.0	45.0	6.6	44.0	6.6	43.0	6.9	53.0	9.3	234.0	7.3	5	100.0
09/30/2006 15:20	51.0	9.2	45.0	9.1	45.0	9.8	42.0	9.1	47.0	10.3	230.0	9.5	5	100.0
09/30/2006 15:25	49.0	10.3	44.0	9.1	43.0	9.9	39.0	9.1	43.0	11.1	218.0	9.9	5	100.0
09/30/2006 15:30	50.0	11.3	47.0	10.7	47.0	11.7	40.0	10.1	44.0	10.9	228.0	10.9	5	100.0
09/30/2006 15:35	53.0	12.3	48.0	11.4	43.0	11.0	41.0	10.7	44.0	11.2	229.0	11.3	5	100.0
09/30/2006 15:40	56.0	11.9	44.0	9.5	43.0	9.9	43.0	10.1	45.0	11.0	231.0	10.5	5	100.0
09/30/2006 15:45	49.0	10.8	45.0	10.3	45.0	10.6	43.0	10.4	43.0	10.0	225.0	10.4	5	100.0
09/30/2006 15:50	51.0	10.7	45.0	9.9	46.0	10.5	41.0	9.8	42.0	10.1	225.0	10.2	5	100.0
09/30/2006 15:55	51.0	9.5	51.0	9.7	44.0	8.7	45.0	8.9	45.0	9.5	236.0	9.3	5	100.0
09/30/2006 16:00	53.0	9.7	49.0	9.1	46.0	9.5	45.0	9.1	44.0	9.4	237.0	9.4	5	100.0
09/30/2006 16:05	48.0	9.7	46.0	9.1	41.0	8.8	42.0	9.2	43.0	10.3	220.0	9.4	5	100.0
09/30/2006 16:10	49.0	11.3	47.0	10.9	41.0	10.4	43.0	9.8	46.0	10.5	226.0	10.6	5	100.0
09/30/2006 16:15	54.0	13.2	49.0	12.1	47.0	13.2	43.0	11.1	47.0	13.8	240.0	12.7	5	100.0
09/30/2006 16:20	48.0	15.0	45.0	12.9	47.0	13.9	44.0	11.7	46.0	12.5	230.0	13.2	5	100.0
09/30/2006 16:25	51.0	10.5	45.0	9.7	44.0	10.4	43.0	9.7	43.0	9.9	226.0	10.0	5	100.0
09/30/2006 16:30	54.0	10.3	49.0	10.4	45.0	9.9	43.0	10.5	46.0	11.9	237.0	10.6	5	100.0
09/30/2006 16:35	50.0	10.7	49.0	10.7	43.0	10.8	45.0	10.9	39.0	10.3	226.0	10.7	5	100.0
09/30/2006 16:40	49.0	12.5	47.0	11.6	43.0	10.9	44.0	12.1	41.0	11.0	224.0	11.6	5	100.0
09/30/2006 16:45	51.0	12.1	48.0	11.9	43.0	12.1	43.0	11.2	43.0	11.5	228.0	11.8	5	100.0
09/30/2006 16:50	48.0	10.8	44.0	10.5	43.0	10.1	38.0	9.5	43.0	10.8	216.0	10.3	5	100.0
09/30/2006 16:55	48.0	10.9	49.0	11.3	43.0	9.7	42.0	9.9	43.0	10.7	225.0	10.5	5	100.0
09/30/2006 17:00	49.0	10.3	44.0	9.8	39.0	9.3	41.0	9.3	44.0	10.7	217.0	9.9	5	100.0
09/30/2006 17:05	51.0	10.8	45.0	10.1	43.0	9.8	45.0	11.0	43.0	9.7	227.0	10.3	5	100.0
09/30/2006 17:10	55.0	11.3	49.0	10.1	45.0	9.7	45.0	9.9	45.0	10.4	239.0	10.3	5	100.0
09/30/2006 17:15	53.0	12.1	45.0	10.9	42.0	10.4	45.0	10.7	44.0	10.9	229.0	11.0	5	100.0
09/30/2006 17:20	44.0	8.5	44.0	8.3	43.0	8.7	41.0	8.3	43.0	9.1	215.0	8.6	5	100.0
09/30/2006 17:25	37.0	5.6	37.0	5.9	33.0	6.4	37.0	6.3	33.0	5.9	177.0	6.0	5	100.0
09/30/2006 17:30	37.0	6.2	39.0	6.6	40.0	7.4	37.0	6.9	39.0	7.5	192.0	6.9	5	100.0
09/30/2006 17:35	45.0	7.4	43.0	7.2	39.0	6.8	40.0	7.5	42.0	7.9	209.0	7.4	5	100.0
09/30/2006 17:40	47.0	8.7	45.0	8.1	43.0	8.8	44.0	8.5	44.0	9.1	223.0	8.6	5	100.0
09/30/2006 17:45	44.0	7.5	46.0	7.7	41.0	7.5	38.0	7.0	47.0	9.0	216.0	7.8	5	100.0
09/30/2006 17:50	43.0	7.0	45.0	7.6	39.0	7.6	41.0	8.0	43.0	8.7	211.0	7.8	5	100.0
09/30/2006 17:55	46.0	8.3	47.0	8.6	41.0	8.5	43.0	8.2	47.0	9.6	224.0	8.6	5	100.0
09/30/2006 18:00	54.0	10.3	49.0	9.7	46.0	10.5	42.0	9.9	46.0	11.7	237.0	10.4	5	100.0
09/30/2006 18:05	51.0	9.0	47.0	8.7	47.0	9.1	39.0	8.2	45.0	9.7	229.0	8.9	5	100.0
09/30/2006 18:10	44.0	8.1	39.0	7.1	39.0	7.6	34.0	7.2	36.0	8.1	192.0	7.6	5	100.0
09/30/2006 18:15	46.0	8.9	47.0	9.4	41.0	8.8	36.0	8.1	43.0	10.4	213.0	9.1	5	100.0
09/30/2006 18:20	50.0	10.1	40.0	9.0	41.0	9.2	41.0	9.8	47.0	12.5	219.0	10.1	5	100.0
09/30/2006 18:25	49.0	10.5	42.0	9.5	41.0	9.7	39.0	9.4	47.0	11.6	218.0	10.1	5	100.0
09/30/2006 18:30	46.0	9.2	41.0	8.3	40.0	8.9	38.0	9.1	46.0	11.1	211.0	9.3	5	100.0
09/30/2006 18:35	47.0	10.8	43.0	10.3	41.0	10.4	38.0	9.1	44.0	11.1	213.0	10.3	5	100.0
09/30/2006 18:40	47.0	10.4	41.0	9.5	39.0	9.9	39.0	9.9	45.0	11.7	211.0	10.3	5	100.0
09/30/2006 18:45	47.0	10.3	42.0	9.8	41.0	10.3	35.0	9.3	43.0	11.4	208.0	10.2	5	100.0
09/30/2006 18:50	44.0	10.7	41.0	10.5	41.0	11.0	33.0	10.1	43.0	12.1	202.0	10.9	5	100.0
09/30/2006 18:55	47.0	12.7	46.0	13.7	43.0	12.6	37.0	11.3	45.0	13.5	218.0	12.8	5	100.0
09/30/2006 19:00	48.0	12.5	40.0	11.2	45.0	13.7	41.0	13.1	44.0	13.0	218.0	12.7	5	100.0
09/30/2006 19:05	45.0	8.4	43.0	8.0	41.0	9.1	39.0	9.5	43.0	10.5	211.0	9.1	5	100.0
09/30/2006 19:10	37.0	5.3	37.0	5.9	37.0	6.3	35.0	7.0	43.0	10.9	189.0	7.1	5	100.0
09/30/2006 19:15	33.0	4.5	39.0	5.6	41.0	6.1	42.0	6.9	43.0	7.5	198.0	6.1	5	100.0
09/30/2006 19:20	37.0	5.1	45.0	6.3	44.0	6.7	39.0	6.4	43.0	7.4	208.0	6.4	5	100.0
09/30/2006 19:25	36.0	4.8	38.0	5.3	44.0	6.5	47.0	7.8	39.0	7.1	204.0	6.3	5	100.0
09/30/2006 19:30	43.0	6.2	44.0	6.4	37.0	5.9	44.0	7.3	47.0	7.9	215.0	6.7	5	100.0
09/30/2006 19:35	33.0	4.6	38.0	5.5	43.0	6.7	44.0	7.1	44.0	7.2	202.0	6.2	5	100.0
09/30/2006 19:40	34.0	4.8	35.0	5.0	40.0	5.9	39.0	6.7	45.0	7.4	193.0	6.0	5	100.0
09/30/2006 19:45	32.0	4.5	39.0	5.3	37.0	5.7	42.0	7.1	37.0	6.6	187.0	5.9	5	100.0
09/30/2006 19:50	39.0	5.3	41.0	5.5	35.0	5.2	41.0	6.4	41.0	6.9	197.0	5.9	5	100.0
09/30/2006 19:55	31.0	4.4	39.0	5.4	39.0	5.4	38.0	6.4	39.0	6.5	186.0	5.6	5	100.0
09/30/2006 20:00	17.0	2.3	21.0	3.1	21.0	3.1	23.0	3.5	26.0	4.3	108.0	3.3	5	100.0
09/30/2006 20:05	29.0	3.9	39.0	5.3	39.0	5.5	42.0	6.5	37.0	6.0	186.0	5.4	5	100.0
09/30/2006 20:10	29.0	3.9	34.0	4.5	38.0	5.5	35.0	5.9	40.0	6.7	176.0	5.3	5	100.0
09/30/2006 20:15	30.0	3.8	37.0	4.9	35.0	4.9	35.0	5.4	38.0	6.2	175.0	5.0	5	100.0
09/30/2006 20:20	32.0	4.1	36.0	4.7	40.0	5.7	40.0	6.4	43.0	6.9	191.0	5.6	5	100.0
09/30/2006 20:25	27.0	3.5	37.0	4.9	35.0	5.3	36.0	5.9	31.0	5.6	166.0	5.0	5	100.0
09/30/2006 20:30	31.0	4.0	37.0	5.2	32.0	4.6	35.0	5.3	35.0	5.7	170.0	5.0	5	100.0
09/30/2006 20:35	29.0	3.9	34.0	4.7	33.0	4.7	32.0	5.1	30.0	4.9	158.0	4.7	5	100.0
09/30/2006 20:40	26.0	3.5	35.0	4.5	36.0	5.5	36.0	5.3	27.0	4.3	160.0	4.6	5	100.0
09/30/2006 20:45	29.0	3.9	36.0	4.7	31.0	4.5	37.0	5.5	36.0	5.7	169.0	4.9	5	100.0
09/30/2006 20:50	26.0	3.4	34.0	4.7	36.0	5.5	37.0	5.5	36.0	5.9	169.0	5.0	5	100.0
09/30/2006 20:55	25.0	3.5	32.0	4.3	35.0	4.9	35.0	5.0	31.0	5.1	158.0	4.6	5	100.0
09/30/2006 21:00	29.0	3.9	38.0	5.1	32.0	4.5	35.0	5.5	30.0	5.5	164.0	4.9	5	100.0
09/30/2006 21:05	29.0	3.7	35.0	4.7	29.0	4.1	31.0	4.7	29.0	4.7	153.0	4.4	5	100.0
09/30/2006 21:10	23.0	3.1	37.0	4.9	35.0	5.1	32.0	4.9	31.0	5.1	158.0	4.6	5	100.0
09/30/2006 21:15	25.0	3.1	30.0	3.9	32.0	4.8	32.0	4.8	33.0	5.1	152.0	4.3	5	100.0
09/30/2006 21:20	23.0	3.1	33.0	4.2	35.0	5.1	36.0	5.1	35.0	5.4	162.0	4.6	5	100.0
09/30/2006 21:25	25.0	3.1	38.0	5.3	35.0	4.8	40.0	5.8	35.0	5.3	173.0	4.9	5	100.0
09/30/2006 21:30	27.0	3.6	35.0	5.1	41.0	6.0	40.0	6.3	29.0	4.9	172.0	5.2	5	100.0
09/30/2006 21:35	25.0	3.5	34.0	4.8	31.0	4.5	32.0	5.0	29.0	4.7	151.0	4.5	5	100.0
09/30/2006 21:40	27.0	3.3	39.0	5.3	34.0	5.2	32.0	4.6	32.0	5.7	164.0	4.8	5	100.0
09/30/2006 21:45	22.0	2.8	29.0	3.9	31.0	4.2	36.0	5.2	29.0	4.7	147.0	4.2	5	100.0
09/30/2006 21:50	29.0	3.7	35.0	4.9	33.0	4.7	34.0	5.3	30.0	4.5	161.0	4.6	5	100.0
09/30/2006 21:55	23.0	3.1	32.0	4.3	32.0	4.7	35.0	5.3	32.0	5.1	154.0	4.5	5	100.0
09/30/2006 22:00	29.0	3.7	35.0	4.5	33.0	4.7	32.0	4.7	29.0	4.5	158.0	4.4	5	100.0
09/30/2006 22:05	25.0	3.5	33.0	4.7	35.0	4.8	33.0	5.1	33.0	5.3	159.0	4.7	5	100.0
09/30/2006 22:10	18.0	2.1	21.0	2.7	22.0	3.2	19.0	3.3	21.0	3.5	101.0	3.0	5	100.0
09/30/2006 22:15	25.0	3.2	29.0	4.0	33.0	4.8	31.0	4.5	31.0	4.9	149.0	4.3	5	100.0
09/30/2006 22:20	28.0	3.6	37.0	5.0	31.0	4.7	30.0	4.9	27.0	5.0	153.0	4.6	5	100.0
09/30/2006 22:25	23.0	2.9	37.0	4.8	31.0	4.5	39.0	5.9	27.0	4.3	157.0	4.5	5	100.0
09/30/2006 22:30	25.0	3.0	33.0	4.4	34.0	4.7	35.0	4.9	31.0	4.6	158.0	4.3	5	100.0
09/30/2006 22:35	19.0	2.4	30.0	3.9	33.0	5.0	32.0	4.9	29.0	4.3	143.0	4.1	5	100.0
09/30/2006 22:40	19.0	2.3	29.0	3.9	27.0	4.1	31.0	4.9	27.0	4.2	133.0	3.9	5	100.0
09/30/2006 22:45	21.0	2.7	29.0	3.8	32.0	4.4	31.0	4.8	33.0	4.9	146.0	4.1	5	100.0
09/30/2006 22:50	27.0	3.6	31.0	4.3	34.0	5.0	31.0	4.5	31.0	5.2	154.0	4.5	5	100.0
09/30/2006 22:55	23.0	2.9	31.0	4.1	30.0	4.3	32.0	4.9	29.0	4.4	145.0	4.1	5	100.0
09/30/2006 23:00	26.0	3.5	32.0	4.5	27.0	4.3	31.0	4.4	22.0	3.5	138.0	4.0	5	100.0
09/30/2006 23:05	22.0	3.1	33.0	4.3	29.0	4.3	29.0	4.6	23.0	3.9	136.0	4.0	5	100.0
09/30/2006 23:10	20.0	2.5	28.0	3.9	27.0	3.8	29.0	4.5	27.0	4.5	131.0	3.8	5	100.0
09/30/2006 23:15	18.0	2.4	28.0	3.8	27.0	3.7	30.0	4.1	27.0	4.3	130.0	3.7	5	100.0
09/30/2006 23:20	19.0	2.3	31.0	4.0	31.0	4.1	29.0	4.4	24.0	3.8	134.0	3.7	5	100.0
09/30/2006 23:25	21.0	2.5	29.0	3.8	23.0	3.3	29.0	4.7	23.0	3.3	125.0	3.5	5	100.0
09/30/2006 23:30	19.0	2.5	27.0	3.7	32.0	4.8	31.0	4.5	27.0	4.6	136.0	4.0	5	100.0
09/30/2006 23:35	18.0	2.3	25.0	3.3	29.0	4.1	29.0	4.5	31.0	4.9	132.0	3.8	5	100.0
09/30/2006 23:40	18.0	2.4	31.0	4.0	27.0	3.7	29.0	4.3	23.0	3.3	128.0	3.5	5	100.0
09/30/2006 23:45	12.0	1.5	23.0	2.9	25.0	3.4	24.0	3.4	22.0	3.4	106.0	2.9	5	100.0
09/30/2006 23:50	17.0	1.9	27.0	3.4	26.0	3.4	23.0	3.5	29.0	4.3	122.0	3.3	5	100.0
09/30/2006 23:55	13.0	1.5	25.0	3.4	25.0	3.7	23.0	3.8	24.0	4.0	110.0	3.3	5	100.0
