5 Minutes	Lane 1 Flow (Veh/5 Minutes)	Lane 1 Speed (mph)	Lane 2 Flow (Veh/5 Minutes)	Lane 2 Speed (mph)	Lane 3 Flow (Veh/5 Minutes)	Lane 3 Speed (mph)	Lane 4 Flow (Veh/5 Minutes)	Lane 4 Speed (mph)	Lane 5 Flow (Veh/5 Minutes)	Lane 5 Speed (mph)	Flow (Veh/5 Minutes)	Speed (mph)	# Lane Points	% Observed
07/29/2006 00:00	16.0	76.5	24.0	74.0	26.0	72.0	20.0	69.2	22.0	64.5	108.0	71.1	5	100.0
07/29/2006 00:05	16.0	76.8	19.0	72.5	25.0	71.9	27.0	68.5	21.0	65.5	108.0	70.6	5	100.0
07/29/2006 00:10	15.0	77.3	23.0	72.5	27.0	74.3	21.0	64.7	25.0	65.7	111.0	70.6	5	100.0
07/29/2006 00:15	17.0	77.2	27.0	71.0	24.0	73.6	25.0	63.9	24.0	65.1	117.0	69.7	5	100.0
07/29/2006 00:20	13.0	73.7	22.0	67.1	21.0	68.4	21.0	61.3	19.0	58.9	96.0	65.4	5	100.0
07/29/2006 00:25	13.0	75.1	25.0	70.3	30.0	70.7	22.0	64.8	23.0	58.6	113.0	67.5	5	100.0
07/29/2006 00:30	12.0	75.6	19.0	72.5	21.0	72.6	15.0	60.5	18.0	61.6	85.0	68.5	5	100.0
07/29/2006 00:35	11.0	76.0	20.0	73.3	24.0	73.3	19.0	60.6	20.0	63.9	94.0	69.0	5	100.0
07/29/2006 00:40	11.0	75.2	19.0	74.9	19.0	74.7	22.0	64.1	21.0	62.0	92.0	69.4	5	100.0
07/29/2006 00:45	14.0	75.9	23.0	73.7	20.0	68.8	20.0	66.4	17.0	65.1	94.0	69.9	5	100.0
07/29/2006 00:50	5.0	76.4	16.0	74.0	16.0	70.6	15.0	69.8	11.0	65.7	63.0	70.9	5	100.0
07/29/2006 00:55	4.0	76.7	9.0	74.0	9.0	71.6	11.0	70.3	8.0	64.8	41.0	70.9	5	100.0
07/29/2006 01:00	8.0	76.6	14.0	74.4	11.0	71.9	13.0	70.0	10.0	65.0	56.0	71.5	5	100.0
07/29/2006 01:05	3.0	76.5	14.0	73.8	16.0	67.5	15.0	69.1	16.0	65.0	64.0	69.0	5	100.0
07/29/2006 01:10	6.0	76.5	12.0	74.4	17.0	70.8	15.0	69.4	12.0	65.5	62.0	70.7	5	100.0
07/29/2006 01:15	7.0	76.4	22.0	73.9	19.0	71.8	15.0	68.1	19.0	63.5	82.0	70.2	5	100.0
07/29/2006 01:20	6.0	76.3	16.0	72.9	15.0	71.2	19.0	65.5	14.0	63.0	70.0	68.8	5	100.0
07/29/2006 01:25	6.0	76.6	17.0	72.7	16.0	72.9	16.0	69.4	13.0	64.9	68.0	70.8	5	100.0
07/29/2006 01:30	5.0	76.8	6.0	73.2	8.0	72.2	10.0	69.7	6.0	64.7	35.0	71.0	5	100.0
07/29/2006 01:35	4.0	76.7	16.0	72.9	16.0	73.4	18.0	72.4	16.0	63.8	70.0	71.0	5	100.0
07/29/2006 01:40	6.0	76.6	12.0	73.2	15.0	74.6	15.0	69.6	12.0	64.4	60.0	71.2	5	100.0
07/29/2006 01:45	5.0	76.4	13.0	73.2	14.0	73.4	13.0	66.9	12.0	65.6	57.0	70.5	5	100.0
07/29/2006 01:50	3.0	76.5	12.0	73.6	14.0	72.0	17.0	70.4	16.0	66.2	62.0	70.6	5	100.0
07/29/2006 01:55	3.0	76.7	13.0	74.3	17.0	74.6	16.0	70.7	9.0	65.4	58.0	72.1	5	100.0
07/29/2006 02:00	4.0	76.7	13.0	74.5	14.0	74.0	15.0	72.4	11.0	65.5	57.0	72.2	5	100.0
07/29/2006 02:05	6.0	76.7	19.0	74.1	15.0	73.1	13.0	71.9	17.0	64.7	70.0	71.4	5	100.0
07/29/2006 02:10	6.0	76.6	14.0	74.7	14.0	71.9	14.0	68.8	13.0	63.9	61.0	70.6	5	100.0
07/29/2006 02:15	8.0	76.5	14.0	74.0	14.0	70.9	15.0	68.2	13.0	63.9	64.0	70.2	5	100.0
07/29/2006 02:20	4.0	76.7	15.0	73.1	18.0	71.8	16.0	68.0	14.0	64.4	67.0	69.9	5	100.0
07/29/2006 02:25	4.0	76.4	15.0	72.7	14.0	70.4	14.0	67.9	10.0	64.8	57.0	69.8	5	100.0
07/29/2006 02:30	5.0	76.5	11.0	73.2	14.0	70.6	13.0	69.0	12.0	64.6	55.0	70.0	5	100.0
07/29/2006 02:35	1.0	76.3	12.0	74.1	15.0	71.8	15.0	71.0	10.0	63.8	53.0	70.7	5	100.0
07/29/2006 02:40	4.0	76.2	14.0	74.2	11.0	72.5	12.0	71.4	14.0	66.1	55.0	71.3	5	100.0
07/29/2006 02:45	4.0	76.3	9.0	74.1	9.0	70.7	9.0	70.6	9.0	65.8	40.0	70.9	5	100.0
07/29/2006 02:50	4.0	76.3	14.0	73.3	13.0	71.5	15.0	71.5	12.0	64.4	58.0	70.8	5	100.0
07/29/2006 02:55	2.0	76.2	5.0	73.6	7.0	72.0	8.0	67.5	5.0	64.4	27.0	69.9	5	100.0
07/29/2006 03:00	2.0	76.3	11.0	74.1	13.0	72.7	11.0	70.2	14.0	64.5	51.0	70.4	5	100.0
07/29/2006 03:05	0.0	76.3	5.0	74.0	8.0	72.6	10.0	70.5	5.0	63.1	28.0	70.4	5	100.0
07/29/2006 03:10	2.0	76.2	8.0	74.3	9.0	72.3	10.0	70.1	11.0	64.6	40.0	70.2	5	100.0
07/29/2006 03:15	3.0	76.3	9.0	74.5	6.0	71.4	11.0	69.2	9.0	64.7	38.0	70.3	5	100.0
07/29/2006 03:20	1.0	76.1	8.0	74.3	5.0	71.2	7.0	67.2	5.0	64.9	26.0	70.1	5	100.0
07/29/2006 03:25	2.0	76.2	6.0	74.3	8.0	71.8	11.0	69.2	6.0	63.3	33.0	70.1	5	100.0
07/29/2006 03:30	1.0	76.0	3.0	74.4	4.0	72.0	9.0	69.3	6.0	63.9	23.0	69.3	5	100.0
07/29/2006 03:35	2.0	76.2	6.0	74.1	5.0	71.7	8.0	69.3	6.0	64.0	27.0	70.1	5	100.0
07/29/2006 03:40	0.0	76.2	2.0	74.0	6.0	72.0	6.0	68.7	4.0	63.9	18.0	69.3	5	100.0
07/29/2006 03:45	1.0	76.1	5.0	74.1	7.0	72.4	8.0	64.9	5.0	63.9	26.0	68.9	5	100.0
07/29/2006 03:50	1.0	76.5	4.0	74.3	5.0	72.2	9.0	67.4	6.0	63.6	25.0	68.9	5	100.0
07/29/2006 03:55	0.0	76.5	3.0	74.2	7.0	72.5	6.0	67.1	3.0	63.5	19.0	69.6	5	100.0
07/29/2006 04:00	2.0	76.6	3.0	74.5	7.0	72.3	4.0	67.9	7.0	64.3	23.0	69.8	5	100.0
07/29/2006 04:05	0.0	76.6	5.0	74.2	6.0	71.4	8.0	68.7	5.0	64.2	24.0	69.6	5	100.0
07/29/2006 04:10	0.0	76.6	3.0	74.0	7.0	71.5	7.0	69.4	6.0	64.4	23.0	69.3	5	100.0
07/29/2006 04:15	1.0	76.3	3.0	73.9	4.0	71.8	5.0	69.1	7.0	63.8	20.0	68.9	5	100.0
07/29/2006 04:20	1.0	76.1	5.0	73.4	5.0	71.2	5.0	68.5	4.0	64.5	20.0	70.0	5	100.0
07/29/2006 04:25	1.0	76.5	4.0	73.5	8.0	71.6	6.0	67.5	5.0	64.2	24.0	69.6	5	100.0
07/29/2006 04:30	1.0	76.5	6.0	74.0	6.0	70.6	7.0	67.8	5.0	64.6	25.0	69.7	5	100.0
07/29/2006 04:35	1.0	76.7	7.0	74.5	7.0	71.1	6.0	65.3	7.0	61.1	28.0	68.4	5	100.0
07/29/2006 04:40	1.0	76.3	5.0	74.6	8.0	70.0	5.0	65.0	7.0	60.7	26.0	67.7	5	100.0
07/29/2006 04:45	1.0	76.1	5.0	74.1	8.0	70.6	7.0	66.3	6.0	61.6	27.0	68.3	5	100.0
07/29/2006 04:50	2.0	75.9	3.0	74.1	5.0	71.0	7.0	68.6	5.0	62.3	22.0	69.1	5	100.0
07/29/2006 04:55	1.0	76.4	5.0	74.0	3.0	70.6	9.0	68.7	9.0	62.3	27.0	68.0	5	100.0
07/29/2006 05:00	0.0	76.4	5.0	74.2	8.0	71.7	6.0	68.9	7.0	62.9	26.0	69.2	5	100.0
07/29/2006 05:05	1.0	76.3	5.0	74.3	7.0	72.0	7.0	69.9	8.0	64.5	28.0	69.9	5	100.0
07/29/2006 05:10	3.0	76.5	7.0	74.2	9.0	72.8	9.0	64.1	9.0	62.5	37.0	68.7	5	100.0
07/29/2006 05:15	1.0	76.0	7.0	73.8	9.0	73.2	9.0	67.6	8.0	61.9	34.0	69.3	5	100.0
07/29/2006 05:20	3.0	76.4	9.0	73.7	9.0	73.2	9.0	68.1	8.0	63.3	38.0	70.3	5	100.0
07/29/2006 05:25	1.0	76.8	7.0	73.7	7.0	72.8	9.0	67.3	8.0	62.6	32.0	69.0	5	100.0
07/29/2006 05:30	0.0	76.8	8.0	74.1	8.0	72.4	11.0	67.3	7.0	62.5	34.0	69.1	5	100.0
07/29/2006 05:35	3.0	76.6	10.0	74.0	11.0	72.3	10.0	67.0	9.0	62.6	43.0	69.7	5	100.0
07/29/2006 05:40	1.0	76.9	10.0	74.2	10.0	72.6	8.0	65.3	10.0	62.7	39.0	69.1	5	100.0
07/29/2006 05:45	0.0	76.9	2.0	74.3	4.0	72.4	5.0	67.2	3.0	63.2	14.0	68.8	5	100.0
07/29/2006 05:50	3.0	76.4	15.0	73.3	13.0	71.3	10.0	60.3	10.0	63.0	51.0	68.4	5	100.0
07/29/2006 05:55	4.0	76.4	13.0	73.1	13.0	72.1	13.0	60.7	10.0	64.4	53.0	68.4	5	100.0
07/29/2006 06:00	3.0	76.6	12.0	73.4	10.0	71.1	10.0	62.9	7.0	65.2	42.0	69.2	5	100.0
07/29/2006 06:05	3.0	76.7	11.0	72.8	10.0	71.2	9.0	66.7	9.0	65.2	42.0	69.8	5	100.0
07/29/2006 06:10	4.0	76.7	11.0	73.8	11.0	70.8	11.0	68.5	7.0	64.1	44.0	70.4	5	100.0
07/29/2006 06:15	4.0	76.7	9.0	73.7	8.0	71.4	9.0	69.1	5.0	63.5	35.0	70.9	5	100.0
07/29/2006 06:20	9.0	76.2	15.0	72.6	13.0	70.8	14.0	69.2	11.0	63.9	62.0	70.4	5	100.0
07/29/2006 06:25	5.0	75.9	14.0	72.1	12.0	68.3	9.0	65.6	12.0	65.5	52.0	68.9	5	100.0
07/29/2006 06:30	4.0	76.1	15.0	72.3	17.0	69.7	15.0	66.8	12.0	66.4	63.0	69.4	5	100.0
07/29/2006 06:35	5.0	76.3	17.0	71.5	19.0	71.1	16.0	66.6	15.0	65.4	72.0	69.4	5	100.0
07/29/2006 06:40	9.0	76.0	14.0	72.7	17.0	72.5	13.0	68.1	13.0	65.9	66.0	70.9	5	100.0
07/29/2006 06:45	9.0	76.3	18.0	72.1	17.0	72.8	17.0	69.8	13.0	64.4	74.0	70.9	5	100.0
07/29/2006 06:50	8.0	76.1	24.0	70.8	22.0	72.4	16.0	68.8	16.0	66.4	86.0	70.5	5	100.0
07/29/2006 06:55	7.0	76.1	23.0	72.5	19.0	71.9	20.0	70.0	15.0	65.8	84.0	70.9	5	100.0
07/29/2006 07:00	12.0	76.9	19.0	73.5	16.0	71.2	17.0	65.8	15.0	65.4	79.0	70.4	5	100.0
07/29/2006 07:05	7.0	77.0	19.0	74.3	17.0	73.1	21.0	72.2	14.0	64.5	78.0	72.0	5	100.0
07/29/2006 07:10	11.0	76.8	27.0	74.7	22.0	71.9	20.0	66.2	15.0	65.8	95.0	71.1	5	100.0
07/29/2006 07:15	14.0	75.5	26.0	73.8	24.0	72.2	22.0	67.8	23.0	68.2	109.0	71.3	5	100.0
07/29/2006 07:20	18.0	75.4	28.0	72.9	25.0	70.5	23.0	62.2	22.0	69.7	116.0	70.0	5	100.0
07/29/2006 07:25	15.0	75.8	26.0	73.5	29.0	73.5	22.0	65.2	18.0	67.4	110.0	71.2	5	100.0
07/29/2006 07:30	18.0	75.6	28.0	73.3	27.0	74.2	25.0	71.6	19.0	63.3	117.0	71.9	5	100.0
07/29/2006 07:35	19.0	76.3	31.0	71.5	21.0	72.2	24.0	75.6	19.0	64.7	114.0	72.2	5	100.0
07/29/2006 07:40	15.0	75.5	23.0	70.7	18.0	69.2	18.0	69.3	22.0	60.0	96.0	68.5	5	100.0
07/29/2006 07:45	27.0	73.7	33.0	69.4	27.0	66.6	29.0	67.8	30.0	58.4	146.0	67.1	5	100.0
07/29/2006 07:50	25.0	71.7	36.0	69.1	33.0	68.9	35.0	66.3	35.0	59.5	164.0	66.8	5	100.0
07/29/2006 07:55	24.0	71.9	31.0	70.4	30.0	70.6	34.0	70.4	26.0	61.6	145.0	69.1	5	100.0
07/29/2006 08:00	16.0	74.6	30.0	70.3	30.0	73.5	24.0	68.9	30.0	61.1	130.0	69.2	5	100.0
07/29/2006 08:05	21.0	75.2	32.0	72.5	30.0	71.8	30.0	67.4	29.0	64.2	142.0	70.0	5	100.0
07/29/2006 08:10	17.0	76.6	34.0	73.5	32.0	70.8	31.0	65.9	25.0	60.5	139.0	69.2	5	100.0
07/29/2006 08:15	19.0	75.6	29.0	72.9	36.0	76.0	27.0	64.6	33.0	62.3	144.0	70.0	5	100.0
07/29/2006 08:20	24.0	74.1	33.0	73.0	34.0	74.0	34.0	61.1	34.0	62.7	159.0	68.6	5	100.0
07/29/2006 08:25	26.0	68.7	39.0	70.8	34.0	73.5	34.0	62.2	33.0	62.6	166.0	67.6	5	100.0
07/29/2006 08:30	29.0	69.9	43.0	70.5	34.0	68.7	29.0	58.4	37.0	63.5	172.0	66.5	5	100.0
07/29/2006 08:35	26.0	71.2	40.0	72.7	37.0	69.3	35.0	59.9	32.0	60.9	170.0	66.9	5	100.0
07/29/2006 08:40	31.0	72.1	39.0	71.6	35.0	68.4	33.0	59.6	31.0	59.6	169.0	66.5	5	100.0
07/29/2006 08:45	26.0	71.1	37.0	71.2	38.0	73.4	38.0	61.3	38.0	62.1	177.0	67.6	5	100.0
07/29/2006 08:50	28.0	69.4	39.0	73.2	37.0	74.7	38.0	62.3	38.0	59.3	180.0	67.7	5	100.0
07/29/2006 08:55	29.0	72.8	40.0	75.3	36.0	73.0	37.0	59.1	41.0	60.1	183.0	67.8	5	100.0
07/29/2006 09:00	31.0	74.5	38.0	69.1	36.0	65.5	39.0	62.2	37.0	59.8	181.0	65.9	5	100.0
07/29/2006 09:05	31.0	75.3	40.0	66.4	37.0	64.7	37.0	61.7	34.0	58.8	179.0	65.2	5	100.0
07/29/2006 09:10	36.0	77.3	41.0	65.0	39.0	63.4	33.0	64.3	38.0	57.3	187.0	65.3	5	100.0
07/29/2006 09:15	33.0	75.9	45.0	64.2	38.0	61.6	44.0	61.3	38.0	58.5	198.0	63.9	5	100.0
07/29/2006 09:20	35.0	75.5	43.0	63.0	43.0	61.0	39.0	61.9	36.0	60.9	196.0	64.2	5	100.0
07/29/2006 09:25	35.0	75.3	41.0	64.5	41.0	63.1	41.0	64.9	39.0	60.8	197.0	65.5	5	100.0
07/29/2006 09:30	35.0	77.9	41.0	64.5	43.0	65.4	39.0	64.1	36.0	59.7	194.0	66.1	5	100.0
07/29/2006 09:35	44.0	76.9	48.0	64.4	40.0	62.9	39.0	64.1	43.0	60.3	214.0	65.8	5	100.0
07/29/2006 09:40	44.0	75.2	43.0	61.0	44.0	60.5	44.0	62.5	44.0	59.7	219.0	63.8	5	100.0
07/29/2006 09:45	38.0	73.4	51.0	62.3	45.0	62.0	49.0	63.0	47.0	58.6	230.0	63.5	5	100.0
07/29/2006 09:50	41.0	74.3	49.0	62.9	45.0	62.2	44.0	60.3	47.0	57.3	226.0	63.2	5	100.0
07/29/2006 09:55	38.0	74.1	46.0	61.9	42.0	61.3	41.0	60.9	46.0	59.3	213.0	63.2	5	100.0
07/29/2006 10:00	39.0	65.5	51.0	61.8	49.0	60.8	48.0	60.4	46.0	57.7	233.0	61.1	5	100.0
07/29/2006 10:05	44.0	61.9	51.0	62.7	46.0	62.0	46.0	58.7	53.0	57.1	240.0	60.4	5	100.0
07/29/2006 10:10	39.0	60.9	39.0	63.0	46.0	63.0	37.0	60.3	44.0	59.0	205.0	61.3	5	100.0
07/29/2006 10:15	49.0	58.4	50.0	61.5	47.0	61.5	46.0	60.5	47.0	56.8	239.0	59.7	5	100.0
07/29/2006 10:20	51.0	56.7	52.0	60.5	49.0	60.4	47.0	61.2	56.0	58.5	255.0	59.4	5	100.0
07/29/2006 10:25	60.0	56.1	58.0	59.9	56.0	58.6	55.0	61.6	55.0	56.2	284.0	58.5	5	100.0
07/29/2006 10:30	39.0	57.2	46.0	60.8	47.0	61.0	49.0	63.2	52.0	57.2	233.0	59.9	5	100.0
07/29/2006 10:35	45.0	55.3	51.0	60.4	45.0	60.5	45.0	61.8	48.0	57.9	234.0	59.2	5	100.0
07/29/2006 10:40	46.0	55.6	49.0	61.3	47.0	59.8	49.0	61.5	58.0	59.1	249.0	59.5	5	100.0
07/29/2006 10:45	47.0	55.3	48.0	60.2	48.0	59.6	43.0	59.7	52.0	54.8	238.0	57.8	5	100.0
07/29/2006 10:50	47.0	55.8	53.0	60.8	46.0	58.6	44.0	59.1	54.0	54.3	244.0	57.7	5	100.0
07/29/2006 10:55	59.0	54.1	56.0	58.4	48.0	55.6	44.0	59.1	51.0	53.4	258.0	56.0	5	100.0
07/29/2006 11:00	57.0	51.6	50.0	55.8	49.0	52.9	47.0	55.1	47.0	47.7	250.0	52.6	5	100.0
07/29/2006 11:05	56.0	50.6	53.0	54.5	54.0	52.8	43.0	52.7	53.0	50.1	259.0	52.1	5	100.0
07/29/2006 11:10	53.0	50.6	49.0	55.1	48.0	54.0	43.0	50.1	51.0	49.0	244.0	51.8	5	100.0
07/29/2006 11:15	48.0	48.0	45.0	52.6	44.0	51.2	33.0	48.8	43.0	44.9	213.0	49.1	5	100.0
07/29/2006 11:20	47.0	52.8	57.0	57.1	51.0	55.4	45.0	54.9	51.0	50.8	251.0	54.3	5	100.0
07/29/2006 11:25	45.0	54.3	49.0	59.9	48.0	57.2	49.0	58.5	53.0	54.4	244.0	56.9	5	100.0
07/29/2006 11:30	52.0	45.2	53.0	51.9	44.0	48.8	39.0	50.8	49.0	44.7	237.0	48.2	5	100.0
07/29/2006 11:35	47.0	44.3	40.0	48.7	43.0	47.2	38.0	49.5	43.0	44.4	211.0	46.7	5	100.0
07/29/2006 11:40	49.0	44.1	47.0	48.2	45.0	45.4	41.0	49.5	50.0	45.0	232.0	46.3	5	100.0
07/29/2006 11:45	51.0	43.1	50.0	48.2	48.0	47.4	43.0	48.9	50.0	46.4	242.0	46.7	5	100.0
07/29/2006 11:50	48.0	43.5	49.0	47.9	43.0	46.3	41.0	48.1	46.0	45.3	227.0	46.2	5	100.0
07/29/2006 11:55	51.0	43.3	49.0	46.9	44.0	45.1	43.0	48.3	47.0	45.0	234.0	45.7	5	100.0
07/29/2006 12:00	51.0	40.8	47.0	45.0	49.0	44.5	40.0	45.5	49.0	44.3	236.0	43.9	5	100.0
07/29/2006 12:05	50.0	41.2	47.0	46.5	40.0	45.9	41.0	47.9	47.0	44.1	225.0	45.0	5	100.0
07/29/2006 12:10	49.0	41.3	49.0	47.2	42.0	46.2	40.0	48.9	48.0	45.6	228.0	45.7	5	100.0
07/29/2006 12:15	51.0	41.1	45.0	45.8	45.0	46.0	42.0	46.9	45.0	44.5	228.0	44.7	5	100.0
07/29/2006 12:20	51.0	41.0	41.0	44.7	42.0	43.9	43.0	47.4	44.0	42.8	221.0	43.8	5	100.0
07/29/2006 12:25	50.0	40.7	49.0	45.3	44.0	44.2	41.0	47.0	49.0	43.1	233.0	43.9	5	100.0
07/29/2006 12:30	54.0	40.2	52.0	43.8	48.0	42.7	46.0	46.9	50.0	41.6	250.0	42.9	5	100.0
07/29/2006 12:35	46.0	33.8	43.0	37.3	38.0	35.3	39.0	38.7	44.0	35.8	210.0	36.1	5	100.0
07/29/2006 12:40	46.0	34.1	44.0	37.1	41.0	35.1	39.0	39.2	43.0	31.4	213.0	35.3	5	100.0
07/29/2006 12:45	52.0	35.0	47.0	38.6	43.0	34.0	41.0	42.4	46.0	35.6	229.0	37.0	5	100.0
07/29/2006 12:50	51.0	34.6	48.0	38.7	45.0	35.4	46.0	41.1	46.0	35.7	236.0	37.1	5	100.0
07/29/2006 12:55	46.0	38.5	44.0	42.8	45.0	41.8	40.0	45.0	43.0	40.3	218.0	41.6	5	100.0
07/29/2006 13:00	29.0	39.7	29.0	43.5	23.0	40.4	19.0	45.5	24.0	43.5	124.0	42.3	5	100.0
07/29/2006 13:05	45.0	36.6	46.0	39.8	45.0	39.8	38.0	44.2	45.0	41.4	219.0	40.2	5	100.0
07/29/2006 13:10	47.0	36.7	44.0	39.9	46.0	40.0	41.0	42.0	44.0	40.5	222.0	39.8	5	100.0
07/29/2006 13:15	54.0	37.0	50.0	40.3	44.0	37.9	43.0	41.8	49.0	37.6	240.0	38.8	5	100.0
07/29/2006 13:20	47.0	29.0	47.0	33.1	43.0	33.3	40.0	38.0	43.0	31.4	220.0	32.8	5	100.0
07/29/2006 13:25	44.0	30.9	45.0	33.5	44.0	34.6	36.0	37.3	42.0	33.1	211.0	33.8	5	100.0
07/29/2006 13:30	50.0	33.6	47.0	37.4	45.0	37.2	37.0	38.4	46.0	34.6	225.0	36.1	5	100.0
07/29/2006 13:35	47.0	37.7	49.0	42.5	45.0	41.5	44.0	44.4	47.0	40.2	232.0	41.2	5	100.0
07/29/2006 13:40	49.0	37.6	47.0	42.5	42.0	40.2	43.0	45.9	50.0	40.8	231.0	41.3	5	100.0
07/29/2006 13:45	49.0	34.9	45.0	38.7	45.0	38.2	41.0	44.1	41.0	38.6	221.0	38.7	5	100.0
07/29/2006 13:50	49.0	34.4	45.0	38.4	43.0	37.0	40.0	42.1	43.0	39.0	220.0	38.0	5	100.0
07/29/2006 13:55	51.0	35.0	50.0	39.5	42.0	38.6	42.0	43.5	49.0	41.5	234.0	39.5	5	100.0
07/29/2006 14:00	49.0	35.4	45.0	39.9	46.0	39.5	39.0	42.4	45.0	40.6	224.0	39.4	5	100.0
07/29/2006 14:05	48.0	30.5	46.0	36.2	42.0	37.9	43.0	40.4	45.0	40.0	224.0	36.9	5	100.0
07/29/2006 14:10	49.0	27.8	47.0	33.5	41.0	33.9	44.0	38.9	48.0	37.7	229.0	34.3	5	100.0
07/29/2006 14:15	49.0	31.5	46.0	36.7	36.0	34.5	41.0	41.5	43.0	39.1	215.0	36.5	5	100.0
07/29/2006 14:20	53.0	33.1	46.0	37.9	51.0	37.2	44.0	41.4	51.0	40.1	245.0	37.8	5	100.0
07/29/2006 14:25	55.0	34.3	48.0	37.8	42.0	37.1	41.0	42.1	49.0	38.9	235.0	37.8	5	100.0
07/29/2006 14:30	49.0	29.0	45.0	30.4	43.0	31.4	40.0	35.2	44.0	33.2	221.0	31.7	5	100.0
07/29/2006 14:35	46.0	28.3	44.0	31.1	39.0	30.6	39.0	34.3	40.0	30.3	208.0	30.8	5	100.0
07/29/2006 14:40	46.0	30.9	47.0	34.5	41.0	34.5	36.0	36.5	44.0	34.3	214.0	34.0	5	100.0
07/29/2006 14:45	51.0	31.3	47.0	35.0	43.0	33.7	45.0	36.4	43.0	31.2	229.0	33.5	5	100.0
07/29/2006 14:50	49.0	32.8	45.0	35.5	51.0	36.1	39.0	36.6	42.0	31.8	226.0	34.6	5	100.0
07/29/2006 14:55	53.0	36.0	47.0	38.3	45.0	38.5	43.0	40.2	47.0	34.4	235.0	37.4	5	100.0
07/29/2006 15:00	47.0	37.7	48.0	40.7	45.0	39.9	38.0	42.0	43.0	38.7	221.0	39.7	5	100.0
07/29/2006 15:05	49.0	37.6	43.0	40.8	46.0	40.3	39.0	43.7	46.0	41.4	223.0	40.6	5	100.0
07/29/2006 15:10	47.0	35.4	44.0	38.8	42.0	37.6	39.0	41.7	44.0	39.3	216.0	38.5	5	100.0
07/29/2006 15:15	49.0	35.3	47.0	38.2	41.0	35.7	41.0	40.0	44.0	38.7	222.0	37.5	5	100.0
07/29/2006 15:20	44.0	29.4	41.0	31.2	41.0	31.3	41.0	33.9	43.0	34.1	210.0	32.0	5	100.0
07/29/2006 15:25	48.0	29.7	45.0	31.8	41.0	31.6	43.0	34.5	41.0	35.1	218.0	32.5	5	100.0
07/29/2006 15:30	51.0	32.7	46.0	34.2	44.0	34.2	43.0	37.4	44.0	37.1	228.0	35.0	5	100.0
07/29/2006 15:35	53.0	36.8	45.0	38.8	46.0	39.1	43.0	42.5	46.0	40.6	233.0	39.4	5	100.0
07/29/2006 15:40	55.0	37.3	51.0	40.6	47.0	40.3	44.0	44.9	45.0	42.7	242.0	41.0	5	100.0
07/29/2006 15:45	52.0	37.1	51.0	41.3	47.0	40.8	46.0	44.7	48.0	42.4	244.0	41.2	5	100.0
07/29/2006 15:50	49.0	38.1	48.0	42.4	43.0	41.8	49.0	46.7	42.0	43.3	231.0	42.5	5	100.0
07/29/2006 15:55	46.0	30.5	44.0	33.5	42.0	34.3	42.0	37.8	43.0	37.3	217.0	34.6	5	100.0
07/29/2006 16:00	45.0	35.2	48.0	34.1	43.0	34.5	43.0	39.1	44.0	37.4	223.0	36.0	5	100.0
07/29/2006 16:05	51.0	39.2	45.0	34.4	42.0	35.4	46.0	40.4	43.0	38.8	227.0	37.7	5	100.0
07/29/2006 16:10	56.0	43.1	50.0	36.4	46.0	35.9	42.0	40.3	44.0	38.8	238.0	39.0	5	100.0
07/29/2006 16:15	51.0	46.3	45.0	37.9	45.0	37.9	41.0	41.3	47.0	40.2	229.0	40.9	5	100.0
07/29/2006 16:20	53.0	49.4	47.0	40.8	41.0	40.5	45.0	44.8	45.0	43.1	231.0	43.9	5	100.0
07/29/2006 16:25	49.0	49.3	48.0	40.2	46.0	40.7	44.0	44.4	43.0	41.6	230.0	43.3	5	100.0
07/29/2006 16:30	53.0	44.4	49.0	36.0	45.0	35.7	44.0	38.8	42.0	36.9	233.0	38.5	5	100.0
07/29/2006 16:35	48.0	36.9	45.0	30.9	43.0	32.2	43.0	35.7	42.0	35.3	221.0	34.2	5	100.0
07/29/2006 16:40	50.0	37.0	43.0	31.3	43.0	32.2	43.0	35.5	42.0	36.3	221.0	34.5	5	100.0
07/29/2006 16:45	49.0	39.2	47.0	33.1	42.0	33.2	45.0	36.8	45.0	37.5	228.0	36.0	5	100.0
07/29/2006 16:50	50.0	43.4	50.0	36.3	46.0	35.1	44.0	38.5	44.0	39.8	234.0	38.7	5	100.0
07/29/2006 16:55	54.0	47.4	47.0	38.7	49.0	37.3	40.0	39.6	45.0	42.1	235.0	41.2	5	100.0
07/29/2006 17:00	50.0	44.5	50.0	42.4	43.0	40.9	43.0	44.4	42.0	44.1	228.0	43.3	5	100.0
07/29/2006 17:05	52.0	36.1	47.0	38.1	47.0	39.2	45.0	41.1	45.0	40.9	236.0	39.0	5	100.0
07/29/2006 17:10	45.0	33.1	42.0	35.8	39.0	35.6	42.0	40.4	41.0	38.8	209.0	36.7	5	100.0
07/29/2006 17:15	52.0	34.1	46.0	37.0	42.0	35.6	43.0	40.9	45.0	38.7	228.0	37.2	5	100.0
07/29/2006 17:20	51.0	31.0	45.0	33.9	44.0	34.0	46.0	39.8	44.0	38.4	230.0	35.3	5	100.0
07/29/2006 17:25	49.0	28.2	45.0	30.8	43.0	32.1	41.0	37.8	39.0	37.5	217.0	33.0	5	100.0
07/29/2006 17:30	48.0	30.5	45.0	32.6	43.0	33.7	42.0	37.6	41.0	36.8	219.0	34.1	5	100.0
07/29/2006 17:35	50.0	31.1	47.0	33.4	43.0	33.8	37.0	38.0	45.0	38.5	222.0	34.8	5	100.0
07/29/2006 17:40	49.0	31.1	44.0	34.2	43.0	33.9	39.0	38.6	43.0	38.6	218.0	35.1	5	100.0
07/29/2006 17:45	51.0	30.9	43.0	33.6	39.0	34.0	42.0	38.8	41.0	38.1	216.0	34.9	5	100.0
07/29/2006 17:50	45.0	29.7	43.0	30.1	41.0	31.8	41.0	36.8	39.0	36.2	209.0	32.8	5	100.0
07/29/2006 17:55	51.0	34.1	50.0	36.3	44.0	37.1	38.0	41.2	44.0	40.3	227.0	37.6	5	100.0
07/29/2006 18:00	50.0	45.5	43.0	42.3	38.0	43.2	44.0	46.5	46.0	43.8	221.0	44.3	5	100.0
07/29/2006 18:05	49.0	54.6	47.0	47.0	46.0	46.8	43.0	46.7	50.0	45.0	235.0	48.1	5	100.0
07/29/2006 18:10	41.0	64.2	49.0	54.0	43.0	54.3	45.0	54.2	46.0	52.2	224.0	55.6	5	100.0
07/29/2006 18:15	37.0	71.4	45.0	59.5	40.0	58.6	42.0	59.1	42.0	57.6	206.0	61.0	5	100.0
07/29/2006 18:20	44.0	73.6	47.0	61.6	46.0	60.6	46.0	63.4	52.0	59.2	235.0	63.5	5	100.0
07/29/2006 18:25	44.0	73.5	42.0	60.6	46.0	63.0	42.0	66.0	43.0	57.7	217.0	64.2	5	100.0
07/29/2006 18:30	35.0	77.4	41.0	63.7	45.0	62.2	40.0	65.1	39.0	59.6	200.0	65.2	5	100.0
07/29/2006 18:35	46.0	76.2	51.0	63.3	47.0	62.5	44.0	64.5	45.0	60.3	233.0	65.3	5	100.0
07/29/2006 18:40	33.0	77.1	37.0	63.8	40.0	63.4	46.0	67.0	40.0	61.3	196.0	66.2	5	100.0
07/29/2006 18:45	40.0	75.6	46.0	63.5	43.0	63.4	39.0	65.8	42.0	63.4	210.0	66.2	5	100.0
07/29/2006 18:50	34.0	77.5	35.0	63.2	34.0	64.4	36.0	67.6	35.0	60.7	174.0	66.6	5	100.0
07/29/2006 18:55	35.0	78.5	38.0	64.0	42.0	63.1	36.0	67.8	40.0	60.6	191.0	66.5	5	100.0
07/29/2006 19:00	36.0	81.4	44.0	64.9	41.0	64.4	43.0	65.3	42.0	61.5	206.0	67.1	5	100.0
07/29/2006 19:05	31.0	81.9	39.0	67.3	39.0	65.5	37.0	69.1	38.0	63.8	184.0	69.0	5	100.0
07/29/2006 19:10	35.0	81.1	44.0	67.6	39.0	66.2	41.0	70.0	39.0	66.7	198.0	70.0	5	100.0
07/29/2006 19:15	31.0	79.3	38.0	65.6	32.0	66.5	39.0	69.9	35.0	67.3	175.0	69.5	5	100.0
07/29/2006 19:20	31.0	80.3	35.0	64.6	37.0	66.8	36.0	69.4	39.0	67.2	178.0	69.3	5	100.0
07/29/2006 19:25	31.0	81.4	43.0	66.9	36.0	64.5	34.0	69.5	38.0	65.9	182.0	69.2	5	100.0
07/29/2006 19:30	31.0	78.9	35.0	66.1	35.0	66.7	35.0	69.2	29.0	60.7	165.0	68.3	5	100.0
07/29/2006 19:35	27.0	78.9	30.0	66.4	35.0	67.0	28.0	69.6	35.0	65.0	155.0	69.0	5	100.0
07/29/2006 19:40	31.0	78.2	39.0	66.2	33.0	67.4	37.0	70.4	33.0	65.7	173.0	69.4	5	100.0
07/29/2006 19:45	32.0	78.5	39.0	65.7	35.0	64.3	35.0	68.8	37.0	64.6	178.0	68.1	5	100.0
07/29/2006 19:50	34.0	78.3	41.0	66.1	39.0	65.2	39.0	68.5	36.0	62.2	189.0	67.9	5	100.0
07/29/2006 19:55	31.0	80.4	36.0	66.8	35.0	67.1	34.0	70.5	34.0	63.1	170.0	69.3	5	100.0
07/29/2006 20:00	32.0	79.6	39.0	70.6	34.0	69.5	32.0	70.2	30.0	64.3	167.0	70.9	5	100.0
07/29/2006 20:05	33.0	76.4	37.0	70.6	33.0	66.7	32.0	67.5	30.0	65.0	165.0	69.4	5	100.0
07/29/2006 20:10	26.0	75.0	32.0	71.5	32.0	71.4	30.0	67.5	33.0	66.7	153.0	70.3	5	100.0
07/29/2006 20:15	34.0	76.0	36.0	71.0	38.0	73.9	31.0	68.5	34.0	66.0	173.0	71.2	5	100.0
07/29/2006 20:20	36.0	77.8	36.0	72.7	37.0	74.1	32.0	67.0	29.0	63.9	170.0	71.5	5	100.0
07/29/2006 20:25	28.0	78.0	36.0	74.2	33.0	72.0	26.0	69.6	29.0	65.9	152.0	72.1	5	100.0
07/29/2006 20:30	21.0	77.8	21.0	73.1	22.0	73.0	24.0	69.4	19.0	64.4	107.0	71.6	5	100.0
07/29/2006 20:35	27.0	77.4	32.0	72.9	31.0	73.0	32.0	71.0	31.0	64.4	153.0	71.6	5	100.0
07/29/2006 20:40	33.0	76.6	39.0	70.5	38.0	70.2	34.0	65.5	32.0	63.1	176.0	69.3	5	100.0
07/29/2006 20:45	27.0	76.8	35.0	72.1	32.0	70.0	35.0	66.6	33.0	63.9	162.0	69.6	5	100.0
07/29/2006 20:50	28.0	78.1	36.0	72.8	37.0	69.3	38.0	64.3	37.0	62.7	176.0	68.9	5	100.0
07/29/2006 20:55	28.0	76.6	34.0	72.4	34.0	68.1	36.0	65.8	29.0	61.0	161.0	68.7	5	100.0
07/29/2006 21:00	27.0	75.6	31.0	74.7	39.0	73.8	34.0	67.6	31.0	60.1	162.0	70.3	5	100.0
07/29/2006 21:05	27.0	75.1	35.0	74.4	39.0	73.6	43.0	67.9	38.0	60.6	182.0	69.9	5	100.0
07/29/2006 21:10	27.0	77.7	36.0	76.2	40.0	71.8	35.0	65.4	31.0	61.2	169.0	70.4	5	100.0
07/29/2006 21:15	28.0	75.4	37.0	75.1	34.0	69.6	36.0	67.5	37.0	59.4	172.0	69.1	5	100.0
07/29/2006 21:20	26.0	76.9	37.0	75.5	37.0	70.2	36.0	65.4	38.0	58.2	174.0	68.7	5	100.0
07/29/2006 21:25	27.0	63.8	31.0	61.3	31.0	55.7	35.0	59.8	30.0	54.7	154.0	59.0	5	100.0
07/29/2006 21:30	26.0	70.3	30.0	67.9	31.0	67.3	41.0	67.7	26.0	56.2	154.0	66.2	5	100.0
07/29/2006 21:35	34.0	73.2	41.0	69.9	39.0	69.0	39.0	70.2	38.0	59.7	191.0	68.3	5	100.0
07/29/2006 21:40	36.0	74.3	41.0	70.4	38.0	69.6	38.0	69.2	35.0	60.6	188.0	68.9	5	100.0
07/29/2006 21:45	30.0	77.7	30.0	71.7	37.0	68.0	30.0	64.6	35.0	61.0	162.0	68.3	5	100.0
07/29/2006 21:50	19.0	76.3	31.0	72.5	26.0	72.3	27.0	67.0	32.0	62.7	135.0	69.6	5	100.0
07/29/2006 21:55	16.0	78.2	24.0	73.9	30.0	74.7	27.0	67.6	26.0	65.3	123.0	71.5	5	100.0
07/29/2006 22:00	28.0	77.1	38.0	74.9	35.0	75.1	38.0	67.1	33.0	62.3	172.0	71.2	5	100.0
07/29/2006 22:05	25.0	79.8	42.0	76.9	39.0	75.4	38.0	70.1	38.0	64.2	182.0	72.9	5	100.0
07/29/2006 22:10	23.0	79.4	32.0	76.9	32.0	75.4	34.0	70.3	32.0	66.2	153.0	73.3	5	100.0
07/29/2006 22:15	31.0	76.4	34.0	73.5	41.0	73.2	39.0	68.0	31.0	64.0	176.0	71.0	5	100.0
07/29/2006 22:20	31.0	76.4	31.0	75.2	28.0	71.2	33.0	68.1	24.0	66.3	147.0	71.6	5	100.0
07/29/2006 22:25	27.0	75.3	35.0	73.1	38.0	70.8	33.0	70.1	35.0	63.0	168.0	70.2	5	100.0
07/29/2006 22:30	29.0	75.3	42.0	74.0	33.0	70.5	36.0	69.2	28.0	63.3	168.0	70.7	5	100.0
07/29/2006 22:35	21.0	75.4	33.0	77.2	31.0	71.8	29.0	69.4	24.0	64.6	138.0	71.9	5	100.0
07/29/2006 22:40	29.0	76.7	32.0	76.4	37.0	74.6	31.0	68.2	35.0	64.0	164.0	71.9	5	100.0
07/29/2006 22:45	27.0	77.6	33.0	76.4	32.0	74.5	30.0	66.5	28.0	64.6	150.0	72.0	5	100.0
07/29/2006 22:50	15.0	77.1	18.0	75.8	18.0	74.6	18.0	68.9	15.0	64.9	84.0	72.4	5	100.0
07/29/2006 22:55	27.0	78.0	28.0	74.6	29.0	74.5	33.0	71.0	31.0	65.4	148.0	72.5	5	100.0
07/29/2006 23:00	28.0	77.4	33.0	74.2	34.0	73.3	33.0	70.1	33.0	64.0	161.0	71.6	5	100.0
07/29/2006 23:05	22.0	74.9	31.0	74.9	26.0	70.2	29.0	69.1	32.0	63.6	140.0	70.2	5	100.0
07/29/2006 23:10	23.0	76.4	30.0	74.7	30.0	71.7	32.0	67.7	28.0	63.4	143.0	70.6	5	100.0
07/29/2006 23:15	23.0	76.1	30.0	76.9	31.0	70.4	32.0	66.2	26.0	63.2	142.0	70.4	5	100.0
07/29/2006 23:20	26.0	76.1	35.0	76.5	35.0	71.5	32.0	68.9	33.0	66.1	161.0	71.7	5	100.0
07/29/2006 23:25	19.0	77.0	25.0	77.1	23.0	73.5	25.0	70.7	21.0	64.7	113.0	72.6	5	100.0
07/29/2006 23:30	17.0	76.8	25.0	75.8	29.0	73.8	27.0	69.3	25.0	65.3	123.0	71.9	5	100.0
07/29/2006 23:35	22.0	76.9	25.0	76.3	29.0	73.9	31.0	70.1	25.0	65.1	132.0	72.3	5	100.0
07/29/2006 23:40	23.0	76.9	34.0	76.8	35.0	71.3	32.0	68.8	27.0	65.2	151.0	71.8	5	100.0
07/29/2006 23:45	18.0	76.3	26.0	76.6	28.0	72.7	24.0	70.0	24.0	62.9	120.0	71.6	5	100.0
07/29/2006 23:50	19.0	76.1	25.0	75.3	29.0	72.8	25.0	69.5	21.0	63.1	119.0	71.4	5	100.0
07/29/2006 23:55	15.0	76.0	22.0	74.9	27.0	73.9	23.0	69.4	22.0	62.5	109.0	71.1	5	100.0
07/30/2006 00:00	19.0	76.5	26.0	74.0	29.0	72.0	27.0	69.2	24.0	64.5	125.0	71.1	5	100.0
07/30/2006 00:05	17.0	76.5	27.0	74.4	27.0	71.5	23.0	70.9	22.0	62.2	116.0	71.0	5	100.0
07/30/2006 00:10	11.0	75.9	21.0	72.7	20.0	72.4	21.0	70.4	19.0	63.3	92.0	70.6	5	100.0
07/30/2006 00:15	10.0	75.8	18.0	72.6	19.0	69.4	19.0	69.5	17.0	65.2	83.0	70.0	5	100.0
07/30/2006 00:20	15.0	75.6	24.0	70.7	21.0	68.9	26.0	67.5	26.0	62.1	112.0	68.3	5	100.0
07/30/2006 00:25	9.0	76.2	12.0	72.6	18.0	72.6	18.0	70.3	15.0	62.0	72.0	70.3	5	100.0
07/30/2006 00:30	11.0	76.4	20.0	72.6	20.0	71.7	19.0	67.2	13.0	63.0	83.0	70.1	5	100.0
07/30/2006 00:35	11.0	77.1	18.0	74.1	18.0	72.6	15.0	68.7	15.0	61.6	77.0	70.7	5	100.0
07/30/2006 00:40	11.0	76.4	19.0	74.2	19.0	71.6	19.0	68.1	19.0	63.4	87.0	70.2	5	100.0
07/30/2006 00:45	9.0	76.1	10.0	74.5	18.0	72.3	15.0	68.8	13.0	64.7	65.0	70.8	5	100.0
07/30/2006 00:50	11.0	76.5	16.0	74.8	18.0	74.1	14.0	66.7	13.0	64.4	72.0	71.4	5	100.0
07/30/2006 00:55	9.0	76.0	17.0	73.7	18.0	72.9	18.0	66.5	13.0	65.1	75.0	70.6	5	100.0
07/30/2006 01:00	4.0	76.3	10.0	73.9	13.0	72.4	14.0	67.5	13.0	62.6	54.0	69.3	5	100.0
07/30/2006 01:05	5.0	76.5	15.0	75.4	16.0	72.7	11.0	67.6	11.0	63.1	58.0	70.9	5	100.0
07/30/2006 01:10	9.0	76.7	14.0	75.2	14.0	72.9	14.0	68.8	14.0	62.9	65.0	70.9	5	100.0
07/30/2006 01:15	4.0	76.4	11.0	74.4	16.0	73.0	13.0	68.6	16.0	64.5	60.0	70.3	5	100.0
07/30/2006 01:20	4.0	76.5	9.0	74.6	16.0	73.4	17.0	69.8	11.0	65.3	57.0	71.2	5	100.0
07/30/2006 01:25	6.0	76.4	14.0	74.9	13.0	72.8	12.0	67.5	12.0	63.7	57.0	70.7	5	100.0
07/30/2006 01:30	9.0	76.5	16.0	73.5	12.0	71.3	13.0	68.7	12.0	63.7	62.0	70.6	5	100.0
07/30/2006 01:35	5.0	76.5	11.0	73.3	15.0	72.1	17.0	69.6	10.0	64.3	58.0	70.6	5	100.0
07/30/2006 01:40	3.0	76.3	9.0	73.8	11.0	72.9	13.0	70.7	9.0	64.8	45.0	71.1	5	100.0
07/30/2006 01:45	5.0	76.4	12.0	74.0	11.0	72.0	12.0	70.9	10.0	64.9	50.0	71.2	5	100.0
07/30/2006 01:50	6.0	76.1	14.0	74.7	11.0	72.5	11.0	70.8	9.0	64.8	51.0	71.8	5	100.0
07/30/2006 01:55	5.0	76.5	13.0	74.8	13.0	70.6	11.0	70.1	11.0	63.5	53.0	70.6	5	100.0
07/30/2006 02:00	5.0	76.6	15.0	74.7	15.0	69.4	15.0	66.6	11.0	62.8	61.0	69.4	5	100.0
07/30/2006 02:05	4.0	76.7	16.0	74.2	17.0	70.6	16.0	68.8	12.0	62.8	65.0	70.0	5	100.0
07/30/2006 02:10	4.0	76.8	10.0	74.3	10.0	71.0	16.0	68.6	14.0	63.9	54.0	69.5	5	100.0
07/30/2006 02:15	4.0	76.8	8.0	74.2	11.0	71.1	10.0	68.9	10.0	64.8	43.0	70.2	5	100.0
07/30/2006 02:20	4.0	76.4	13.0	74.3	11.0	70.9	15.0	69.9	11.0	65.3	54.0	70.7	5	100.0
07/30/2006 02:25	1.0	76.0	5.0	74.1	6.0	71.4	7.0	69.1	7.0	64.6	26.0	69.6	5	100.0
07/30/2006 02:30	4.0	76.7	9.0	74.3	11.0	71.3	10.0	69.7	9.0	64.9	43.0	70.7	5	100.0
07/30/2006 02:35	3.0	76.8	9.0	73.7	10.0	71.9	13.0	69.8	10.0	62.9	45.0	70.0	5	100.0
07/30/2006 02:40	4.0	76.4	11.0	73.9	10.0	71.1	13.0	70.0	8.0	63.2	46.0	70.5	5	100.0
07/30/2006 02:45	6.0	76.5	12.0	73.8	13.0	71.0	9.0	68.8	7.0	63.9	47.0	70.9	5	100.0
07/30/2006 02:50	5.0	76.6	13.0	73.7	13.0	71.4	9.0	68.7	8.0	64.1	48.0	70.8	5	100.0
07/30/2006 02:55	6.0	76.7	9.0	73.6	8.0	70.9	10.0	69.7	8.0	63.9	41.0	70.7	5	100.0
07/30/2006 03:00	1.0	76.8	5.0	73.4	8.0	70.8	7.0	70.2	8.0	64.7	29.0	69.6	5	100.0
07/30/2006 03:05	2.0	76.6	7.0	73.6	8.0	71.1	10.0	69.6	6.0	64.5	33.0	70.3	5	100.0
07/30/2006 03:10	5.0	76.6	12.0	73.1	8.0	71.2	9.0	69.5	7.0	64.4	41.0	70.9	5	100.0
07/30/2006 03:15	2.0	76.6	5.0	73.7	8.0	71.5	9.0	68.7	5.0	64.1	29.0	70.1	5	100.0
07/30/2006 03:20	3.0	76.6	4.0	73.8	5.0	71.2	7.0	69.4	10.0	64.9	29.0	69.5	5	100.0
07/30/2006 03:25	3.0	76.6	8.0	74.1	5.0	71.7	7.0	68.3	6.0	64.4	29.0	70.5	5	100.0
07/30/2006 03:30	1.0	77.0	8.0	73.7	6.0	71.8	6.0	69.3	5.0	64.5	26.0	70.6	5	100.0
07/30/2006 03:35	1.0	77.1	5.0	73.9	7.0	72.2	9.0	69.0	7.0	64.4	29.0	69.8	5	100.0
07/30/2006 03:40	2.0	77.1	6.0	74.0	7.0	72.0	10.0	69.7	6.0	64.5	31.0	70.5	5	100.0
07/30/2006 03:45	3.0	76.9	7.0	74.1	7.0	71.5	7.0	69.0	8.0	64.2	32.0	70.2	5	100.0
07/30/2006 03:50	2.0	76.7	7.0	73.8	7.0	71.7	11.0	69.6	9.0	64.5	36.0	69.9	5	100.0
07/30/2006 03:55	3.0	76.5	7.0	73.6	9.0	71.9	10.0	69.8	11.0	64.8	40.0	70.1	5	100.0
07/30/2006 04:00	2.0	76.3	7.0	73.8	6.0	71.8	8.0	69.8	6.0	64.9	29.0	70.6	5	100.0
07/30/2006 04:05	2.0	76.1	8.0	73.4	7.0	71.6	8.0	68.2	4.0	64.7	29.0	70.5	5	100.0
07/30/2006 04:10	2.0	76.1	8.0	73.8	8.0	71.9	6.0	68.4	5.0	64.9	29.0	70.8	5	100.0
07/30/2006 04:15	2.0	76.2	5.0	73.6	5.0	72.1	5.0	69.0	5.0	64.9	22.0	70.5	5	100.0
07/30/2006 04:20	1.0	76.0	9.0	73.5	11.0	72.2	10.0	67.6	5.0	64.9	36.0	70.3	5	100.0
07/30/2006 04:25	3.0	76.1	5.0	73.7	6.0	72.2	8.0	67.7	4.0	64.5	26.0	70.4	5	100.0
07/30/2006 04:30	0.0	76.1	2.0	73.9	6.0	72.1	5.0	68.6	4.0	64.6	17.0	69.5	5	100.0
07/30/2006 04:35	1.0	76.3	2.0	74.2	5.0	71.7	8.0	69.2	3.0	64.8	19.0	70.1	5	100.0
07/30/2006 04:40	0.0	76.3	5.0	74.3	4.0	71.8	4.0	68.4	4.0	64.5	17.0	70.0	5	100.0
07/30/2006 04:45	3.0	76.3	9.0	73.7	4.0	71.7	1.0	69.3	1.0	64.1	18.0	72.9	5	100.0
07/30/2006 04:50	1.0	76.1	5.0	73.3	5.0	71.1	2.0	69.1	5.0	64.6	18.0	70.0	5	100.0
07/30/2006 04:55	4.0	76.0	7.0	73.5	7.0	71.7	2.0	69.6	4.0	65.2	24.0	71.7	5	100.0
07/30/2006 05:00	3.0	76.1	5.0	73.6	2.0	70.8	2.0	70.1	2.0	64.8	14.0	72.0	5	100.0
07/30/2006 05:05	5.0	76.2	9.0	73.8	4.0	71.6	2.0	70.3	1.0	64.2	21.0	73.2	5	100.0
07/30/2006 05:10	1.0	76.5	6.0	73.5	5.0	71.7	2.0	69.1	3.0	64.5	17.0	71.0	5	100.0
07/30/2006 05:15	3.0	76.4	8.0	73.6	5.0	71.1	1.0	69.2	4.0	64.0	21.0	71.4	5	100.0
07/30/2006 05:20	1.0	76.2	8.0	73.2	6.0	71.7	2.0	69.4	1.0	64.3	18.0	72.0	5	100.0
07/30/2006 05:25	3.0	76.1	11.0	73.2	3.0	71.7	4.0	68.9	1.0	64.4	22.0	72.2	5	100.0
07/30/2006 05:30	3.0	76.2	7.0	72.9	7.0	71.4	6.0	69.8	3.0	64.9	26.0	71.2	5	100.0
07/30/2006 05:35	2.0	76.2	10.0	72.9	7.0	71.6	5.0	69.7	5.0	64.5	29.0	70.8	5	100.0
07/30/2006 05:40	2.0	76.2	9.0	73.7	7.0	71.6	4.0	69.2	1.0	64.5	23.0	72.1	5	100.0
07/30/2006 05:45	1.0	76.0	6.0	73.9	9.0	72.1	2.0	68.9	3.0	64.2	21.0	71.4	5	100.0
07/30/2006 05:50	1.0	76.3	1.0	74.2	2.0	71.8	0.0	68.9	2.0	65.0	6.0	70.7	5	100.0
07/30/2006 05:55	1.0	76.1	12.0	73.9	7.0	72.1	4.0	68.9	3.0	65.2	27.0	71.8	5	100.0
07/30/2006 06:00	1.0	76.1	4.0	73.8	9.0	71.5	8.0	69.2	7.0	65.5	29.0	69.9	5	100.0
07/30/2006 06:05	1.0	76.1	7.0	73.9	8.0	70.7	7.0	68.5	5.0	65.4	28.0	70.2	5	100.0
07/30/2006 06:10	2.0	76.3	4.0	74.1	9.0	70.9	9.0	69.4	7.0	64.7	31.0	69.8	5	100.0
07/30/2006 06:15	2.0	76.4	10.0	74.3	10.0	71.6	11.0	68.7	8.0	64.8	41.0	70.4	5	100.0
07/30/2006 06:20	1.0	76.8	7.0	74.0	11.0	72.1	12.0	68.4	6.0	64.7	37.0	70.2	5	100.0
07/30/2006 06:25	1.0	77.0	9.0	74.1	11.0	72.4	10.0	68.1	8.0	64.8	39.0	70.2	5	100.0
07/30/2006 06:30	4.0	76.8	9.0	73.8	11.0	72.8	7.0	69.0	6.0	63.7	37.0	71.3	5	100.0
07/30/2006 06:35	1.0	76.5	9.0	73.8	10.0	72.8	8.0	67.0	9.0	62.7	37.0	69.4	5	100.0
07/30/2006 06:40	4.0	76.7	11.0	74.3	11.0	72.1	16.0	70.0	6.0	63.7	48.0	71.2	5	100.0
07/30/2006 06:45	1.0	76.4	10.0	74.0	15.0	72.2	12.0	69.1	13.0	63.4	51.0	69.7	5	100.0
07/30/2006 06:50	4.0	76.4	10.0	73.5	11.0	72.6	9.0	69.5	6.0	63.7	40.0	71.2	5	100.0
07/30/2006 06:55	1.0	76.8	6.0	74.0	6.0	72.6	7.0	69.7	5.0	63.8	25.0	70.5	5	100.0
07/30/2006 07:00	5.0	76.6	12.0	74.6	13.0	72.7	13.0	68.1	11.0	64.7	54.0	70.7	5	100.0
07/30/2006 07:05	6.0	76.7	13.0	74.7	13.0	71.5	14.0	69.8	9.0	65.7	55.0	71.4	5	100.0
07/30/2006 07:10	9.0	76.7	15.0	75.2	15.0	71.5	12.0	69.0	7.0	65.5	58.0	72.0	5	100.0
07/30/2006 07:15	7.0	76.6	16.0	74.2	18.0	70.7	16.0	69.9	13.0	66.3	70.0	71.1	5	100.0
07/30/2006 07:20	6.0	76.5	16.0	74.8	15.0	71.1	18.0	66.5	10.0	65.5	65.0	70.4	5	100.0
07/30/2006 07:25	5.0	76.0	16.0	73.1	18.0	71.0	15.0	66.2	9.0	64.8	63.0	69.9	5	100.0
07/30/2006 07:30	8.0	76.2	17.0	75.0	19.0	71.4	18.0	68.9	14.0	64.2	76.0	70.8	5	100.0
07/30/2006 07:35	7.0	76.2	20.0	74.9	16.0	71.4	17.0	67.3	10.0	65.3	70.0	71.0	5	100.0
07/30/2006 07:40	12.0	75.8	26.0	73.9	18.0	71.4	26.0	69.7	14.0	61.6	96.0	70.7	5	100.0
07/30/2006 07:45	11.0	75.5	21.0	71.2	19.0	71.8	22.0	65.6	14.0	62.6	87.0	69.1	5	100.0
07/30/2006 07:50	7.0	75.6	16.0	71.8	18.0	72.4	17.0	67.4	17.0	62.4	75.0	69.2	5	100.0
07/30/2006 07:55	10.0	75.8	19.0	73.6	18.0	70.7	18.0	64.8	23.0	64.2	88.0	69.0	5	100.0
07/30/2006 08:00	9.0	75.8	21.0	73.3	20.0	72.4	20.0	68.3	12.0	64.4	82.0	70.8	5	100.0
07/30/2006 08:05	10.0	76.5	24.0	74.5	24.0	73.7	22.0	71.8	19.0	66.7	99.0	72.4	5	100.0
07/30/2006 08:10	3.0	76.4	13.0	74.7	11.0	73.2	11.0	70.1	9.0	65.5	47.0	71.6	5	100.0
07/30/2006 08:15	11.0	77.0	19.0	72.8	19.0	70.8	24.0	71.5	19.0	66.0	92.0	71.1	5	100.0
07/30/2006 08:20	10.0	76.9	18.0	72.0	18.0	72.5	23.0	71.5	19.0	67.1	88.0	71.5	5	100.0
07/30/2006 08:25	11.0	76.1	23.0	72.2	26.0	72.7	26.0	72.4	22.0	65.2	108.0	71.3	5	100.0
07/30/2006 08:30	11.0	76.1	27.0	73.2	23.0	74.8	23.0	66.6	19.0	64.8	103.0	70.8	5	100.0
07/30/2006 08:35	16.0	76.1	27.0	74.8	27.0	71.1	26.0	69.4	24.0	64.3	120.0	70.9	5	100.0
07/30/2006 08:40	12.0	76.1	29.0	72.1	23.0	72.5	29.0	70.6	28.0	65.6	121.0	70.7	5	100.0
07/30/2006 08:45	17.0	75.5	24.0	72.7	27.0	71.1	26.0	66.1	28.0	66.7	122.0	70.0	5	100.0
07/30/2006 08:50	16.0	75.8	28.0	71.8	28.0	71.5	23.0	67.5	30.0	67.9	125.0	70.5	5	100.0
07/30/2006 08:55	11.0	76.0	28.0	74.1	23.0	72.1	27.0	66.3	26.0	68.7	115.0	70.8	5	100.0
07/30/2006 09:00	13.0	75.9	25.0	74.7	23.0	72.7	27.0	65.5	24.0	67.6	112.0	70.7	5	100.0
07/30/2006 09:05	18.0	76.0	27.0	72.5	29.0	71.2	28.0	68.8	31.0	67.6	133.0	70.8	5	100.0
07/30/2006 09:10	14.0	75.5	29.0	72.8	27.0	68.6	29.0	65.3	20.0	64.2	119.0	68.9	5	100.0
07/30/2006 09:15	19.0	75.3	29.0	71.2	29.0	70.2	31.0	67.3	34.0	63.2	142.0	68.8	5	100.0
07/30/2006 09:20	21.0	76.8	25.0	73.3	29.0	69.9	33.0	65.7	29.0	63.5	137.0	69.2	5	100.0
07/30/2006 09:25	29.0	77.4	34.0	74.9	33.0	71.0	29.0	67.7	31.0	66.3	156.0	71.5	5	100.0
07/30/2006 09:30	19.0	77.5	35.0	73.8	28.0	70.7	29.0	70.0	31.0	64.1	142.0	70.8	5	100.0
07/30/2006 09:35	29.0	73.9	34.0	73.6	38.0	69.6	35.0	68.7	33.0	62.7	169.0	69.6	5	100.0
07/30/2006 09:40	25.0	75.3	32.0	73.8	33.0	68.9	35.0	65.5	29.0	62.9	154.0	69.1	5	100.0
07/30/2006 09:45	28.0	75.5	43.0	72.8	38.0	70.0	39.0	68.2	41.0	64.7	189.0	69.9	5	100.0
07/30/2006 09:50	26.0	74.6	34.0	72.5	39.0	69.7	34.0	66.1	31.0	61.6	164.0	68.8	5	100.0
07/30/2006 09:55	29.0	77.4	36.0	72.1	36.0	71.9	36.0	67.2	37.0	62.1	174.0	69.8	5	100.0
07/30/2006 10:00	26.0	77.1	37.0	66.6	32.0	65.8	35.0	65.4	40.0	62.0	170.0	66.7	5	100.0
07/30/2006 10:05	28.0	77.2	35.0	66.0	34.0	63.2	36.0	65.3	32.0	61.6	165.0	66.3	5	100.0
07/30/2006 10:10	31.0	78.7	37.0	64.0	38.0	63.7	37.0	64.2	35.0	60.9	178.0	65.9	5	100.0
07/30/2006 10:15	30.0	76.6	45.0	62.9	42.0	62.8	38.0	63.3	38.0	61.1	193.0	64.7	5	100.0
07/30/2006 10:20	17.0	76.7	22.0	63.1	19.0	64.3	23.0	63.8	24.0	61.9	105.0	65.4	5	100.0
07/30/2006 10:25	32.0	77.3	45.0	62.1	43.0	61.3	41.0	62.1	39.0	58.6	200.0	63.7	5	100.0
07/30/2006 10:30	19.0	75.5	26.0	63.0	27.0	60.8	29.0	62.8	28.0	61.2	129.0	63.9	5	100.0
07/30/2006 10:35	29.0	77.3	33.0	62.6	32.0	60.2	33.0	63.0	35.0	58.3	162.0	63.9	5	100.0
07/30/2006 10:40	35.0	78.0	50.0	62.0	44.0	59.9	45.0	61.6	48.0	56.0	222.0	62.7	5	100.0
07/30/2006 10:45	41.0	77.7	41.0	60.1	41.0	59.3	42.0	61.2	49.0	56.6	214.0	62.7	5	100.0
07/30/2006 10:50	34.0	78.8	41.0	60.9	39.0	59.1	43.0	59.9	43.0	57.1	200.0	62.6	5	100.0
07/30/2006 10:55	31.0	76.5	44.0	61.0	45.0	60.9	45.0	59.7	50.0	54.9	215.0	61.5	5	100.0
07/30/2006 11:00	36.0	76.2	42.0	61.4	39.0	58.3	45.0	57.3	51.0	53.5	213.0	60.6	5	100.0
07/30/2006 11:05	38.0	76.5	43.0	60.9	46.0	58.2	44.0	59.1	53.0	55.2	224.0	61.3	5	100.0
07/30/2006 11:10	35.0	77.5	45.0	61.3	40.0	59.8	41.0	59.6	41.0	57.5	202.0	62.7	5	100.0
07/30/2006 11:15	41.0	77.3	44.0	59.0	48.0	57.5	45.0	58.6	57.0	54.9	235.0	60.8	5	100.0
07/30/2006 11:20	35.0	76.5	41.0	59.7	42.0	58.8	49.0	58.2	48.0	52.7	215.0	60.4	5	100.0
07/30/2006 11:25	36.0	76.7	44.0	59.4	41.0	58.1	43.0	58.4	53.0	55.4	217.0	60.8	5	100.0
07/30/2006 11:30	46.0	76.7	42.0	59.2	42.0	57.7	41.0	56.8	52.0	54.5	223.0	61.0	5	100.0
07/30/2006 11:35	39.0	75.9	45.0	58.1	43.0	56.0	44.0	54.8	56.0	51.5	227.0	58.5	5	100.0
07/30/2006 11:40	37.0	73.1	43.0	55.9	48.0	54.1	41.0	49.4	50.0	47.5	219.0	55.3	5	100.0
07/30/2006 11:45	34.0	75.9	40.0	58.7	39.0	57.4	39.0	53.6	52.0	50.3	204.0	58.2	5	100.0
07/30/2006 11:50	42.0	71.5	48.0	54.9	44.0	52.8	40.0	48.4	45.0	45.3	219.0	54.5	5	100.0
07/30/2006 11:55	48.0	68.9	56.0	54.4	49.0	52.6	46.0	49.6	53.0	45.9	252.0	54.1	5	100.0
07/30/2006 12:00	36.0	71.7	43.0	56.7	44.0	55.0	46.0	53.0	51.0	48.2	220.0	56.1	5	100.0
07/30/2006 12:05	41.0	73.8	44.0	57.1	46.0	54.6	43.0	54.3	59.0	50.3	233.0	57.3	5	100.0
07/30/2006 12:10	38.0	73.7	47.0	57.0	43.0	53.5	47.0	56.1	57.0	49.3	232.0	57.0	5	100.0
07/30/2006 12:15	43.0	75.5	46.0	58.7	47.0	55.6	43.0	56.2	50.0	51.4	229.0	59.2	5	100.0
07/30/2006 12:20	35.0	74.5	46.0	58.8	43.0	56.2	51.0	57.1	47.0	51.1	222.0	58.8	5	100.0
07/30/2006 12:25	43.0	75.0	48.0	58.7	50.0	57.3	46.0	56.3	54.0	51.9	241.0	59.3	5	100.0
07/30/2006 12:30	41.0	71.9	48.0	57.3	47.0	55.7	45.0	56.8	45.0	50.8	226.0	58.2	5	100.0
07/30/2006 12:35	41.0	73.5	44.0	58.2	43.0	55.9	44.0	57.8	49.0	52.8	221.0	59.3	5	100.0
07/30/2006 12:40	41.0	74.1	43.0	58.0	51.0	56.3	45.0	56.1	50.0	49.4	230.0	58.3	5	100.0
07/30/2006 12:45	35.0	74.8	44.0	57.9	40.0	55.2	44.0	58.6	54.0	52.1	217.0	58.8	5	100.0
07/30/2006 12:50	44.0	73.2	49.0	55.9	42.0	49.8	38.0	50.0	44.0	38.1	217.0	53.6	5	100.0
07/30/2006 12:55	51.0	65.1	50.0	47.7	40.0	42.9	36.0	39.2	35.0	25.7	212.0	45.9	5	100.0
07/30/2006 13:00	50.0	45.4	46.0	39.6	43.0	36.8	39.0	33.2	43.0	24.3	221.0	36.3	5	100.0
07/30/2006 13:05	49.0	35.6	43.0	36.3	41.0	34.1	39.0	31.9	39.0	22.1	211.0	32.3	5	100.0
07/30/2006 13:10	41.0	25.6	39.0	28.2	41.0	27.4	34.0	27.2	35.0	18.9	190.0	25.6	5	100.0
07/30/2006 13:15	25.0	19.3	21.0	21.9	23.0	20.6	20.0	22.8	19.0	15.8	108.0	20.1	5	100.0
07/30/2006 13:20	38.0	15.5	38.0	18.3	32.0	17.0	31.0	18.9	29.0	13.9	168.0	16.8	5	100.0
07/30/2006 13:25	40.0	14.1	37.0	16.8	33.0	14.9	33.0	16.3	32.0	12.8	175.0	15.0	5	100.0
07/30/2006 13:30	39.0	13.5	39.0	15.5	33.0	13.4	34.0	14.5	29.0	11.6	174.0	13.8	5	100.0
07/30/2006 13:35	41.0	13.1	37.0	15.9	37.0	14.0	31.0	14.2	31.0	11.7	177.0	13.8	5	100.0
07/30/2006 13:40	44.0	18.3	40.0	23.4	39.0	21.5	38.0	23.3	39.0	20.3	200.0	21.3	5	100.0
07/30/2006 13:45	52.0	22.7	50.0	30.0	45.0	28.8	45.0	32.7	45.0	30.3	237.0	28.7	5	100.0
07/30/2006 13:50	51.0	23.8	49.0	31.0	45.0	31.8	46.0	35.5	48.0	33.8	239.0	31.0	5	100.0
07/30/2006 13:55	46.0	22.0	44.0	30.0	44.0	31.1	40.0	33.5	43.0	31.4	217.0	29.4	5	100.0
07/30/2006 14:00	48.0	21.2	46.0	29.1	41.0	28.9	41.0	30.1	43.0	26.2	219.0	26.9	5	100.0
07/30/2006 14:05	47.0	22.7	46.0	31.3	41.0	30.1	43.0	32.8	37.0	28.2	214.0	28.9	5	100.0
07/30/2006 14:10	44.0	24.1	44.0	32.3	41.0	31.8	40.0	35.5	42.0	32.6	211.0	31.2	5	100.0
07/30/2006 14:15	50.0	24.3	49.0	31.7	46.0	31.5	41.0	34.0	48.0	32.5	234.0	30.6	5	100.0
07/30/2006 14:20	42.0	23.4	38.0	30.7	42.0	31.2	36.0	34.3	43.0	31.7	201.0	30.1	5	100.0
07/30/2006 14:25	50.0	24.5	48.0	32.2	43.0	31.6	44.0	36.4	44.0	32.6	229.0	31.3	5	100.0
07/30/2006 14:30	44.0	24.1	47.0	31.9	43.0	31.5	40.0	36.3	40.0	34.1	214.0	31.4	5	100.0
07/30/2006 14:35	46.0	24.8	43.0	32.4	41.0	31.5	38.0	37.1	41.0	35.9	209.0	32.1	5	100.0
07/30/2006 14:40	47.0	26.8	47.0	34.9	40.0	33.9	44.0	40.2	43.0	38.4	221.0	34.7	5	100.0
07/30/2006 14:45	46.0	26.6	44.0	35.6	43.0	35.8	41.0	40.8	39.0	38.7	213.0	35.3	5	100.0
07/30/2006 14:50	49.0	26.9	45.0	35.2	45.0	35.2	41.0	39.1	40.0	37.8	220.0	34.6	5	100.0
07/30/2006 14:55	48.0	26.4	47.0	34.3	42.0	33.8	46.0	38.0	44.0	35.4	227.0	33.5	5	100.0
07/30/2006 15:00	51.0	28.2	45.0	36.4	41.0	34.7	41.0	40.2	44.0	37.0	222.0	35.0	5	100.0
07/30/2006 15:05	49.0	25.7	47.0	34.0	42.0	32.8	39.0	37.6	46.0	35.2	223.0	32.8	5	100.0
07/30/2006 15:10	49.0	26.1	48.0	34.2	44.0	33.9	42.0	37.6	41.0	35.7	224.0	33.3	5	100.0
07/30/2006 15:15	44.0	22.1	44.0	32.2	45.0	32.5	42.0	36.3	42.0	34.6	217.0	31.5	5	100.0
07/30/2006 15:20	50.0	24.3	48.0	32.9	47.0	32.2	42.0	34.7	41.0	32.1	228.0	31.1	5	100.0
07/30/2006 15:25	52.0	25.3	47.0	32.7	46.0	33.3	42.0	36.3	43.0	33.8	230.0	32.0	5	100.0
07/30/2006 15:30	49.0	26.3	46.0	35.0	41.0	34.9	37.0	36.8	44.0	35.1	217.0	33.3	5	100.0
07/30/2006 15:35	49.0	26.5	47.0	34.7	47.0	35.1	44.0	36.3	39.0	35.1	226.0	33.4	5	100.0
07/30/2006 15:40	49.0	24.4	46.0	32.5	46.0	32.8	43.0	34.0	43.0	34.2	227.0	31.4	5	100.0
07/30/2006 15:45	49.0	22.3	44.0	30.0	41.0	29.9	39.0	31.0	41.0	28.6	214.0	28.1	5	100.0
07/30/2006 15:50	48.0	21.4	44.0	28.8	41.0	28.9	38.0	30.8	39.0	29.0	210.0	27.5	5	100.0
07/30/2006 15:55	48.0	23.4	40.0	31.7	41.0	31.2	43.0	34.1	43.0	32.4	215.0	30.4	5	100.0
07/30/2006 16:00	48.0	24.4	44.0	31.8	43.0	31.6	41.0	34.2	43.0	32.6	219.0	30.7	5	100.0
07/30/2006 16:05	51.0	25.4	47.0	32.8	43.0	33.0	46.0	35.0	41.0	33.9	228.0	31.8	5	100.0
07/30/2006 16:10	51.0	28.6	47.0	37.0	46.0	37.2	41.0	38.5	49.0	37.2	234.0	35.5	5	100.0
07/30/2006 16:15	54.0	26.6	46.0	34.0	42.0	34.7	45.0	38.3	43.0	37.3	230.0	33.8	5	100.0
07/30/2006 16:20	45.0	23.1	44.0	30.1	41.0	31.2	45.0	36.0	41.0	35.6	216.0	31.1	5	100.0
07/30/2006 16:25	47.0	20.6	45.0	28.2	44.0	29.4	38.0	32.8	44.0	35.1	218.0	29.0	5	100.0
07/30/2006 16:30	49.0	23.4	47.0	31.3	45.0	33.0	42.0	34.3	40.0	34.0	223.0	31.0	5	100.0
07/30/2006 16:35	47.0	23.7	45.0	31.4	42.0	32.5	42.0	33.0	43.0	33.1	219.0	30.6	5	100.0
07/30/2006 16:40	51.0	24.6	45.0	32.4	48.0	33.4	43.0	33.0	43.0	34.0	230.0	31.3	5	100.0
07/30/2006 16:45	49.0	25.5	47.0	33.2	43.0	34.4	42.0	34.8	43.0	35.6	224.0	32.5	5	100.0
07/30/2006 16:50	55.0	25.4	50.0	33.4	48.0	35.5	48.0	36.6	44.0	35.2	245.0	33.0	5	100.0
07/30/2006 16:55	40.0	22.3	41.0	29.0	37.0	30.6	35.0	32.1	33.0	32.7	186.0	29.1	5	100.0
07/30/2006 17:00	49.0	23.5	46.0	31.3	46.0	31.1	43.0	32.0	46.0	33.1	230.0	30.1	5	100.0
07/30/2006 17:05	49.0	22.9	47.0	30.8	42.0	30.2	40.0	33.7	43.0	33.3	221.0	29.9	5	100.0
07/30/2006 17:10	45.0	24.5	42.0	31.7	43.0	31.9	43.0	35.3	43.0	33.9	216.0	31.4	5	100.0
07/30/2006 17:15	50.0	23.7	46.0	30.7	38.0	31.2	41.0	34.8	38.0	34.1	213.0	30.5	5	100.0
07/30/2006 17:20	51.0	24.4	48.0	31.1	48.0	31.9	44.0	34.2	44.0	33.9	235.0	30.9	5	100.0
07/30/2006 17:25	50.0	25.1	42.0	32.1	49.0	32.6	46.0	35.7	43.0	35.1	230.0	32.0	5	100.0
07/30/2006 17:30	53.0	25.9	48.0	33.1	48.0	32.9	43.0	35.2	44.0	34.6	236.0	32.1	5	100.0
07/30/2006 17:35	49.0	26.2	44.0	33.0	41.0	32.5	43.0	35.7	43.0	34.1	220.0	32.1	5	100.0
07/30/2006 17:40	49.0	27.1	41.0	34.4	43.0	33.5	40.0	35.7	42.0	36.5	215.0	33.2	5	100.0
07/30/2006 17:45	49.0	30.6	46.0	39.2	45.0	39.3	42.0	40.0	48.0	39.9	230.0	37.7	5	100.0
07/30/2006 17:50	37.0	37.6	43.0	50.1	39.0	48.5	45.0	50.6	45.0	47.6	209.0	47.2	5	100.0
07/30/2006 17:55	41.0	41.9	42.0	54.5	47.0	53.4	44.0	56.8	44.0	52.1	218.0	51.9	5	100.0
07/30/2006 18:00	40.0	42.8	46.0	56.1	45.0	54.9	46.0	58.8	41.0	53.2	218.0	53.4	5	100.0
07/30/2006 18:05	43.0	44.9	46.0	59.0	42.0	57.5	45.0	60.9	42.0	54.9	218.0	55.5	5	100.0
07/30/2006 18:10	29.0	48.5	42.0	61.1	40.0	59.4	39.0	61.8	33.0	55.4	183.0	57.9	5	100.0
07/30/2006 18:15	40.0	48.6	43.0	60.1	40.0	58.9	39.0	61.6	39.0	58.6	201.0	57.6	5	100.0
07/30/2006 18:20	41.0	49.0	46.0	60.1	44.0	58.8	40.0	61.6	44.0	58.4	215.0	57.6	5	100.0
07/30/2006 18:25	32.0	48.3	38.0	60.6	36.0	59.4	37.0	57.5	43.0	58.5	186.0	57.1	5	100.0
07/30/2006 18:30	48.0	45.4	51.0	57.9	50.0	57.8	47.0	55.8	43.0	56.2	239.0	54.6	5	100.0
07/30/2006 18:35	39.0	45.9	44.0	59.5	41.0	59.9	41.0	57.8	43.0	55.8	208.0	55.9	5	100.0
07/30/2006 18:40	43.0	46.0	40.0	59.6	37.0	60.0	43.0	59.3	39.0	57.1	202.0	56.2	5	100.0
07/30/2006 18:45	36.0	46.0	39.0	60.7	44.0	62.1	34.0	58.1	35.0	60.1	188.0	57.6	5	100.0
07/30/2006 18:50	32.0	48.2	43.0	62.6	42.0	63.1	42.0	61.1	38.0	60.7	197.0	59.7	5	100.0
07/30/2006 18:55	36.0	47.8	43.0	60.8	41.0	60.9	44.0	60.2	43.0	60.0	207.0	58.3	5	100.0
07/30/2006 19:00	33.0	62.9	40.0	60.9	37.0	60.5	41.0	60.3	38.0	59.0	189.0	60.7	5	100.0
07/30/2006 19:05	34.0	70.7	36.0	60.2	33.0	61.6	42.0	61.0	34.0	60.2	179.0	62.6	5	100.0
07/30/2006 19:10	36.0	74.6	41.0	60.5	38.0	61.1	38.0	61.4	41.0	57.0	194.0	62.7	5	100.0
07/30/2006 19:15	35.0	75.7	39.0	62.0	40.0	59.8	37.0	62.3	39.0	58.3	190.0	63.4	5	100.0
07/30/2006 19:20	38.0	77.8	36.0	60.8	39.0	61.6	38.0	62.8	36.0	59.7	187.0	64.6	5	100.0
07/30/2006 19:25	26.0	78.5	37.0	61.0	39.0	61.7	37.0	60.2	33.0	58.2	172.0	63.1	5	100.0
07/30/2006 19:30	33.0	78.8	37.0	62.3	37.0	60.9	39.0	58.9	41.0	57.0	187.0	63.1	5	100.0
07/30/2006 19:35	26.0	79.4	35.0	62.4	34.0	62.2	35.0	60.3	34.0	58.3	164.0	63.8	5	100.0
07/30/2006 19:40	33.0	79.2	38.0	62.1	38.0	60.9	41.0	58.6	41.0	60.5	191.0	63.7	5	100.0
07/30/2006 19:45	19.0	79.7	30.0	63.9	30.0	63.6	35.0	60.7	27.0	62.3	141.0	64.9	5	100.0
07/30/2006 19:50	38.0	79.2	40.0	61.3	34.0	59.9	41.0	61.3	38.0	61.2	191.0	64.6	5	100.0
07/30/2006 19:55	36.0	79.0	39.0	60.0	41.0	62.0	36.0	62.1	35.0	58.3	187.0	64.2	5	100.0
07/30/2006 20:00	27.0	77.3	36.0	60.2	33.0	60.0	39.0	62.4	33.0	57.5	168.0	62.9	5	100.0
07/30/2006 20:05	29.0	76.6	35.0	59.9	33.0	57.1	29.0	60.8	23.0	59.0	149.0	62.6	5	100.0
07/30/2006 20:10	32.0	76.0	37.0	60.0	35.0	59.3	30.0	60.5	33.0	57.6	167.0	62.5	5	100.0
07/30/2006 20:15	31.0	78.8	38.0	59.9	37.0	58.9	38.0	62.5	36.0	58.8	180.0	63.3	5	100.0
07/30/2006 20:20	17.0	77.7	21.0	61.3	18.0	59.4	21.0	64.8	19.0	60.2	96.0	64.4	5	100.0
07/30/2006 20:25	34.0	76.8	39.0	60.0	36.0	58.3	37.0	64.3	31.0	58.5	177.0	63.5	5	100.0
07/30/2006 20:30	37.0	78.0	37.0	60.1	38.0	58.5	33.0	61.4	31.0	56.6	176.0	63.1	5	100.0
07/30/2006 20:35	31.0	77.5	38.0	59.1	39.0	57.8	32.0	58.7	35.0	56.9	175.0	61.6	5	100.0
07/30/2006 20:40	27.0	76.9	39.0	61.7	35.0	58.4	36.0	61.1	29.0	60.9	166.0	63.2	5	100.0
07/30/2006 20:45	26.0	78.9	38.0	61.4	35.0	58.8	36.0	60.4	33.0	59.6	168.0	63.0	5	100.0
07/30/2006 20:50	30.0	77.9	38.0	60.9	38.0	59.2	37.0	62.1	33.0	59.2	176.0	63.4	5	100.0
07/30/2006 20:55	34.0	79.5	39.0	61.3	36.0	59.9	37.0	61.6	36.0	60.0	182.0	64.2	5	100.0
07/30/2006 21:00	27.0	78.3	34.0	66.6	38.0	67.6	33.0	66.9	28.0	59.1	160.0	67.6	5	100.0
07/30/2006 21:05	34.0	79.4	39.0	70.5	38.0	72.6	33.0	67.8	29.0	62.9	173.0	70.9	5	100.0
07/30/2006 21:10	29.0	77.0	40.0	71.0	37.0	72.1	40.0	68.8	32.0	62.6	178.0	70.2	5	100.0
07/30/2006 21:15	21.0	77.8	29.0	73.5	38.0	74.0	34.0	68.2	27.0	65.4	149.0	71.6	5	100.0
07/30/2006 21:20	28.0	79.4	39.0	74.4	38.0	74.5	38.0	71.5	36.0	63.9	179.0	72.5	5	100.0
07/30/2006 21:25	25.0	78.2	32.0	75.7	30.0	76.4	31.0	69.7	31.0	65.0	149.0	72.8	5	100.0
07/30/2006 21:30	27.0	78.5	34.0	76.1	33.0	73.5	31.0	65.7	34.0	65.8	159.0	71.7	5	100.0
07/30/2006 21:35	35.0	77.9	33.0	74.8	35.0	75.6	33.0	70.7	34.0	65.4	170.0	72.9	5	100.0
07/30/2006 21:40	31.0	78.0	38.0	75.0	35.0	77.3	33.0	72.3	33.0	65.2	170.0	73.6	5	100.0
07/30/2006 21:45	29.0	80.8	33.0	73.6	34.0	75.5	33.0	72.7	29.0	64.4	158.0	73.5	5	100.0
07/30/2006 21:50	30.0	80.5	35.0	74.6	36.0	74.0	36.0	70.9	25.0	65.9	162.0	73.4	5	100.0
07/30/2006 21:55	24.0	79.3	29.0	74.7	33.0	74.8	29.0	69.9	32.0	65.7	147.0	72.6	5	100.0
07/30/2006 22:00	24.0	78.4	32.0	76.3	30.0	73.0	27.0	69.9	19.0	63.4	132.0	72.8	5	100.0
07/30/2006 22:05	23.0	76.2	35.0	76.0	34.0	73.3	33.0	70.5	29.0	65.6	154.0	72.3	5	100.0
07/30/2006 22:10	25.0	76.8	32.0	73.3	31.0	71.7	33.0	65.5	29.0	66.3	150.0	70.5	5	100.0
07/30/2006 22:15	23.0	77.2	28.0	74.8	33.0	72.3	29.0	62.8	22.0	66.0	135.0	70.6	5	100.0
07/30/2006 22:20	28.0	75.4	33.0	74.2	30.0	69.2	33.0	68.9	25.0	64.3	149.0	70.6	5	100.0
07/30/2006 22:25	20.0	76.7	31.0	73.5	32.0	70.5	33.0	68.3	28.0	65.7	144.0	70.6	5	100.0
07/30/2006 22:30	20.0	78.1	25.0	75.2	24.0	70.7	27.0	68.8	28.0	65.3	124.0	71.2	5	100.0
07/30/2006 22:35	20.0	78.2	27.0	73.9	27.0	72.3	31.0	70.9	24.0	62.7	129.0	71.4	5	100.0
07/30/2006 22:40	19.0	77.2	29.0	74.8	27.0	72.9	31.0	70.6	18.0	62.1	124.0	71.9	5	100.0
07/30/2006 22:45	21.0	75.2	27.0	74.7	24.0	72.4	23.0	69.7	13.0	62.4	108.0	71.7	5	100.0
07/30/2006 22:50	28.0	73.8	29.0	74.1	30.0	73.8	28.0	68.4	19.0	65.6	134.0	71.6	5	100.0
07/30/2006 22:55	25.0	75.6	31.0	73.3	29.0	73.4	24.0	67.7	21.0	67.2	130.0	71.7	5	100.0
07/30/2006 23:00	22.0	75.5	29.0	72.3	33.0	72.5	29.0	69.0	21.0	66.9	134.0	71.3	5	100.0
07/30/2006 23:05	17.0	76.0	25.0	73.1	27.0	72.1	23.0	73.1	17.0	65.3	109.0	72.1	5	100.0
07/30/2006 23:10	13.0	75.5	23.0	74.6	21.0	71.3	23.0	72.4	21.0	64.3	101.0	71.4	5	100.0
07/30/2006 23:15	11.0	75.8	21.0	75.4	16.0	73.1	17.0	71.9	13.0	64.9	78.0	72.5	5	100.0
07/30/2006 23:20	12.0	76.6	21.0	74.3	17.0	72.8	23.0	74.5	15.0	65.1	88.0	72.8	5	100.0
07/30/2006 23:25	15.0	76.3	19.0	74.2	21.0	72.7	19.0	68.5	15.0	64.9	89.0	71.4	5	100.0
07/30/2006 23:30	18.0	77.6	23.0	75.2	23.0	74.1	21.0	68.3	19.0	66.1	104.0	72.3	5	100.0
07/30/2006 23:35	13.0	77.5	21.0	75.1	19.0	71.6	19.0	70.7	13.0	65.1	85.0	72.2	5	100.0
07/30/2006 23:40	11.0	77.7	20.0	75.6	20.0	75.9	20.0	72.2	12.0	66.1	83.0	73.8	5	100.0
07/30/2006 23:45	7.0	77.3	15.0	75.3	16.0	74.1	15.0	69.5	19.0	65.8	72.0	71.5	5	100.0
07/30/2006 23:50	7.0	77.3	15.0	75.4	18.0	74.5	16.0	70.9	14.0	65.1	70.0	72.3	5	100.0
07/30/2006 23:55	11.0	77.1	16.0	75.6	15.0	73.0	13.0	69.9	11.0	65.3	66.0	72.4	5	100.0
07/31/2006 00:00	9.0	76.5	18.0	74.0	16.0	72.0	19.0	69.2	14.0	64.5	76.0	70.9	5	100.0
07/31/2006 00:05	11.0	76.0	16.0	74.6	19.0	74.2	15.0	69.0	18.0	68.0	79.0	72.1	5	100.0
07/31/2006 00:10	8.0	76.2	15.0	74.5	17.0	73.2	15.0	66.5	9.0	67.4	64.0	71.5	5	100.0
07/31/2006 00:15	9.0	76.7	15.0	74.7	17.0	73.8	18.0	68.1	14.0	65.6	73.0	71.4	5	100.0
07/31/2006 00:20	11.0	76.1	15.0	74.9	14.0	69.3	15.0	67.0	11.0	64.8	66.0	70.4	5	100.0
07/31/2006 00:25	7.0	76.7	14.0	74.0	16.0	69.0	14.0	66.8	12.0	64.9	63.0	69.7	5	100.0
07/31/2006 00:30	8.0	76.8	15.0	75.3	16.0	71.8	13.0	69.9	11.0	65.3	63.0	71.7	5	100.0
07/31/2006 00:35	3.0	76.5	8.0	74.9	9.0	71.6	10.0	68.5	9.0	65.9	39.0	70.5	5	100.0
07/31/2006 00:40	2.0	76.3	5.0	74.4	7.0	71.9	7.0	69.0	5.0	65.6	26.0	70.7	5	100.0
07/31/2006 00:45	5.0	76.5	9.0	74.0	7.0	71.9	8.0	68.3	5.0	64.7	34.0	71.2	5	100.0
07/31/2006 00:50	2.0	76.6	9.0	74.0	9.0	72.5	7.0	67.4	9.0	64.6	36.0	70.1	5	100.0
07/31/2006 00:55	1.0	76.5	5.0	74.3	6.0	72.5	5.0	67.5	5.0	64.7	22.0	70.2	5	100.0
07/31/2006 01:00	0.0	76.5	0.0	74.3	0.0	72.5	0.0	67.5	0.0	64.7	0.0	71.1	5	100.0
07/31/2006 01:05	0.0	76.5	0.0	74.3	0.0	72.5	0.0	67.5	0.0	64.7	0.0	71.1	5	100.0
07/31/2006 01:10	0.0	76.5	0.0	74.3	0.0	72.5	0.0	67.5	0.0	64.7	0.0	71.1	5	100.0
07/31/2006 01:15	0.0	76.5	0.0	74.3	0.0	72.5	0.0	67.5	0.0	64.7	0.0	71.1	5	100.0
07/31/2006 01:20	0.0	76.5	0.0	74.3	0.0	72.5	0.0	67.5	0.0	64.7	0.0	71.1	5	100.0
07/31/2006 01:25	0.0	76.5	0.0	74.3	0.0	72.5	0.0	67.5	0.0	64.7	0.0	71.1	5	100.0
07/31/2006 01:30	0.0	76.5	0.0	74.3	0.0	72.5	0.0	67.5	0.0	64.7	0.0	71.1	5	100.0
07/31/2006 01:35	0.0	76.5	0.0	74.3	0.0	72.5	0.0	67.5	0.0	64.7	0.0	71.1	5	100.0
07/31/2006 01:40	0.0	76.5	0.0	74.3	0.0	72.5	0.0	67.5	0.0	64.7	0.0	71.1	5	100.0
07/31/2006 01:45	0.0	76.5	0.0	74.3	0.0	72.5	0.0	67.5	0.0	64.7	0.0	71.1	5	100.0
07/31/2006 01:50	0.0	76.5	0.0	74.3	0.0	72.5	0.0	67.5	0.0	64.7	0.0	71.1	5	100.0
07/31/2006 01:55	0.0	76.5	0.0	74.3	0.0	72.5	0.0	67.5	0.0	64.7	0.0	71.1	5	100.0
07/31/2006 02:00	0.0	76.5	0.0	74.3	0.0	72.5	0.0	67.5	0.0	64.7	0.0	71.1	5	100.0
07/31/2006 02:05	0.0	76.5	1.0	74.0	2.0	72.2	3.0	69.2	1.0	64.9	7.0	70.1	5	100.0
07/31/2006 02:10	1.0	76.8	5.0	73.7	7.0	72.6	5.0	69.8	3.0	64.6	21.0	71.3	5	100.0
07/31/2006 02:15	1.0	76.9	5.0	73.9	5.0	72.5	5.0	70.4	5.0	65.0	21.0	70.8	5	100.0
07/31/2006 02:20	1.0	77.0	4.0	74.0	4.0	73.0	6.0	69.8	6.0	65.5	21.0	70.3	5	100.0
07/31/2006 02:25	1.0	77.2	4.0	74.0	4.0	73.2	4.0	69.7	3.0	65.3	16.0	71.3	5	100.0
07/31/2006 02:30	1.0	77.1	3.0	73.8	5.0	73.2	7.0	69.8	4.0	65.5	20.0	70.8	5	100.0
07/31/2006 02:35	0.0	77.1	3.0	73.9	3.0	72.8	6.0	70.2	2.0	64.9	14.0	70.8	5	100.0
07/31/2006 02:40	0.0	77.1	1.0	73.8	2.0	72.8	4.0	70.6	5.0	65.3	12.0	69.0	5	100.0
07/31/2006 02:45	0.0	77.1	0.0	73.8	1.0	73.2	1.0	69.9	1.0	64.2	3.0	69.1	5	100.0
07/31/2006 02:50	0.0	77.1	2.0	74.0	3.0	72.4	3.0	70.2	5.0	64.4	13.0	69.1	5	100.0
07/31/2006 02:55	1.0	76.6	2.0	74.1	4.0	72.4	5.0	69.9	2.0	64.7	14.0	70.9	5	100.0
07/31/2006 03:00	0.0	76.6	0.0	74.1	3.0	71.8	3.0	69.0	1.0	64.0	7.0	69.5	5	100.0
07/31/2006 03:05	1.0	76.3	2.0	73.8	3.0	72.4	5.0	68.3	1.0	64.6	12.0	70.6	5	100.0
07/31/2006 03:10	0.0	76.3	1.0	73.8	1.0	71.6	3.0	68.8	3.0	65.6	8.0	68.6	5	100.0
07/31/2006 03:15	0.0	76.3	3.0	73.9	1.0	71.9	5.0	70.4	2.0	65.1	11.0	70.5	5	100.0
07/31/2006 03:20	0.0	76.3	2.0	73.7	2.0	72.3	3.0	69.3	4.0	65.2	11.0	69.2	5	100.0
07/31/2006 03:25	1.0	76.9	1.0	73.7	4.0	72.2	3.0	69.3	3.0	65.1	12.0	70.2	5	100.0
07/31/2006 03:30	0.0	76.9	2.0	73.6	3.0	71.3	5.0	69.4	0.0	65.1	10.0	70.8	5	100.0
07/31/2006 03:35	0.0	76.9	1.0	74.2	4.0	71.7	3.0	68.2	2.0	64.3	10.0	69.4	5	100.0
07/31/2006 03:40	0.0	76.9	2.0	73.9	2.0	71.7	4.0	69.3	3.0	64.9	11.0	69.4	5	100.0
07/31/2006 03:45	0.0	76.9	4.0	73.9	3.0	72.4	5.0	69.0	5.0	64.5	17.0	69.4	5	100.0
07/31/2006 03:50	1.0	77.0	2.0	74.0	4.0	72.4	5.0	68.7	5.0	64.9	17.0	69.6	5	100.0
07/31/2006 03:55	1.0	77.0	1.0	73.9	1.0	71.7	2.0	68.7	2.0	64.0	7.0	69.7	5	100.0
07/31/2006 04:00	0.0	77.0	2.0	74.2	2.0	71.9	4.0	68.5	5.0	61.6	13.0	67.2	5	100.0
07/31/2006 04:05	0.0	77.0	3.0	74.2	2.0	71.7	7.0	70.1	3.0	62.9	15.0	69.7	5	100.0
07/31/2006 04:10	0.0	77.0	5.0	74.1	5.0	71.8	5.0	69.5	5.0	64.5	20.0	70.0	5	100.0
07/31/2006 04:15	0.0	77.0	2.0	74.1	5.0	69.2	5.0	69.1	2.0	65.0	14.0	69.3	5	100.0
07/31/2006 04:20	2.0	76.8	8.0	74.5	8.0	69.8	6.0	66.8	6.0	65.3	30.0	70.0	5	100.0
07/31/2006 04:25	0.0	76.8	2.0	74.4	5.0	70.6	7.0	61.8	6.0	65.6	20.0	66.4	5	100.0
07/31/2006 04:30	0.0	76.8	3.0	74.7	3.0	71.5	5.0	66.6	4.0	63.7	15.0	68.4	5	100.0
07/31/2006 04:35	0.0	76.8	5.0	73.8	6.0	70.4	5.0	64.4	5.0	64.5	21.0	68.4	5	100.0
07/31/2006 04:40	1.0	76.2	5.0	74.1	8.0	70.4	11.0	68.0	8.0	65.7	33.0	69.2	5	100.0
07/31/2006 04:45	1.0	76.1	6.0	73.7	9.0	70.6	10.0	69.1	7.0	65.5	33.0	69.8	5	100.0
07/31/2006 04:50	1.0	76.1	7.0	74.0	11.0	70.0	9.0	67.8	8.0	64.6	36.0	69.2	5	100.0
07/31/2006 04:55	0.0	76.1	8.0	73.9	10.0	71.1	12.0	71.5	11.0	65.0	41.0	70.1	5	100.0
07/31/2006 05:00	1.0	76.7	5.0	73.9	8.0	71.5	7.0	69.4	6.0	65.6	27.0	70.3	5	100.0
07/31/2006 05:05	1.0	77.0	8.0	74.4	8.0	71.4	11.0	70.1	10.0	61.1	38.0	69.1	5	100.0
07/31/2006 05:10	1.0	77.1	10.0	74.7	12.0	66.9	11.0	72.2	9.0	63.4	43.0	69.6	5	100.0
07/31/2006 05:15	0.0	77.1	9.0	74.6	11.0	71.0	14.0	72.4	8.0	62.0	42.0	70.5	5	100.0
07/31/2006 05:20	1.0	77.2	10.0	74.2	14.0	71.7	18.0	77.0	14.0	60.4	57.0	71.1	5	100.0
07/31/2006 05:25	1.0	76.7	19.0	72.7	17.0	68.2	17.0	71.3	11.0	62.5	65.0	69.5	5	100.0
07/31/2006 05:30	1.0	77.0	16.0	73.9	16.0	72.2	16.0	73.4	11.0	61.7	60.0	71.1	5	100.0
07/31/2006 05:35	0.0	77.0	14.0	73.5	19.0	72.3	22.0	79.2	19.0	70.4	74.0	74.1	5	100.0
07/31/2006 05:40	6.0	76.9	22.0	74.2	24.0	71.9	21.0	77.6	19.0	68.5	92.0	73.4	5	100.0
07/31/2006 05:45	1.0	76.5	16.0	75.0	19.0	74.3	21.0	79.2	19.0	69.2	76.0	74.6	5	100.0
07/31/2006 05:50	3.0	76.6	22.0	75.5	19.0	70.5	18.0	78.5	18.0	69.1	80.0	73.6	5	100.0
07/31/2006 05:55	1.0	76.9	15.0	75.9	17.0	70.4	19.0	79.2	17.0	68.5	69.0	73.6	5	100.0
07/31/2006 06:00	1.0	76.4	21.0	73.7	21.0	69.5	23.0	65.1	23.0	62.0	89.0	67.5	5	100.0
07/31/2006 06:05	1.0	77.1	20.0	74.2	21.0	69.0	18.0	56.7	19.0	62.4	79.0	66.0	5	100.0
07/31/2006 06:10	3.0	77.0	28.0	73.8	27.0	71.3	22.0	56.4	19.0	56.2	99.0	66.0	5	100.0
07/31/2006 06:15	3.0	76.7	33.0	73.8	29.0	69.8	30.0	58.9	25.0	55.4	120.0	65.3	5	100.0
07/31/2006 06:20	5.0	77.2	26.0	72.4	24.0	68.5	27.0	59.3	21.0	54.5	103.0	64.6	5	100.0
07/31/2006 06:25	3.0	77.2	39.0	70.8	33.0	67.6	32.0	62.3	25.0	53.8	132.0	64.9	5	100.0
07/31/2006 06:30	3.0	77.4	32.0	70.7	32.0	67.3	32.0	62.9	24.0	54.5	123.0	64.8	5	100.0
07/31/2006 06:35	2.0	77.4	42.0	70.4	36.0	71.5	31.0	54.9	28.0	58.9	139.0	65.0	5	100.0
07/31/2006 06:40	9.0	76.9	40.0	67.8	32.0	65.1	34.0	52.7	31.0	56.0	146.0	61.7	5	100.0
07/31/2006 06:45	5.0	76.1	46.0	68.4	36.0	63.7	34.0	54.4	35.0	58.6	156.0	62.3	5	100.0
07/31/2006 06:50	6.0	75.1	37.0	68.8	29.0	64.4	34.0	56.6	32.0	56.1	138.0	62.2	5	100.0
07/31/2006 06:55	8.0	76.2	53.0	69.1	39.0	61.8	36.0	52.4	38.0	60.2	174.0	62.4	5	100.0
07/31/2006 07:00	7.0	75.1	41.0	68.6	33.0	61.1	37.0	55.7	34.0	60.6	152.0	62.3	5	100.0
07/31/2006 07:05	3.0	76.0	39.0	67.9	33.0	66.0	33.0	57.0	27.0	55.8	135.0	62.5	5	100.0
07/31/2006 07:10	9.0	76.5	48.0	67.1	34.0	62.0	35.0	53.5	35.0	54.1	161.0	60.8	5	100.0
07/31/2006 07:15	8.0	77.1	44.0	67.2	38.0	67.3	31.0	54.5	32.0	56.9	153.0	63.0	5	100.0
07/31/2006 07:20	4.0	77.0	41.0	68.1	37.0	70.4	33.0	55.8	33.0	56.4	148.0	63.6	5	100.0
07/31/2006 07:25	8.0	76.7	44.0	66.2	36.0	68.2	36.0	56.7	45.0	57.8	169.0	62.9	5	100.0
07/31/2006 07:30	6.0	76.9	53.0	66.9	46.0	68.7	39.0	55.8	42.0	56.1	186.0	62.9	5	100.0
07/31/2006 07:35	6.0	76.1	49.0	67.2	40.0	66.5	40.0	55.4	45.0	55.2	180.0	61.7	5	100.0
07/31/2006 07:40	11.0	77.0	59.0	63.8	44.0	63.4	49.0	55.6	54.0	53.8	217.0	60.0	5	100.0
07/31/2006 07:45	4.0	76.8	54.0	64.9	41.0	61.9	44.0	58.1	44.0	55.0	187.0	60.6	5	100.0
07/31/2006 07:50	7.0	74.8	52.0	65.3	44.0	62.4	42.0	58.3	44.0	56.9	189.0	61.5	5	100.0
07/31/2006 07:55	5.0	76.0	47.0	65.7	33.0	62.6	41.0	57.3	40.0	55.7	166.0	60.9	5	100.0
07/31/2006 08:00	6.0	76.5	45.0	65.5	37.0	63.3	41.0	55.4	46.0	56.0	175.0	60.5	5	100.0
07/31/2006 08:05	10.0	76.1	53.0	64.4	43.0	59.1	41.0	53.3	50.0	56.5	197.0	59.5	5	100.0
07/31/2006 08:10	10.0	75.6	57.0	65.1	41.0	55.7	39.0	53.9	48.0	56.9	195.0	59.4	5	100.0
07/31/2006 08:15	7.0	75.5	51.0	63.3	39.0	53.4	39.0	54.2	48.0	54.6	184.0	57.5	5	100.0
07/31/2006 08:20	7.0	75.7	58.0	63.8	38.0	54.7	41.0	55.0	47.0	55.8	191.0	58.6	5	100.0
07/31/2006 08:25	9.0	75.3	53.0	64.9	46.0	56.1	50.0	55.3	50.0	54.1	208.0	58.5	5	100.0
07/31/2006 08:30	8.0	75.8	45.0	63.2	37.0	55.6	42.0	58.5	46.0	55.4	178.0	59.1	5	100.0
07/31/2006 08:35	9.0	76.5	60.0	63.3	41.0	53.4	45.0	55.1	52.0	55.7	207.0	58.2	5	100.0
07/31/2006 08:40	9.0	75.7	46.0	62.8	40.0	55.3	41.0	53.0	49.0	56.8	185.0	58.0	5	100.0
07/31/2006 08:45	13.0	76.4	52.0	62.8	41.0	54.5	45.0	55.2	51.0	53.0	202.0	57.8	5	100.0
07/31/2006 08:50	9.0	76.5	51.0	62.9	39.0	54.6	40.0	54.9	54.0	52.7	193.0	57.3	5	100.0
07/31/2006 08:55	8.0	76.6	43.0	62.9	37.0	54.0	41.0	52.9	46.0	51.8	175.0	56.4	5	100.0
07/31/2006 09:00	8.0	76.9	45.0	64.4	35.0	56.7	42.0	52.0	44.0	51.2	174.0	57.1	5	100.0
07/31/2006 09:05	13.0	75.5	54.0	62.9	39.0	52.3	37.0	50.2	47.0	49.0	190.0	55.7	5	100.0
07/31/2006 09:10	11.0	76.5	49.0	61.2	39.0	49.1	39.0	49.8	47.0	51.5	185.0	54.7	5	100.0
07/31/2006 09:15	13.0	76.1	46.0	61.3	40.0	50.5	36.0	49.9	45.0	52.9	180.0	55.6	5	100.0
07/31/2006 09:20	9.0	76.7	53.0	61.0	38.0	47.7	41.0	48.7	48.0	53.0	189.0	54.4	5	100.0
07/31/2006 09:25	9.0	77.0	53.0	62.5	43.0	54.5	43.0	49.8	44.0	53.9	192.0	56.6	5	100.0
07/31/2006 09:30	15.0	78.5	48.0	63.3	41.0	53.2	40.0	49.8	41.0	52.7	185.0	57.0	5	100.0
07/31/2006 09:35	11.0	76.1	43.0	62.4	34.0	53.5	41.0	54.5	44.0	52.8	173.0	57.2	5	100.0
07/31/2006 09:40	10.0	76.8	49.0	63.0	41.0	53.2	45.0	54.8	45.0	50.3	190.0	56.7	5	100.0
07/31/2006 09:45	15.0	77.5	53.0	62.6	41.0	53.6	44.0	53.8	47.0	50.2	200.0	57.0	5	100.0
07/31/2006 09:50	13.0	76.6	54.0	61.5	45.0	53.6	39.0	51.8	53.0	50.0	204.0	55.9	5	100.0
07/31/2006 09:55	15.0	77.7	51.0	64.2	35.0	53.6	44.0	56.9	47.0	52.2	192.0	58.7	5	100.0
07/31/2006 10:00	23.0	75.9	41.0	63.8	37.0	55.1	35.0	58.4	42.0	52.0	178.0	59.7	5	100.0
07/31/2006 10:05	25.0	79.2	41.0	65.4	33.0	55.7	38.0	57.4	43.0	53.7	180.0	61.1	5	100.0
07/31/2006 10:10	25.0	79.2	41.0	66.2	36.0	55.4	38.0	55.2	39.0	53.2	179.0	60.7	5	100.0
07/31/2006 10:15	18.0	78.8	40.0	65.2	35.0	55.0	31.0	58.0	38.0	52.1	162.0	60.1	5	100.0
07/31/2006 10:20	22.0	77.7	41.0	64.3	33.0	54.9	38.0	51.1	41.0	52.0	175.0	58.5	5	100.0
07/31/2006 10:25	28.0	77.2	36.0	63.7	29.0	55.9	42.0	53.4	37.0	52.0	172.0	59.6	5	100.0
07/31/2006 10:30	30.0	79.3	37.0	64.7	39.0	58.1	35.0	53.2	37.0	51.3	178.0	60.7	5	100.0
07/31/2006 10:35	27.0	80.4	33.0	64.2	37.0	61.1	41.0	54.5	43.0	50.7	181.0	60.6	5	100.0
07/31/2006 10:40	29.0	77.3	39.0	64.9	35.0	56.9	39.0	51.8	45.0	52.0	187.0	59.5	5	100.0
07/31/2006 10:45	29.0	76.9	38.0	65.7	37.0	59.8	43.0	55.0	47.0	54.5	194.0	61.2	5	100.0
07/31/2006 10:50	27.0	76.8	39.0	66.9	39.0	59.5	41.0	51.2	44.0	54.6	190.0	60.6	5	100.0
07/31/2006 10:55	35.0	75.2	44.0	64.9	42.0	57.7	44.0	51.8	48.0	52.1	213.0	59.6	5	100.0
07/31/2006 11:00	34.0	76.5	42.0	64.6	39.0	54.3	37.0	49.2	44.0	53.6	196.0	59.2	5	100.0
07/31/2006 11:05	21.0	77.7	39.0	67.7	29.0	53.1	36.0	48.5	41.0	54.0	166.0	58.9	5	100.0
07/31/2006 11:10	21.0	79.1	37.0	67.5	31.0	50.8	33.0	51.9	42.0	55.5	164.0	59.6	5	100.0
07/31/2006 11:15	32.0	76.6	42.0	66.8	36.0	52.1	48.0	54.5	42.0	54.6	200.0	60.2	5	100.0
07/31/2006 11:20	24.0	75.9	49.0	66.1	38.0	52.3	44.0	51.7	49.0	53.7	204.0	58.6	5	100.0
07/31/2006 11:25	24.0	77.0	38.0	64.8	37.0	53.1	34.0	54.5	43.0	54.4	176.0	59.5	5	100.0
07/31/2006 11:30	32.0	75.8	41.0	63.5	39.0	54.2	36.0	48.9	43.0	53.7	191.0	58.7	5	100.0
07/31/2006 11:35	33.0	77.0	41.0	64.3	37.0	55.2	42.0	51.2	51.0	55.9	204.0	59.9	5	100.0
07/31/2006 11:40	33.0	74.9	43.0	64.7	38.0	54.7	37.0	50.6	46.0	55.9	197.0	59.8	5	100.0
07/31/2006 11:45	29.0	76.7	43.0	66.4	37.0	53.5	41.0	51.2	49.0	55.9	199.0	59.8	5	100.0
07/31/2006 11:50	22.0	77.6	36.0	65.5	37.0	53.1	41.0	52.0	46.0	55.2	182.0	58.8	5	100.0
07/31/2006 11:55	31.0	74.6	41.0	61.9	38.0	53.1	37.0	52.1	56.0	52.7	203.0	57.9	5	100.0
07/31/2006 12:00	39.0	75.3	45.0	61.9	43.0	53.7	45.0	53.5	49.0	52.0	221.0	58.8	5	100.0
07/31/2006 12:05	28.0	73.4	40.0	64.0	38.0	51.5	39.0	52.3	48.0	53.3	193.0	57.9	5	100.0
07/31/2006 12:10	35.0	76.3	47.0	65.4	43.0	53.0	47.0	53.3	51.0	54.7	223.0	59.7	5	100.0
07/31/2006 12:15	24.0	77.4	33.0	65.1	36.0	54.6	42.0	54.8	42.0	53.2	177.0	59.4	5	100.0
07/31/2006 12:20	30.0	78.1	46.0	65.3	39.0	54.7	42.0	56.1	47.0	50.9	204.0	59.9	5	100.0
07/31/2006 12:25	27.0	76.3	43.0	66.3	38.0	59.3	42.0	56.2	47.0	52.6	197.0	60.9	5	100.0
07/31/2006 12:30	26.0	76.5	36.0	67.3	32.0	61.7	40.0	60.1	43.0	54.5	177.0	62.9	5	100.0
07/31/2006 12:35	35.0	75.8	40.0	65.7	37.0	57.7	40.0	53.9	45.0	50.9	197.0	60.2	5	100.0
07/31/2006 12:40	30.0	77.2	35.0	65.2	36.0	58.6	35.0	53.5	49.0	53.0	185.0	60.4	5	100.0
07/31/2006 12:45	27.0	77.8	41.0	65.9	45.0	62.5	45.0	56.9	47.0	54.3	205.0	62.1	5	100.0
07/31/2006 12:50	35.0	77.7	36.0	64.8	39.0	61.4	40.0	57.6	43.0	55.4	193.0	62.9	5	100.0
07/31/2006 12:55	29.0	79.0	37.0	66.1	33.0	59.9	33.0	56.5	38.0	57.9	170.0	63.4	5	100.0
07/31/2006 13:00	31.0	77.5	41.0	65.9	36.0	58.1	41.0	55.5	43.0	56.6	192.0	62.0	5	100.0
07/31/2006 13:05	39.0	75.5	55.0	64.8	47.0	57.5	47.0	52.7	48.0	53.0	236.0	60.3	5	100.0
07/31/2006 13:10	39.0	76.4	48.0	63.5	44.0	57.3	42.0	50.8	49.0	51.6	222.0	59.5	5	100.0
07/31/2006 13:15	43.0	70.4	45.0	56.7	39.0	52.2	43.0	49.6	51.0	49.7	221.0	55.6	5	100.0
07/31/2006 13:20	41.0	72.1	49.0	60.5	44.0	53.3	40.0	49.9	51.0	51.3	225.0	57.2	5	100.0
07/31/2006 13:25	43.0	74.7	42.0	62.1	44.0	55.9	44.0	53.0	49.0	52.6	222.0	59.4	5	100.0
07/31/2006 13:30	44.0	73.4	49.0	62.2	45.0	53.5	49.0	51.7	49.0	50.4	236.0	58.0	5	100.0
07/31/2006 13:35	49.0	73.1	48.0	62.6	43.0	52.6	44.0	50.7	46.0	51.3	230.0	58.4	5	100.0
07/31/2006 13:40	40.0	74.2	47.0	63.0	42.0	57.9	43.0	52.6	47.0	54.9	219.0	60.3	5	100.0
07/31/2006 13:45	45.0	72.9	47.0	62.6	47.0	58.0	45.0	55.5	50.0	55.1	234.0	60.7	5	100.0
07/31/2006 13:50	48.0	72.4	54.0	62.2	43.0	56.0	49.0	52.8	47.0	51.8	241.0	59.2	5	100.0
07/31/2006 13:55	48.0	73.1	50.0	63.2	47.0	55.8	48.0	53.6	55.0	52.9	248.0	59.6	5	100.0
07/31/2006 14:00	45.0	61.9	52.0	63.9	46.0	55.8	49.0	57.3	45.0	51.3	237.0	58.2	5	100.0
07/31/2006 14:05	44.0	56.7	54.0	63.1	50.0	54.7	51.0	57.4	46.0	54.8	245.0	57.5	5	100.0
07/31/2006 14:10	40.0	54.9	45.0	64.8	44.0	59.0	45.0	55.3	44.0	55.5	218.0	58.0	5	100.0
07/31/2006 14:15	50.0	53.0	49.0	64.5	45.0	57.3	46.0	55.2	48.0	54.9	238.0	57.0	5	100.0
07/31/2006 14:20	53.0	49.7	55.0	60.4	49.0	56.3	50.0	52.8	51.0	53.8	258.0	54.6	5	100.0
07/31/2006 14:25	54.0	48.5	60.0	60.5	46.0	54.7	46.0	53.6	50.0	52.2	256.0	54.1	5	100.0
07/31/2006 14:30	55.0	47.9	49.0	59.4	47.0	56.0	46.0	55.1	47.0	53.6	244.0	54.2	5	100.0
07/31/2006 14:35	32.0	48.2	33.0	60.2	34.0	60.0	32.0	57.6	32.0	53.9	163.0	56.1	5	100.0
07/31/2006 14:40	60.0	48.4	60.0	60.6	50.0	58.9	50.0	57.6	50.0	54.2	270.0	55.8	5	100.0
07/31/2006 14:45	60.0	47.4	61.0	59.2	47.0	58.1	45.0	54.5	49.0	54.4	262.0	54.6	5	100.0
07/31/2006 14:50	56.0	44.7	54.0	56.8	47.0	53.8	49.0	53.7	47.0	54.2	253.0	52.5	5	100.0
07/31/2006 14:55	47.0	46.3	54.0	59.1	44.0	56.1	47.0	57.1	45.0	55.1	237.0	54.8	5	100.0
07/31/2006 15:00	35.0	47.5	64.0	61.3	48.0	58.8	48.0	59.8	48.0	55.5	243.0	57.4	5	100.0
07/31/2006 15:05	29.0	49.7	63.0	58.7	49.0	58.0	49.0	58.2	43.0	56.9	233.0	57.0	5	100.0
07/31/2006 15:10	30.0	44.7	56.0	46.3	47.0	46.5	46.0	50.3	45.0	49.2	224.0	47.5	5	100.0
07/31/2006 15:15	40.0	41.3	55.0	43.0	43.0	41.3	45.0	47.3	41.0	45.4	224.0	43.7	5	100.0
07/31/2006 15:20	33.0	40.2	53.0	44.8	45.0	45.4	43.0	47.7	42.0	44.4	216.0	44.7	5	100.0
07/31/2006 15:25	43.0	38.9	53.0	43.4	41.0	41.7	45.0	43.8	45.0	43.8	227.0	42.4	5	100.0
07/31/2006 15:30	34.0	42.0	54.0	44.8	47.0	43.2	44.0	47.3	48.0	42.8	227.0	44.1	5	100.0
07/31/2006 15:35	39.0	41.7	50.0	44.2	41.0	44.5	44.0	46.8	40.0	44.0	214.0	44.3	5	100.0
07/31/2006 15:40	38.0	39.4	54.0	43.4	46.0	42.7	45.0	43.0	49.0	43.2	232.0	42.5	5	100.0
07/31/2006 15:45	39.0	40.0	57.0	44.0	47.0	44.5	45.0	44.5	39.0	43.7	227.0	43.5	5	100.0
07/31/2006 15:50	39.0	40.7	54.0	43.9	47.0	45.0	47.0	45.9	42.0	44.4	229.0	44.1	5	100.0
07/31/2006 15:55	44.0	37.8	52.0	41.5	45.0	42.4	48.0	46.6	48.0	43.8	237.0	42.5	5	100.0
07/31/2006 16:00	37.0	36.4	52.0	40.1	39.0	36.9	42.0	44.0	40.0	41.3	210.0	39.9	5	100.0
07/31/2006 16:05	40.0	37.8	50.0	42.4	39.0	39.1	44.0	45.4	43.0	42.1	216.0	41.5	5	100.0
07/31/2006 16:10	41.0	37.9	52.0	44.0	41.0	38.8	45.0	46.5	41.0	43.4	220.0	42.3	5	100.0
07/31/2006 16:15	47.0	36.2	54.0	42.2	43.0	37.6	53.0	45.3	43.0	42.7	240.0	41.0	5	100.0
07/31/2006 16:20	40.0	36.3	46.0	39.7	49.0	38.7	46.0	44.6	43.0	42.0	224.0	40.3	5	100.0
07/31/2006 16:25	45.0	33.7	49.0	36.1	42.0	35.4	48.0	42.3	48.0	38.9	232.0	37.4	5	100.0
07/31/2006 16:30	49.0	35.2	58.0	40.0	49.0	39.3	51.0	45.5	46.0	42.9	253.0	40.6	5	100.0
07/31/2006 16:35	44.0	30.6	51.0	33.0	41.0	34.0	44.0	40.2	48.0	40.5	228.0	35.7	5	100.0
07/31/2006 16:40	46.0	27.1	46.0	29.2	39.0	30.6	46.0	37.4	40.0	36.8	217.0	32.1	5	100.0
07/31/2006 16:45	45.0	26.1	51.0	29.8	44.0	29.7	48.0	36.7	47.0	35.1	235.0	31.5	5	100.0
07/31/2006 16:50	48.0	30.9	54.0	35.8	47.0	35.0	56.0	43.5	49.0	40.8	254.0	37.4	5	100.0
07/31/2006 16:55	44.0	33.8	56.0	39.3	47.0	39.5	49.0	44.5	44.0	42.5	240.0	40.0	5	100.0
07/31/2006 17:00	43.0	32.0	47.0	38.0	43.0	39.7	44.0	43.5	47.0	42.4	224.0	39.2	5	100.0
07/31/2006 17:05	47.0	30.9	55.0	34.5	44.0	36.4	47.0	38.9	46.0	35.9	239.0	35.3	5	100.0
07/31/2006 17:10	43.0	32.3	53.0	37.6	43.0	37.2	48.0	41.9	48.0	38.8	235.0	37.7	5	100.0
07/31/2006 17:15	48.0	31.6	56.0	34.2	44.0	37.2	51.0	41.6	49.0	42.2	248.0	37.3	5	100.0
07/31/2006 17:20	42.0	30.6	44.0	32.0	37.0	33.5	44.0	37.6	46.0	37.8	213.0	34.4	5	100.0
07/31/2006 17:25	39.0	27.6	33.0	25.0	32.0	25.6	38.0	31.5	42.0	30.8	184.0	28.3	5	100.0
07/31/2006 17:30	43.0	27.7	51.0	27.0	39.0	26.4	44.0	33.9	43.0	31.7	220.0	29.3	5	100.0
07/31/2006 17:35	49.0	26.8	45.0	23.3	42.0	26.7	45.0	33.3	45.0	32.3	226.0	28.5	5	100.0
07/31/2006 17:40	47.0	23.3	47.0	22.2	44.0	25.5	46.0	30.9	46.0	31.3	230.0	26.6	5	100.0
07/31/2006 17:45	49.0	26.9	54.0	28.7	51.0	30.8	50.0	34.5	50.0	34.0	254.0	31.0	5	100.0
07/31/2006 17:50	41.0	29.4	49.0	33.0	42.0	35.7	45.0	39.9	44.0	38.8	221.0	35.4	5	100.0
07/31/2006 17:55	39.0	31.6	51.0	33.3	43.0	36.0	47.0	43.0	46.0	40.3	226.0	37.0	5	100.0
07/31/2006 18:00	46.0	43.3	54.0	36.8	49.0	37.9	53.0	43.7	50.0	41.3	252.0	40.5	5	100.0
07/31/2006 18:05	43.0	52.0	52.0	38.8	43.0	40.4	51.0	44.4	47.0	39.5	236.0	42.8	5	100.0
07/31/2006 18:10	44.0	59.5	60.0	40.2	54.0	42.1	49.0	44.8	50.0	42.6	257.0	45.2	5	100.0
07/31/2006 18:15	41.0	60.1	43.0	36.5	40.0	40.3	44.0	42.8	45.0	39.8	213.0	43.8	5	100.0
07/31/2006 18:20	40.0	66.8	56.0	40.7	49.0	43.5	44.0	43.9	48.0	44.6	237.0	47.1	5	100.0
07/31/2006 18:25	42.0	68.0	54.0	42.8	48.0	43.7	49.0	46.7	47.0	45.1	240.0	48.6	5	100.0
07/31/2006 18:30	33.0	71.6	54.0	44.3	45.0	46.3	47.0	48.0	45.0	46.9	224.0	50.0	5	100.0
07/31/2006 18:35	39.0	75.8	55.0	45.9	47.0	46.2	49.0	49.7	46.0	46.7	236.0	51.8	5	100.0
07/31/2006 18:40	35.0	75.6	56.0	46.4	52.0	49.1	49.0	50.6	52.0	46.3	244.0	52.0	5	100.0
07/31/2006 18:45	27.0	78.4	49.0	53.3	45.0	57.2	42.0	56.9	39.0	51.1	202.0	57.8	5	100.0
07/31/2006 18:50	23.0	81.3	51.0	59.4	46.0	63.8	51.0	62.6	43.0	58.2	214.0	63.2	5	100.0
07/31/2006 18:55	25.0	85.7	46.0	62.7	45.0	68.9	43.0	64.8	43.0	61.4	202.0	67.1	5	100.0
07/31/2006 19:00	32.0	81.0	35.0	68.5	40.0	72.9	40.0	68.1	37.0	62.8	184.0	70.4	5	100.0
07/31/2006 19:05	33.0	79.2	43.0	69.2	43.0	73.2	49.0	67.2	45.0	65.0	213.0	70.2	5	100.0
07/31/2006 19:10	33.0	79.1	47.0	72.6	41.0	72.2	44.0	70.7	47.0	64.9	212.0	71.4	5	100.0
07/31/2006 19:15	33.0	75.6	40.0	70.7	47.0	71.4	39.0	67.4	30.0	52.6	189.0	68.2	5	100.0
07/31/2006 19:20	35.0	72.5	42.0	69.9	45.0	69.5	45.0	61.7	46.0	53.4	213.0	64.9	5	100.0
07/31/2006 19:25	29.0	75.2	41.0	72.9	40.0	71.7	45.0	66.0	38.0	57.8	193.0	68.4	5	100.0
07/31/2006 19:30	39.0	75.2	43.0	73.1	41.0	70.8	41.0	68.8	36.0	60.5	200.0	69.9	5	100.0
07/31/2006 19:35	35.0	76.8	39.0	74.5	34.0	69.2	38.0	66.2	36.0	60.7	182.0	69.5	5	100.0
07/31/2006 19:40	33.0	77.1	40.0	75.2	39.0	67.6	42.0	67.9	37.0	62.8	191.0	70.0	5	100.0
07/31/2006 19:45	29.0	78.0	39.0	75.1	35.0	71.3	37.0	67.4	41.0	64.2	181.0	70.8	5	100.0
07/31/2006 19:50	29.0	76.6	35.0	72.1	39.0	71.3	33.0	65.3	37.0	64.1	173.0	69.7	5	100.0
07/31/2006 19:55	28.0	77.8	35.0	72.0	32.0	73.9	33.0	64.3	31.0	65.3	159.0	70.5	5	100.0
07/31/2006 20:00	33.0	78.2	39.0	72.1	33.0	71.0	38.0	63.7	37.0	65.3	180.0	69.8	5	100.0
07/31/2006 20:05	28.0	76.5	35.0	74.0	32.0	68.2	32.0	62.9	28.0	61.5	155.0	68.7	5	100.0
07/31/2006 20:10	28.0	76.3	32.0	73.6	28.0	70.4	31.0	64.8	28.0	60.5	147.0	69.2	5	100.0
07/31/2006 20:15	39.0	78.3	43.0	73.3	39.0	70.1	36.0	67.7	35.0	63.0	192.0	70.7	5	100.0
07/31/2006 20:20	30.0	76.8	39.0	75.1	37.0	72.2	33.0	63.4	30.0	63.9	169.0	70.5	5	100.0
07/31/2006 20:25	36.0	77.9	38.0	75.0	37.0	74.5	39.0	65.8	38.0	61.8	188.0	70.9	5	100.0
07/31/2006 20:30	25.0	75.5	33.0	74.6	38.0	76.5	32.0	66.7	28.0	64.9	156.0	71.8	5	100.0
07/31/2006 20:35	21.0	75.6	31.0	76.5	29.0	72.0	30.0	66.9	25.0	65.6	136.0	71.3	5	100.0
07/31/2006 20:40	31.0	76.6	39.0	74.7	36.0	70.5	37.0	68.1	33.0	63.7	176.0	70.7	5	100.0
07/31/2006 20:45	23.0	78.9	33.0	72.8	31.0	71.2	32.0	67.6	29.0	65.6	148.0	70.9	5	100.0
07/31/2006 20:50	22.0	80.2	35.0	75.3	36.0	77.4	34.0	70.3	28.0	60.4	155.0	72.7	5	100.0
07/31/2006 20:55	26.0	80.8	32.0	72.8	33.0	74.9	36.0	72.2	31.0	60.3	158.0	72.0	5	100.0
07/31/2006 21:00	21.0	80.1	27.0	74.2	29.0	78.0	28.0	68.8	29.0	60.4	134.0	71.8	5	100.0
07/31/2006 21:05	26.0	77.0	36.0	75.5	33.0	73.7	36.0	68.8	32.0	64.9	163.0	71.8	5	100.0
07/31/2006 21:10	26.0	76.5	39.0	74.0	31.0	66.9	31.0	67.7	33.0	63.7	160.0	69.7	5	100.0
07/31/2006 21:15	25.0	77.1	35.0	73.8	29.0	70.0	28.0	70.9	29.0	60.9	146.0	70.5	5	100.0
07/31/2006 21:20	29.0	78.7	38.0	76.8	32.0	72.4	38.0	69.5	32.0	60.3	169.0	71.5	5	100.0
07/31/2006 21:25	28.0	80.1	32.0	74.9	35.0	69.8	34.0	66.9	25.0	65.6	154.0	71.4	5	100.0
07/31/2006 21:30	25.0	80.1	31.0	74.9	31.0	69.3	31.0	66.8	29.0	67.0	147.0	71.3	5	100.0
07/31/2006 21:35	25.0	78.8	31.0	74.9	29.0	71.0	31.0	69.6	27.0	65.3	143.0	71.8	5	100.0
07/31/2006 21:40	21.0	77.3	32.0	75.5	31.0	75.0	29.0	68.2	25.0	63.2	138.0	71.9	5	100.0
07/31/2006 21:45	27.0	78.2	26.0	76.7	30.0	73.6	34.0	73.8	30.0	67.1	147.0	73.7	5	100.0
07/31/2006 21:50	18.0	77.6	32.0	76.4	29.0	73.4	31.0	72.1	31.0	66.7	141.0	72.9	5	100.0
07/31/2006 21:55	24.0	77.7	32.0	76.7	29.0	71.4	31.0	66.1	31.0	69.1	147.0	72.0	5	100.0
07/31/2006 22:00	21.0	77.6	29.0	75.0	29.0	73.3	25.0	65.6	25.0	64.5	129.0	71.2	5	100.0
07/31/2006 22:05	21.0	76.4	32.0	74.1	25.0	71.1	34.0	71.0	25.0	63.6	137.0	71.2	5	100.0
07/31/2006 22:10	20.0	76.4	26.0	73.2	29.0	67.2	28.0	67.1	25.0	58.1	128.0	68.1	5	100.0
07/31/2006 22:15	21.0	76.1	31.0	75.6	26.0	65.9	32.0	68.6	27.0	64.8	137.0	70.1	5	100.0
07/31/2006 22:20	24.0	77.2	31.0	75.0	27.0	70.5	26.0	70.1	26.0	65.3	134.0	71.7	5	100.0
07/31/2006 22:25	17.0	76.6	24.0	73.7	26.0	73.8	27.0	74.4	21.0	66.1	115.0	72.9	5	100.0
07/31/2006 22:30	21.0	76.7	28.0	75.0	24.0	70.7	20.0	70.7	26.0	66.0	119.0	71.7	5	100.0
07/31/2006 22:35	17.0	75.9	27.0	76.0	29.0	74.7	25.0	69.9	23.0	66.4	121.0	72.6	5	100.0
07/31/2006 22:40	14.0	76.5	22.0	74.9	23.0	72.1	27.0	72.6	21.0	65.2	107.0	72.0	5	100.0
07/31/2006 22:45	14.0	76.8	23.0	75.0	24.0	73.0	23.0	66.8	22.0	64.4	106.0	70.8	5	100.0
07/31/2006 22:50	18.0	77.2	22.0	73.3	19.0	72.0	16.0	70.2	17.0	67.0	92.0	72.1	5	100.0
07/31/2006 22:55	11.0	77.0	12.0	73.5	11.0	72.8	10.0	69.9	7.0	65.9	51.0	72.4	5	100.0
07/31/2006 23:00	15.0	77.4	24.0	72.7	21.0	71.8	20.0	69.2	13.0	65.6	93.0	71.5	5	100.0
07/31/2006 23:05	13.0	76.1	21.0	73.1	19.0	68.9	19.0	71.7	15.0	64.6	87.0	70.9	5	100.0
07/31/2006 23:10	14.0	76.6	25.0	73.4	22.0	71.7	18.0	69.7	16.0	61.3	95.0	70.7	5	100.0
07/31/2006 23:15	15.0	75.8	24.0	74.4	21.0	70.7	19.0	70.9	21.0	61.3	100.0	70.4	5	100.0
07/31/2006 23:20	19.0	75.0	26.0	72.1	26.0	69.0	21.0	69.7	16.0	63.5	108.0	70.1	5	100.0
07/31/2006 23:25	14.0	75.6	21.0	73.6	21.0	69.9	19.0	66.8	16.0	64.4	91.0	70.0	5	100.0
07/31/2006 23:30	9.0	76.1	23.0	75.5	20.0	70.4	19.0	65.7	18.0	62.0	89.0	69.6	5	100.0
07/31/2006 23:35	13.0	76.1	20.0	74.6	21.0	71.2	19.0	68.4	18.0	64.7	91.0	70.8	5	100.0
07/31/2006 23:40	11.0	76.5	21.0	74.0	20.0	71.0	17.0	65.8	14.0	66.1	83.0	70.6	5	100.0
07/31/2006 23:45	13.0	76.5	21.0	74.0	21.0	71.5	19.0	69.5	20.0	65.2	94.0	71.0	5	100.0
07/31/2006 23:50	11.0	76.7	21.0	74.3	18.0	66.4	17.0	69.6	15.0	64.4	82.0	70.1	5	100.0
07/31/2006 23:55	11.0	76.8	19.0	75.3	19.0	70.6	17.0	69.7	13.0	58.7	79.0	70.4	5	100.0
