5 Minutes	Lane 1 Flow (Veh/5 Minutes)	Lane 1 Speed (mph)	Lane 2 Flow (Veh/5 Minutes)	Lane 2 Speed (mph)	Lane 3 Flow (Veh/5 Minutes)	Lane 3 Speed (mph)	Lane 4 Flow (Veh/5 Minutes)	Lane 4 Speed (mph)	Lane 5 Flow (Veh/5 Minutes)	Lane 5 Speed (mph)	Flow (Veh/5 Minutes)	Speed (mph)	# Lane Points	% Observed
10/29/2006 00:00	17.0	76.5	19.0	74.0	23.0	72.0	23.0	69.2	23.0	64.5	105.0	70.8	5	100.0
10/29/2006 00:05	17.0	75.0	22.0	72.6	19.0	71.4	21.0	68.2	23.0	66.2	102.0	70.4	5	100.0
10/29/2006 00:10	11.0	75.8	20.0	72.1	22.0	72.7	23.0	70.1	20.0	66.1	96.0	70.9	5	100.0
10/29/2006 00:15	15.0	76.8	27.0	73.7	23.0	72.9	24.0	70.0	21.0	65.7	110.0	71.6	5	100.0
10/29/2006 00:20	11.0	76.7	20.0	72.7	23.0	70.8	22.0	70.3	20.0	64.4	96.0	70.4	5	100.0
10/29/2006 00:25	9.0	76.5	23.0	71.8	22.0	69.6	25.0	64.9	24.0	64.5	103.0	68.4	5	100.0
10/29/2006 00:30	9.0	76.6	17.0	72.5	18.0	71.6	21.0	67.1	22.0	66.5	87.0	69.9	5	100.0
10/29/2006 00:35	8.0	76.5	21.0	74.8	19.0	73.8	19.0	66.0	20.0	63.6	87.0	70.2	5	100.0
10/29/2006 00:40	5.0	76.4	10.0	74.4	11.0	73.5	9.0	67.7	8.0	64.4	43.0	71.1	5	100.0
10/29/2006 00:45	11.0	76.4	17.0	73.8	19.0	72.1	18.0	66.2	15.0	65.8	80.0	70.5	5	100.0
10/29/2006 00:50	9.0	77.0	17.0	74.0	17.0	71.0	18.0	62.1	17.0	66.9	78.0	69.4	5	100.0
10/29/2006 00:55	7.0	77.0	19.0	75.9	21.0	72.0	18.0	66.4	15.0	66.1	80.0	71.0	5	100.0
10/29/2006 02:00	5.0	76.5	10.0	74.0	14.0	72.1	13.0	66.6	16.0	65.0	58.0	69.6	5	100.0
10/29/2006 02:05	5.0	76.1	13.0	74.1	14.0	72.4	13.0	67.4	14.0	64.5	59.0	70.1	5	100.0
10/29/2006 02:10	6.0	76.2	11.0	73.9	11.0	71.8	13.0	69.2	11.0	64.4	52.0	70.5	5	100.0
10/29/2006 02:15	4.0	76.5	8.0	74.2	9.0	72.0	11.0	69.9	9.0	64.7	41.0	70.7	5	100.0
10/29/2006 02:20	3.0	76.4	8.0	74.1	10.0	72.1	13.0	70.0	13.0	65.2	47.0	70.2	5	100.0
10/29/2006 02:25	2.0	76.4	8.0	74.1	9.0	72.2	9.0	69.4	6.0	64.7	34.0	70.8	5	100.0
10/29/2006 02:30	2.0	76.4	9.0	74.5	11.0	72.5	9.0	68.8	6.0	64.6	37.0	71.0	5	100.0
10/29/2006 02:35	3.0	76.6	5.0	74.2	8.0	72.2	8.0	69.3	7.0	64.4	31.0	70.4	5	100.0
10/29/2006 02:40	3.0	76.2	7.0	74.4	9.0	72.4	9.0	68.6	7.0	64.8	35.0	70.6	5	100.0
10/29/2006 02:45	2.0	76.3	6.0	74.3	6.0	72.4	8.0	69.0	5.0	64.9	27.0	70.7	5	100.0
10/29/2006 02:50	4.0	76.1	8.0	74.2	7.0	72.2	9.0	66.9	8.0	63.7	36.0	69.9	5	100.0
10/29/2006 02:55	3.0	76.2	6.0	73.8	6.0	72.3	7.0	67.9	4.0	64.3	26.0	70.7	5	100.0
10/29/2006 03:00	3.0	76.4	8.0	74.0	10.0	72.1	7.0	68.0	9.0	64.7	37.0	70.3	5	100.0
10/29/2006 03:05	1.0	76.2	6.0	74.1	7.0	72.0	13.0	69.4	7.0	65.2	34.0	70.1	5	100.0
10/29/2006 03:10	2.0	76.3	5.0	73.9	4.0	71.9	8.0	69.2	3.0	64.3	22.0	70.7	5	100.0
10/29/2006 03:15	1.0	76.1	3.0	74.1	6.0	71.7	7.0	69.4	3.0	64.4	20.0	70.4	5	100.0
10/29/2006 03:20	0.0	76.1	1.0	73.9	2.0	71.5	2.0	69.5	5.0	64.5	10.0	67.8	5	100.0
10/29/2006 03:25	1.0	76.0	3.0	73.9	5.0	71.6	9.0	69.4	5.0	64.1	23.0	69.6	5	100.0
10/29/2006 03:30	1.0	76.5	1.0	74.4	5.0	72.2	3.0	69.3	4.0	64.1	14.0	69.7	5	100.0
10/29/2006 03:35	0.0	76.5	2.0	74.3	4.0	72.0	3.0	69.3	3.0	64.4	12.0	69.8	5	100.0
10/29/2006 03:40	0.0	76.5	4.0	74.3	4.0	71.8	5.0	69.5	4.0	64.6	17.0	70.0	5	100.0
10/29/2006 03:45	0.0	76.5	4.0	74.2	8.0	71.5	8.0	69.4	6.0	64.9	26.0	69.7	5	100.0
10/29/2006 03:50	0.0	76.5	6.0	74.2	6.0	71.1	5.0	69.6	5.0	64.9	22.0	70.2	5	100.0
10/29/2006 03:55	1.0	76.8	4.0	74.0	2.0	71.7	6.0	69.1	3.0	64.6	16.0	70.3	5	100.0
10/29/2006 04:00	0.0	76.8	2.0	74.1	3.0	71.9	7.0	69.9	5.0	65.1	17.0	69.3	5	100.0
10/29/2006 04:05	1.0	76.8	3.0	74.2	6.0	72.2	8.0	68.8	5.0	65.0	23.0	69.9	5	100.0
10/29/2006 04:10	1.0	76.8	2.0	74.2	5.0	71.9	5.0	68.8	7.0	64.6	20.0	69.0	5	100.0
10/29/2006 04:15	0.0	76.8	2.0	74.1	5.0	71.8	6.0	68.9	3.0	64.6	16.0	69.7	5	100.0
10/29/2006 04:20	1.0	76.8	3.0	74.0	3.0	71.7	5.0	68.7	6.0	64.2	18.0	69.0	5	100.0
10/29/2006 04:25	0.0	76.8	2.0	74.1	1.0	71.8	4.0	69.3	3.0	64.8	10.0	69.2	5	100.0
10/29/2006 04:30	0.0	76.8	4.0	74.1	3.0	72.1	5.0	69.2	3.0	65.1	15.0	70.3	5	100.0
10/29/2006 04:35	1.0	76.8	3.0	74.0	6.0	72.3	5.0	69.2	2.0	64.9	17.0	71.1	5	100.0
10/29/2006 04:40	0.0	76.8	3.0	73.8	3.0	72.0	4.0	69.5	5.0	64.5	15.0	69.2	5	100.0
10/29/2006 04:45	1.0	76.3	2.0	74.0	2.0	71.9	3.0	69.0	3.0	64.7	11.0	69.9	5	100.0
10/29/2006 04:50	1.0	76.5	3.0	73.6	6.0	71.7	7.0	68.7	4.0	64.6	21.0	69.8	5	100.0
10/29/2006 04:55	0.0	76.5	3.0	73.9	3.0	71.6	5.0	69.0	6.0	65.0	17.0	68.9	5	100.0
10/29/2006 05:00	1.0	76.6	4.0	74.2	4.0	72.2	3.0	68.4	4.0	64.5	16.0	70.3	5	100.0
10/29/2006 05:05	1.0	76.7	1.0	74.5	2.0	72.3	3.0	69.0	3.0	64.5	10.0	69.6	5	100.0
10/29/2006 05:10	0.0	76.7	2.0	74.3	4.0	72.3	7.0	69.4	6.0	64.1	19.0	68.9	5	100.0
10/29/2006 05:15	0.0	76.7	5.0	74.4	5.0	72.6	8.0	69.7	5.0	64.4	23.0	70.2	5	100.0
10/29/2006 05:20	0.0	76.7	2.0	74.0	5.0	72.0	6.0	69.3	3.0	64.1	16.0	69.8	5	100.0
10/29/2006 05:25	1.0	76.3	6.0	73.9	4.0	71.9	7.0	69.6	7.0	63.9	25.0	69.7	5	100.0
10/29/2006 05:30	0.0	76.3	1.0	73.8	4.0	72.0	7.0	69.2	4.0	64.5	16.0	69.0	5	100.0
10/29/2006 05:35	0.0	76.3	6.0	74.1	4.0	71.4	6.0	69.5	4.0	64.3	20.0	70.2	5	100.0
10/29/2006 05:40	1.0	76.5	6.0	74.3	7.0	71.7	9.0	69.1	8.0	64.4	31.0	69.7	5	100.0
10/29/2006 05:45	1.0	76.6	5.0	74.2	4.0	71.9	6.0	69.7	5.0	64.2	21.0	70.2	5	100.0
10/29/2006 05:50	2.0	76.4	5.0	74.1	3.0	71.5	6.0	68.9	5.0	64.1	21.0	70.1	5	100.0
10/29/2006 05:55	1.0	76.6	6.0	73.7	6.0	70.7	10.0	69.3	8.0	64.0	31.0	69.3	5	100.0
10/29/2006 06:00	1.0	76.9	4.0	73.9	6.0	71.5	7.0	68.3	6.0	64.2	24.0	69.4	5	100.0
10/29/2006 06:05	1.0	76.5	7.0	73.9	10.0	72.4	9.0	67.2	5.0	64.5	32.0	70.2	5	100.0
10/29/2006 06:10	1.0	76.9	2.0	74.0	5.0	72.0	5.0	68.6	1.0	64.3	14.0	70.9	5	100.0
10/29/2006 06:15	1.0	76.9	2.0	74.4	4.0	71.9	3.0	69.4	2.0	64.2	12.0	70.8	5	100.0
10/29/2006 06:20	1.0	76.5	11.0	73.8	11.0	71.2	9.0	69.7	8.0	65.0	40.0	70.5	5	100.0
10/29/2006 06:25	4.0	76.7	7.0	73.8	12.0	71.9	8.0	69.4	6.0	65.1	37.0	71.1	5	100.0
10/29/2006 06:30	5.0	76.6	7.0	74.0	9.0	72.6	11.0	69.0	10.0	65.3	42.0	70.6	5	100.0
10/29/2006 06:35	4.0	76.5	11.0	72.5	13.0	72.5	12.0	68.6	6.0	65.1	46.0	70.9	5	100.0
10/29/2006 06:40	4.0	76.7	10.0	73.4	12.0	71.9	13.0	68.7	8.0	65.1	47.0	70.6	5	100.0
10/29/2006 06:45	0.0	76.7	11.0	72.7	13.0	71.4	13.0	68.9	10.0	65.6	47.0	69.8	5	100.0
10/29/2006 06:50	5.0	76.7	9.0	72.6	17.0	72.8	16.0	68.5	15.0	66.9	62.0	70.5	5	100.0
10/29/2006 06:55	6.0	76.1	14.0	72.5	14.0	72.2	12.0	68.6	14.0	66.5	60.0	70.6	5	100.0
10/29/2006 07:00	4.0	76.4	15.0	73.9	17.0	72.5	14.0	68.0	13.0	66.7	63.0	70.9	5	100.0
10/29/2006 07:05	4.0	76.7	14.0	73.4	15.0	73.3	13.0	69.2	10.0	66.0	56.0	71.3	5	100.0
10/29/2006 07:10	7.0	76.5	19.0	74.3	18.0	73.8	15.0	68.7	9.0	65.0	68.0	71.9	5	100.0
10/29/2006 07:15	9.0	76.3	16.0	74.5	18.0	73.7	16.0	70.3	10.0	64.8	69.0	72.1	5	100.0
10/29/2006 07:20	9.0	76.6	19.0	74.3	17.0	73.6	17.0	68.6	14.0	64.7	76.0	71.4	5	100.0
10/29/2006 07:25	7.0	76.7	19.0	74.2	23.0	72.6	19.0	68.1	14.0	64.6	82.0	70.9	5	100.0
10/29/2006 07:30	8.0	76.9	17.0	74.0	19.0	74.2	14.0	69.5	16.0	65.4	74.0	71.7	5	100.0
10/29/2006 07:35	4.0	76.7	20.0	72.2	21.0	72.5	16.0	67.7	16.0	66.2	77.0	70.3	5	100.0
10/29/2006 07:40	8.0	76.0	19.0	72.8	18.0	73.1	19.0	70.7	15.0	62.8	79.0	70.8	5	100.0
10/29/2006 07:45	10.0	76.6	21.0	70.5	18.0	71.3	19.0	69.5	19.0	59.8	87.0	68.8	5	100.0
10/29/2006 07:50	9.0	76.8	16.0	71.0	19.0	70.0	16.0	68.4	17.0	61.6	77.0	68.8	5	100.0
10/29/2006 07:55	9.0	76.2	19.0	71.2	23.0	70.2	21.0	66.3	21.0	64.3	93.0	68.8	5	100.0
10/29/2006 08:00	15.0	77.4	21.0	71.7	24.0	73.3	22.0	67.2	23.0	66.5	105.0	70.8	5	100.0
10/29/2006 08:05	8.0	76.8	21.0	72.5	18.0	70.1	19.0	69.5	19.0	65.1	85.0	70.1	5	100.0
10/29/2006 08:10	9.0	76.6	21.0	73.1	19.0	68.4	24.0	68.7	22.0	64.6	95.0	69.4	5	100.0
10/29/2006 08:15	12.0	75.8	25.0	72.1	24.0	68.8	29.0	66.8	23.0	62.8	113.0	68.5	5	100.0
10/29/2006 08:20	12.0	75.1	26.0	72.7	27.0	70.0	24.0	67.4	24.0	64.1	113.0	69.4	5	100.0
10/29/2006 08:25	16.0	73.7	25.0	72.7	29.0	72.6	26.0	67.0	26.0	64.7	122.0	69.9	5	100.0
10/29/2006 08:30	13.0	75.6	19.0	72.6	28.0	72.3	29.0	69.2	27.0	61.8	116.0	69.5	5	100.0
10/29/2006 08:35	13.0	75.7	27.0	73.7	27.0	72.1	25.0	67.3	27.0	64.7	119.0	70.2	5	100.0
10/29/2006 08:40	11.0	76.4	23.0	72.8	23.0	69.5	25.0	65.9	27.0	60.7	109.0	67.9	5	100.0
10/29/2006 08:45	19.0	76.6	29.0	72.6	20.0	69.2	22.0	68.7	26.0	63.1	116.0	69.8	5	100.0
10/29/2006 08:50	21.0	76.1	31.0	73.9	31.0	69.5	29.0	67.5	32.0	66.2	144.0	70.3	5	100.0
10/29/2006 08:55	16.0	77.3	28.0	73.6	25.0	70.2	30.0	68.0	24.0	66.6	123.0	70.7	5	100.0
10/29/2006 09:00	15.0	77.6	27.0	74.6	33.0	69.8	30.0	69.5	27.0	64.7	132.0	70.6	5	100.0
10/29/2006 09:05	21.0	76.8	31.0	74.2	27.0	68.8	32.0	68.6	29.0	66.9	140.0	70.8	5	100.0
10/29/2006 09:10	21.0	77.0	33.0	73.2	34.0	67.4	35.0	67.7	31.0	65.0	154.0	69.5	5	100.0
10/29/2006 09:15	19.0	75.5	33.0	75.1	34.0	71.5	29.0	68.7	31.0	68.2	146.0	71.6	5	100.0
10/29/2006 09:20	24.0	74.6	41.0	73.7	36.0	69.4	34.0	66.2	40.0	68.2	175.0	70.2	5	100.0
10/29/2006 09:25	25.0	74.6	37.0	72.0	35.0	70.5	37.0	66.7	29.0	63.6	163.0	69.4	5	100.0
10/29/2006 09:30	21.0	76.1	36.0	72.7	36.0	71.5	36.0	68.2	31.0	62.5	160.0	69.9	5	100.0
10/29/2006 09:35	23.0	76.7	33.0	71.6	37.0	70.7	33.0	67.4	37.0	65.6	163.0	69.9	5	100.0
10/29/2006 09:40	23.0	77.5	31.0	71.6	33.0	70.1	39.0	68.8	36.0	65.4	162.0	70.1	5	100.0
10/29/2006 09:45	33.0	75.2	37.0	71.4	39.0	70.5	37.0	66.9	37.0	65.4	183.0	69.8	5	100.0
10/29/2006 09:50	25.0	74.3	40.0	72.6	40.0	70.8	40.0	65.5	33.0	64.5	178.0	69.3	5	100.0
10/29/2006 09:55	27.0	73.5	41.0	72.7	35.0	69.8	41.0	64.3	41.0	65.7	185.0	68.9	5	100.0
10/29/2006 10:00	26.0	75.9	43.0	67.0	37.0	62.6	39.0	62.1	40.0	62.6	185.0	65.4	5	100.0
10/29/2006 10:05	24.0	75.4	35.0	64.3	33.0	59.1	39.0	62.0	38.0	61.6	169.0	63.7	5	100.0
10/29/2006 10:10	28.0	76.2	37.0	60.7	38.0	58.0	39.0	59.7	37.0	60.7	179.0	62.3	5	100.0
10/29/2006 10:15	27.0	77.2	41.0	59.3	41.0	59.3	43.0	60.7	37.0	61.4	189.0	62.6	5	100.0
10/29/2006 10:20	25.0	78.4	37.0	59.0	41.0	57.6	45.0	59.3	37.0	59.6	185.0	61.5	5	100.0
10/29/2006 10:25	37.0	77.2	42.0	59.1	44.0	58.5	47.0	59.3	46.0	57.3	216.0	61.7	5	100.0
10/29/2006 10:30	32.0	76.3	43.0	57.5	47.0	58.4	47.0	59.6	45.0	56.8	214.0	60.8	5	100.0
10/29/2006 10:35	31.0	75.8	40.0	57.0	44.0	58.2	47.0	60.9	41.0	56.1	203.0	60.9	5	100.0
10/29/2006 10:40	40.0	74.2	46.0	56.7	44.0	55.9	45.0	60.0	43.0	53.9	218.0	59.9	5	100.0
10/29/2006 10:45	37.0	75.1	44.0	56.3	43.0	56.3	41.0	59.2	39.0	56.0	204.0	60.2	5	100.0
10/29/2006 10:50	38.0	74.5	43.0	57.7	49.0	57.1	44.0	56.8	51.0	55.1	225.0	59.6	5	100.0
10/29/2006 10:55	40.0	73.7	48.0	58.4	43.0	55.5	42.0	57.9	49.0	56.1	222.0	60.0	5	100.0
10/29/2006 11:00	34.0	75.8	40.0	58.7	46.0	57.6	41.0	58.0	44.0	55.6	205.0	60.5	5	100.0
10/29/2006 11:05	25.0	76.2	39.0	60.7	35.0	58.7	41.0	61.3	41.0	55.1	181.0	61.3	5	100.0
10/29/2006 11:10	27.0	77.0	40.0	60.4	39.0	60.4	43.0	60.6	42.0	55.4	191.0	61.7	5	100.0
10/29/2006 11:15	26.0	75.6	42.0	59.8	37.0	58.9	40.0	61.0	43.0	57.7	188.0	61.6	5	100.0
10/29/2006 11:20	41.0	77.0	39.0	59.2	42.0	58.7	46.0	62.7	47.0	59.1	215.0	63.2	5	100.0
10/29/2006 11:25	34.0	75.7	36.0	58.2	40.0	57.2	44.0	62.5	46.0	58.0	200.0	61.9	5	100.0
10/29/2006 11:30	43.0	76.1	45.0	57.7	44.0	58.3	45.0	59.4	51.0	55.7	228.0	61.2	5	100.0
10/29/2006 11:35	35.0	75.5	52.0	58.1	45.0	57.9	47.0	59.4	47.0	55.2	226.0	60.4	5	100.0
10/29/2006 11:40	34.0	76.9	43.0	60.1	41.0	57.2	40.0	61.9	42.0	55.7	200.0	61.8	5	100.0
10/29/2006 11:45	39.0	75.4	49.0	57.0	41.0	54.8	39.0	56.0	45.0	47.3	213.0	57.7	5	100.0
10/29/2006 11:50	37.0	76.2	42.0	57.4	47.0	55.1	43.0	57.6	52.0	49.8	221.0	58.3	5	100.0
10/29/2006 11:55	35.0	76.1	44.0	57.3	45.0	56.0	44.0	58.5	47.0	52.8	215.0	59.4	5	100.0
10/29/2006 12:00	41.0	76.3	48.0	57.3	39.0	53.2	42.0	57.9	49.0	53.5	219.0	59.4	5	100.0
10/29/2006 12:05	37.0	76.1	45.0	57.9	42.0	56.9	42.0	58.8	47.0	55.1	213.0	60.4	5	100.0
10/29/2006 12:10	29.0	75.1	40.0	58.6	41.0	56.1	43.0	61.3	43.0	54.5	196.0	60.2	5	100.0
10/29/2006 12:15	39.0	75.0	43.0	60.0	43.0	56.1	42.0	59.3	47.0	54.6	214.0	60.6	5	100.0
10/29/2006 12:20	32.0	74.5	44.0	59.6	42.0	58.0	43.0	60.9	45.0	55.7	206.0	61.0	5	100.0
10/29/2006 12:25	39.0	73.7	43.0	58.1	43.0	56.5	43.0	58.9	43.0	52.1	211.0	59.6	5	100.0
10/29/2006 12:30	38.0	74.3	45.0	57.3	46.0	57.0	45.0	57.1	45.0	53.0	219.0	59.3	5	100.0
10/29/2006 12:35	36.0	74.1	41.0	56.9	45.0	56.4	43.0	55.9	47.0	53.7	212.0	58.8	5	100.0
10/29/2006 12:40	35.0	74.0	45.0	57.1	45.0	55.8	45.0	57.2	54.0	53.3	224.0	58.6	5	100.0
10/29/2006 12:45	34.0	74.0	45.0	56.3	43.0	56.0	44.0	54.9	47.0	52.2	213.0	57.9	5	100.0
10/29/2006 12:50	45.0	70.9	47.0	55.1	47.0	54.7	51.0	54.1	49.0	53.2	239.0	57.4	5	100.0
10/29/2006 12:55	39.0	70.2	46.0	54.7	46.0	53.7	42.0	56.0	49.0	53.5	222.0	57.2	5	100.0
10/29/2006 13:00	43.0	58.4	43.0	55.3	47.0	54.3	46.0	56.2	47.0	53.4	226.0	55.5	5	100.0
10/29/2006 13:05	39.0	52.0	41.0	56.2	46.0	55.4	46.0	58.0	50.0	53.5	222.0	55.1	5	100.0
10/29/2006 13:10	35.0	48.7	49.0	57.3	47.0	56.5	44.0	56.8	46.0	52.4	221.0	54.6	5	100.0
10/29/2006 13:15	41.0	47.7	47.0	56.1	42.0	56.2	47.0	56.7	49.0	53.1	226.0	54.1	5	100.0
10/29/2006 13:20	54.0	44.7	55.0	53.9	51.0	54.9	44.0	53.1	47.0	51.5	251.0	51.5	5	100.0
10/29/2006 13:25	47.0	45.6	49.0	55.0	45.0	54.3	50.0	54.7	45.0	52.0	236.0	52.4	5	100.0
10/29/2006 13:30	53.0	44.4	50.0	55.6	46.0	53.3	49.0	56.4	55.0	52.3	253.0	52.3	5	100.0
10/29/2006 13:35	43.0	45.5	44.0	55.1	44.0	55.0	41.0	56.2	46.0	52.9	218.0	52.9	5	100.0
10/29/2006 13:40	44.0	45.8	46.0	56.0	49.0	55.6	49.0	58.1	48.0	54.0	236.0	54.0	5	100.0
10/29/2006 13:45	46.0	45.1	55.0	56.3	49.0	54.5	48.0	57.6	53.0	52.7	251.0	53.4	5	100.0
10/29/2006 13:50	46.0	45.8	45.0	56.8	45.0	54.3	49.0	58.9	45.0	53.8	230.0	54.0	5	100.0
10/29/2006 13:55	48.0	45.9	45.0	56.4	47.0	54.9	41.0	57.1	51.0	55.8	232.0	53.9	5	100.0
10/29/2006 14:00	41.0	46.9	45.0	56.5	49.0	57.2	39.0	57.8	44.0	55.7	218.0	54.9	5	100.0
10/29/2006 14:05	49.0	45.8	54.0	55.9	46.0	54.3	47.0	57.8	43.0	54.0	239.0	53.6	5	100.0
10/29/2006 14:10	43.0	46.5	44.0	56.2	45.0	55.0	51.0	58.6	47.0	55.1	230.0	54.5	5	100.0
10/29/2006 14:15	53.0	45.5	54.0	55.6	54.0	53.9	49.0	57.9	53.0	53.8	263.0	53.3	5	100.0
10/29/2006 14:20	47.0	45.0	49.0	55.6	50.0	53.4	48.0	57.6	46.0	51.4	240.0	52.7	5	100.0
10/29/2006 14:25	44.0	45.0	50.0	54.6	47.0	53.7	49.0	56.4	48.0	51.8	238.0	52.5	5	100.0
10/29/2006 14:30	47.0	44.8	51.0	54.9	48.0	54.4	49.0	56.0	47.0	53.1	242.0	52.7	5	100.0
10/29/2006 14:35	50.0	42.4	50.0	52.8	46.0	51.2	49.0	53.3	48.0	49.8	243.0	49.9	5	100.0
10/29/2006 14:40	45.0	43.5	47.0	53.3	51.0	54.6	48.0	56.1	48.0	52.4	239.0	52.1	5	100.0
10/29/2006 14:45	43.0	44.3	51.0	54.5	51.0	56.3	49.0	56.6	43.0	54.2	237.0	53.4	5	100.0
10/29/2006 14:50	49.0	42.4	52.0	52.6	47.0	53.5	47.0	53.5	49.0	52.2	244.0	50.8	5	100.0
10/29/2006 14:55	46.0	44.0	51.0	53.9	47.0	52.1	49.0	53.2	47.0	52.3	240.0	51.2	5	100.0
10/29/2006 15:00	47.0	44.1	50.0	53.0	52.0	52.0	52.0	53.4	45.0	51.5	246.0	50.9	5	100.0
10/29/2006 15:05	49.0	43.5	46.0	53.4	45.0	52.8	45.0	55.9	47.0	52.0	232.0	51.4	5	100.0
10/29/2006 15:10	51.0	41.1	49.0	50.3	51.0	50.5	48.0	52.5	51.0	48.0	250.0	48.4	5	100.0
10/29/2006 15:15	43.0	42.6	46.0	52.0	45.0	54.0	45.0	55.5	42.0	50.3	221.0	51.0	5	100.0
10/29/2006 15:20	42.0	44.1	47.0	54.0	45.0	53.8	45.0	55.4	42.0	51.5	221.0	51.9	5	100.0
10/29/2006 15:25	45.0	45.1	45.0	54.7	47.0	54.1	47.0	55.1	45.0	52.2	229.0	52.3	5	100.0
10/29/2006 15:30	37.0	45.8	41.0	56.6	38.0	54.5	43.0	57.2	38.0	51.5	197.0	53.3	5	100.0
10/29/2006 15:35	45.0	44.0	41.0	55.3	40.0	54.8	48.0	57.0	42.0	53.1	216.0	52.8	5	100.0
10/29/2006 15:40	45.0	42.1	46.0	52.8	46.0	53.5	43.0	57.0	43.0	52.7	223.0	51.6	5	100.0
10/29/2006 15:45	47.0	40.0	47.0	50.1	43.0	49.7	47.0	53.7	42.0	50.6	226.0	48.8	5	100.0
10/29/2006 15:50	51.0	37.6	47.0	47.7	45.0	46.8	43.0	49.4	43.0	48.2	229.0	45.7	5	100.0
10/29/2006 15:55	51.0	38.5	49.0	47.3	49.0	47.9	42.0	49.6	49.0	49.0	240.0	46.3	5	100.0
10/29/2006 16:00	52.0	37.1	49.0	46.6	46.0	45.1	49.0	47.6	44.0	46.8	240.0	44.5	5	100.0
10/29/2006 16:05	52.0	31.6	49.0	39.3	47.0	39.0	41.0	38.4	51.0	41.2	240.0	37.8	5	100.0
10/29/2006 16:10	48.0	29.9	45.0	36.5	44.0	36.9	45.0	38.4	42.0	37.9	224.0	35.8	5	100.0
10/29/2006 16:15	48.0	28.3	47.0	35.6	45.0	36.9	41.0	38.3	45.0	37.4	226.0	35.2	5	100.0
10/29/2006 16:20	45.0	24.6	41.0	31.5	41.0	31.5	43.0	35.2	45.0	33.7	215.0	31.3	5	100.0
10/29/2006 16:25	45.0	21.4	42.0	27.5	40.0	27.6	41.0	31.7	42.0	31.1	210.0	27.8	5	100.0
10/29/2006 16:30	28.0	22.8	26.0	28.4	24.0	27.0	24.0	31.8	26.0	32.5	128.0	28.4	5	100.0
10/29/2006 16:35	47.0	24.4	43.0	30.8	43.0	31.5	45.0	34.5	45.0	34.0	223.0	31.0	5	100.0
10/29/2006 16:40	47.0	27.6	47.0	35.3	41.0	36.1	42.0	38.6	40.0	37.9	217.0	34.9	5	100.0
10/29/2006 16:45	49.0	29.1	43.0	36.8	45.0	37.1	43.0	39.9	46.0	38.7	226.0	36.2	5	100.0
10/29/2006 16:50	49.0	29.4	41.0	36.0	43.0	36.8	43.0	39.7	42.0	38.6	218.0	35.9	5	100.0
10/29/2006 16:55	49.0	27.0	45.0	32.6	42.0	33.5	41.0	36.5	45.0	36.4	222.0	33.0	5	100.0
10/29/2006 17:00	50.0	26.1	45.0	30.9	42.0	31.3	44.0	35.7	43.0	35.1	224.0	31.7	5	100.0
10/29/2006 17:05	51.0	26.6	47.0	32.9	43.0	32.6	44.0	37.8	43.0	37.4	228.0	33.2	5	100.0
10/29/2006 17:10	53.0	27.4	45.0	34.1	46.0	33.2	48.0	38.2	45.0	37.0	237.0	33.8	5	100.0
10/29/2006 17:15	51.0	26.9	47.0	33.9	47.0	33.2	44.0	36.9	45.0	36.8	234.0	33.4	5	100.0
10/29/2006 17:20	51.0	27.5	49.0	34.2	48.0	33.7	43.0	37.1	38.0	37.0	229.0	33.6	5	100.0
10/29/2006 17:25	48.0	27.6	46.0	33.9	43.0	34.4	47.0	38.0	40.0	37.8	224.0	34.2	5	100.0
10/29/2006 17:30	49.0	28.2	49.0	34.2	45.0	35.4	48.0	38.3	43.0	36.2	234.0	34.4	5	100.0
10/29/2006 17:35	54.0	29.1	49.0	35.2	48.0	35.4	45.0	38.5	47.0	37.2	243.0	34.9	5	100.0
10/29/2006 17:40	51.0	30.8	50.0	36.7	49.0	35.3	49.0	38.8	41.0	35.6	240.0	35.4	5	100.0
10/29/2006 17:45	51.0	28.3	45.0	33.7	45.0	33.0	43.0	36.1	47.0	35.2	231.0	33.1	5	100.0
10/29/2006 17:50	49.0	25.6	47.0	31.1	45.0	31.3	47.0	34.2	45.0	32.5	233.0	30.9	5	100.0
10/29/2006 17:55	57.0	30.0	49.0	36.9	46.0	36.1	51.0	38.1	42.0	36.2	245.0	35.3	5	100.0
10/29/2006 18:00	54.0	27.5	51.0	34.4	46.0	33.6	49.0	36.5	42.0	34.7	242.0	33.2	5	100.0
10/29/2006 18:05	49.0	25.4	49.0	30.8	44.0	29.8	44.0	32.2	41.0	32.5	227.0	30.0	5	100.0
10/29/2006 18:10	51.0	24.5	47.0	30.2	43.0	28.8	41.0	30.9	45.0	31.5	227.0	29.0	5	100.0
10/29/2006 18:15	49.0	24.2	45.0	29.4	43.0	27.9	41.0	28.7	41.0	28.9	219.0	27.7	5	100.0
10/29/2006 18:20	53.0	25.1	47.0	31.1	46.0	30.1	45.0	31.7	47.0	31.1	238.0	29.7	5	100.0
10/29/2006 18:25	53.0	24.9	47.0	30.7	46.0	30.1	44.0	32.7	43.0	32.4	233.0	30.0	5	100.0
10/29/2006 18:30	48.0	26.5	44.0	32.6	39.0	32.1	41.0	35.1	43.0	33.9	215.0	31.9	5	100.0
10/29/2006 18:35	55.0	28.3	51.0	35.5	50.0	35.7	48.0	37.1	47.0	36.5	251.0	34.5	5	100.0
10/29/2006 18:40	50.0	29.2	47.0	35.7	45.0	35.3	44.0	38.2	41.0	36.7	227.0	34.9	5	100.0
10/29/2006 18:45	29.0	30.6	29.0	37.2	29.0	37.9	25.0	40.1	28.0	37.1	140.0	36.5	5	100.0
10/29/2006 18:50	49.0	30.2	44.0	37.0	44.0	36.5	40.0	37.5	43.0	36.1	220.0	35.3	5	100.0
10/29/2006 18:55	51.0	30.4	49.0	36.3	47.0	35.1	49.0	37.1	45.0	36.2	241.0	35.0	5	100.0
10/29/2006 19:00	33.0	38.5	37.0	46.4	37.0	44.9	39.0	46.9	37.0	42.7	183.0	44.0	5	100.0
10/29/2006 19:05	36.0	42.2	41.0	52.1	41.0	50.1	35.0	52.3	37.0	48.6	190.0	49.1	5	100.0
10/29/2006 19:10	32.0	45.6	40.0	54.4	33.0	53.4	34.0	54.9	31.0	52.1	170.0	52.2	5	100.0
10/29/2006 19:15	34.0	47.6	38.0	55.4	34.0	55.7	34.0	56.6	34.0	53.8	174.0	53.9	5	100.0
10/29/2006 19:20	37.0	47.1	40.0	55.9	35.0	54.3	40.0	58.0	37.0	54.8	189.0	54.1	5	100.0
10/29/2006 19:25	31.0	47.1	39.0	56.2	39.0	56.3	38.0	56.3	30.0	49.0	177.0	53.4	5	100.0
10/29/2006 19:30	27.0	49.9	37.0	56.7	38.0	57.3	35.0	55.7	32.0	53.1	169.0	54.9	5	100.0
10/29/2006 19:35	33.0	49.0	33.0	57.4	35.0	58.1	35.0	57.5	35.0	55.5	171.0	55.6	5	100.0
10/29/2006 19:40	24.0	51.2	37.0	58.1	36.0	59.7	39.0	56.8	35.0	55.1	171.0	56.6	5	100.0
10/29/2006 19:45	29.0	50.6	39.0	59.1	33.0	56.9	41.0	57.6	38.0	54.4	180.0	56.0	5	100.0
10/29/2006 19:50	30.0	49.5	39.0	58.9	37.0	57.2	37.0	55.1	31.0	54.6	174.0	55.3	5	100.0
10/29/2006 19:55	30.0	49.9	38.0	58.0	37.0	55.6	37.0	57.3	31.0	57.0	173.0	55.8	5	100.0
10/29/2006 20:00	21.0	65.6	25.0	61.0	33.0	59.5	30.0	60.9	28.0	58.4	137.0	60.8	5	100.0
10/29/2006 20:05	32.0	70.1	33.0	60.1	37.0	60.0	35.0	60.8	32.0	56.1	169.0	61.4	5	100.0
10/29/2006 20:10	24.0	70.8	38.0	58.6	37.0	60.2	36.0	58.0	32.0	57.5	167.0	60.4	5	100.0
10/29/2006 20:15	30.0	73.9	36.0	58.7	29.0	59.6	38.0	59.6	31.0	57.3	164.0	61.6	5	100.0
10/29/2006 20:20	30.0	74.3	35.0	57.2	33.0	54.2	31.0	55.4	30.0	52.3	159.0	58.5	5	100.0
10/29/2006 20:25	26.0	75.2	35.0	58.5	30.0	55.6	31.0	59.0	33.0	54.9	155.0	60.1	5	100.0
10/29/2006 20:30	26.0	75.0	31.0	58.5	32.0	57.2	33.0	59.7	28.0	55.6	150.0	60.8	5	100.0
10/29/2006 20:35	27.0	76.1	35.0	58.3	33.0	57.2	33.0	57.1	34.0	56.0	162.0	60.3	5	100.0
10/29/2006 20:40	27.0	77.3	33.0	57.0	34.0	57.6	31.0	57.0	31.0	58.2	156.0	60.9	5	100.0
10/29/2006 20:45	21.0	76.9	29.0	59.6	32.0	59.1	30.0	58.9	29.0	58.2	141.0	61.6	5	100.0
10/29/2006 20:50	21.0	75.0	29.0	58.8	30.0	57.2	32.0	56.9	30.0	57.1	142.0	60.1	5	100.0
10/29/2006 20:55	21.0	77.3	26.0	59.9	27.0	58.1	29.0	59.2	27.0	59.4	130.0	62.1	5	100.0
10/29/2006 21:00	18.0	76.8	28.0	66.8	27.0	63.0	27.0	64.7	26.0	61.3	126.0	65.8	5	100.0
10/29/2006 21:05	18.0	77.8	28.0	72.5	30.0	65.8	27.0	65.9	22.0	61.0	125.0	68.2	5	100.0
10/29/2006 21:10	20.0	76.9	25.0	73.6	28.0	70.9	29.0	67.3	21.0	62.1	123.0	70.1	5	100.0
10/29/2006 21:15	17.0	76.6	28.0	75.9	27.0	72.8	32.0	69.5	27.0	64.7	131.0	71.5	5	100.0
10/29/2006 21:20	23.0	77.8	32.0	74.7	24.0	70.1	30.0	70.3	27.0	64.6	136.0	71.4	5	100.0
10/29/2006 21:25	21.0	78.8	31.0	72.0	30.0	70.4	29.0	66.8	25.0	61.9	136.0	69.7	5	100.0
10/29/2006 21:30	20.0	78.9	30.0	72.8	28.0	70.9	29.0	69.3	27.0	66.2	134.0	71.2	5	100.0
10/29/2006 21:35	17.0	78.4	29.0	74.9	34.0	70.1	28.0	71.5	23.0	65.1	131.0	71.7	5	100.0
10/29/2006 21:40	20.0	78.7	29.0	74.8	33.0	71.6	29.0	70.1	25.0	64.4	136.0	71.7	5	100.0
10/29/2006 21:45	21.0	77.3	34.0	75.8	35.0	73.5	27.0	72.9	22.0	65.0	139.0	73.2	5	100.0
10/29/2006 21:50	18.0	77.2	26.0	74.7	25.0	74.0	20.0	69.9	23.0	66.0	112.0	72.3	5	100.0
10/29/2006 21:55	17.0	78.3	23.0	75.8	23.0	72.4	24.0	69.1	25.0	66.4	112.0	71.9	5	100.0
10/29/2006 22:00	17.0	77.0	27.0	74.3	21.0	69.7	23.0	67.7	19.0	68.1	107.0	71.3	5	100.0
10/29/2006 22:05	14.0	76.0	25.0	75.3	24.0	71.9	25.0	70.0	22.0	63.9	110.0	71.2	5	100.0
10/29/2006 22:10	14.0	75.8	23.0	74.2	25.0	73.7	23.0	68.1	25.0	65.9	110.0	71.1	5	100.0
10/29/2006 22:15	15.0	74.8	25.0	75.3	22.0	74.4	21.0	64.7	17.0	66.6	100.0	71.3	5	100.0
10/29/2006 22:20	18.0	75.6	23.0	76.9	23.0	72.6	25.0	63.8	21.0	61.9	110.0	69.9	5	100.0
10/29/2006 22:25	14.0	76.4	24.0	77.3	19.0	72.7	22.0	68.7	21.0	64.6	100.0	71.7	5	100.0
10/29/2006 22:30	13.0	76.1	23.0	76.3	21.0	73.2	19.0	69.6	18.0	63.9	94.0	71.9	5	100.0
10/29/2006 22:35	13.0	76.8	22.0	76.9	21.0	73.0	17.0	66.6	17.0	65.6	90.0	71.9	5	100.0
10/29/2006 22:40	15.0	77.1	23.0	76.7	24.0	75.2	23.0	68.1	19.0	63.6	104.0	72.1	5	100.0
10/29/2006 22:45	13.0	76.1	23.0	76.0	18.0	75.1	23.0	71.6	25.0	64.7	102.0	72.1	5	100.0
10/29/2006 22:50	12.0	76.1	21.0	77.1	19.0	74.2	17.0	70.3	17.0	64.7	86.0	72.5	5	100.0
10/29/2006 22:55	9.0	76.7	21.0	76.8	19.0	75.8	17.0	71.4	15.0	64.8	81.0	73.2	5	100.0
10/29/2006 23:00	13.0	76.0	20.0	74.4	19.0	74.0	22.0	70.0	13.0	65.9	87.0	72.2	5	100.0
10/29/2006 23:05	8.0	76.4	20.0	73.7	16.0	72.2	21.0	72.8	10.0	63.8	75.0	72.1	5	100.0
10/29/2006 23:10	9.0	76.5	20.0	73.3	19.0	70.1	21.0	68.4	19.0	65.9	88.0	70.2	5	100.0
10/29/2006 23:15	11.0	77.1	18.0	74.2	19.0	70.1	17.0	68.3	13.0	65.7	78.0	70.9	5	100.0
10/29/2006 23:20	11.0	75.9	20.0	73.6	20.0	71.6	19.0	69.6	15.0	66.6	85.0	71.3	5	100.0
10/29/2006 23:25	11.0	76.1	14.0	73.8	15.0	70.1	17.0	65.6	12.0	64.9	69.0	69.8	5	100.0
10/29/2006 23:30	4.0	76.5	11.0	73.6	15.0	71.1	12.0	61.9	13.0	65.5	55.0	68.7	5	100.0
10/29/2006 23:35	6.0	76.5	14.0	74.2	12.0	70.2	15.0	66.1	13.0	65.5	60.0	69.7	5	100.0
10/29/2006 23:40	4.0	76.4	14.0	74.5	13.0	70.4	14.0	68.1	13.0	66.0	58.0	70.3	5	100.0
10/29/2006 23:45	4.0	76.4	13.0	74.9	13.0	70.9	13.0	69.8	11.0	64.3	54.0	70.7	5	100.0
10/29/2006 23:50	5.0	76.6	18.0	74.6	17.0	71.1	14.0	66.2	15.0	61.2	69.0	69.3	5	100.0
10/29/2006 23:55	3.0	76.4	13.0	74.9	13.0	72.2	12.0	66.8	15.0	63.0	56.0	69.4	5	100.0
10/30/2006 00:00	7.0	76.5	13.0	74.0	14.0	72.0	14.0	69.2	10.0	64.5	58.0	71.0	5	100.0
10/30/2006 00:05	7.0	76.4	19.0	73.1	15.0	68.9	15.0	70.8	11.0	60.3	67.0	69.9	5	100.0
10/30/2006 00:10	6.0	76.3	14.0	73.1	16.0	69.7	12.0	69.5	10.0	60.7	58.0	69.6	5	100.0
10/30/2006 00:15	7.0	76.3	16.0	73.6	15.0	70.5	13.0	69.7	9.0	61.9	60.0	70.5	5	100.0
10/30/2006 00:20	5.0	76.1	13.0	73.2	14.0	70.2	11.0	68.9	7.0	62.9	50.0	70.3	5	100.0
10/30/2006 00:25	5.0	76.4	9.0	73.2	13.0	71.7	13.0	69.6	7.0	63.8	47.0	70.7	5	100.0
10/30/2006 00:30	5.0	76.2	13.0	73.0	9.0	70.4	12.0	68.1	10.0	64.6	49.0	69.9	5	100.0
10/30/2006 00:35	4.0	76.3	11.0	73.6	11.0	71.7	8.0	69.3	8.0	63.9	42.0	70.7	5	100.0
10/30/2006 00:40	1.0	76.7	6.0	73.6	5.0	71.6	4.0	69.1	3.0	64.6	19.0	70.9	5	100.0
10/30/2006 00:45	1.0	76.9	9.0	73.4	9.0	71.9	11.0	70.0	7.0	64.5	37.0	70.4	5	100.0
10/30/2006 00:50	2.0	76.6	7.0	73.5	8.0	72.3	11.0	70.2	8.0	65.0	36.0	70.5	5	100.0
10/30/2006 00:55	2.0	76.6	6.0	73.8	7.0	72.3	7.0	68.8	8.0	65.3	30.0	70.2	5	100.0
10/30/2006 01:00	2.0	76.6	5.0	73.9	6.0	71.9	8.0	69.0	7.0	64.6	28.0	69.9	5	100.0
10/30/2006 01:05	0.0	76.6	3.0	73.7	7.0	72.4	7.0	68.8	6.0	63.8	23.0	69.2	5	100.0
10/30/2006 01:10	1.0	76.9	4.0	73.6	4.0	71.8	8.0	67.4	5.0	64.0	22.0	69.0	5	100.0
10/30/2006 01:15	1.0	76.5	4.0	73.9	6.0	71.4	6.0	67.9	5.0	62.8	22.0	69.2	5	100.0
10/30/2006 01:20	0.0	76.5	5.0	74.2	6.0	72.0	5.0	68.5	3.0	64.0	19.0	70.4	5	100.0
10/30/2006 01:25	1.0	76.8	3.0	74.1	5.0	71.9	7.0	68.3	5.0	65.1	21.0	69.6	5	100.0
10/30/2006 01:30	1.0	77.0	4.0	73.8	5.0	71.9	7.0	68.2	2.0	65.0	19.0	70.5	5	100.0
10/30/2006 01:35	0.0	77.0	4.0	73.8	7.0	71.2	5.0	69.1	4.0	64.6	20.0	69.9	5	100.0
10/30/2006 01:40	0.0	77.0	4.0	73.8	4.0	71.7	6.0	69.0	4.0	64.2	18.0	69.6	5	100.0
10/30/2006 01:45	0.0	77.0	1.0	73.5	5.0	72.0	4.0	69.2	3.0	64.9	13.0	69.6	5	100.0
10/30/2006 01:50	0.0	77.0	5.0	73.8	4.0	71.6	4.0	68.4	5.0	64.3	18.0	69.5	5	100.0
10/30/2006 01:55	1.0	77.1	3.0	74.1	5.0	71.9	6.0	68.4	3.0	64.4	18.0	70.1	5	100.0
10/30/2006 02:00	1.0	76.1	3.0	74.0	3.0	71.9	4.0	69.8	3.0	64.9	14.0	70.5	5	100.0
10/30/2006 02:05	0.0	76.1	3.0	73.9	3.0	71.6	3.0	69.4	3.0	64.9	12.0	69.9	5	100.0
10/30/2006 02:10	1.0	76.5	5.0	73.7	5.0	72.3	6.0	69.7	2.0	65.4	19.0	71.3	5	100.0
10/30/2006 02:15	0.0	76.5	4.0	74.0	2.0	72.3	5.0	69.0	3.0	64.8	14.0	70.0	5	100.0
10/30/2006 02:20	0.0	76.5	3.0	73.9	3.0	71.8	3.0	69.5	5.0	65.0	14.0	69.3	5	100.0
10/30/2006 02:25	1.0	76.7	4.0	74.0	1.0	71.9	7.0	69.5	3.0	65.0	16.0	70.4	5	100.0
10/30/2006 02:30	0.0	76.7	2.0	74.0	4.0	71.2	6.0	68.0	2.0	64.4	14.0	69.3	5	100.0
10/30/2006 02:35	0.0	76.7	1.0	73.8	3.0	72.0	3.0	68.4	3.0	64.4	10.0	68.8	5	100.0
10/30/2006 02:40	0.0	76.7	2.0	73.9	3.0	71.8	3.0	68.9	1.0	63.8	9.0	70.4	5	100.0
10/30/2006 02:45	0.0	76.7	3.0	73.9	3.0	71.6	3.0	68.5	2.0	64.2	11.0	70.0	5	100.0
10/30/2006 02:50	0.0	76.7	3.0	73.9	3.0	71.4	4.0	68.7	2.0	64.5	12.0	70.0	5	100.0
10/30/2006 02:55	0.0	76.7	1.0	74.3	1.0	71.4	2.0	69.0	3.0	64.9	7.0	68.3	5	100.0
10/30/2006 03:00	0.0	76.7	1.0	74.4	2.0	71.7	3.0	67.9	3.0	65.2	9.0	68.6	5	100.0
10/30/2006 03:05	0.0	76.7	1.0	74.0	2.0	72.0	3.0	68.1	3.0	63.5	9.0	68.1	5	100.0
10/30/2006 03:10	0.0	76.7	1.0	73.7	1.0	71.5	4.0	68.8	2.0	64.2	8.0	68.6	5	100.0
10/30/2006 03:15	0.0	76.7	1.0	73.7	1.0	72.1	2.0	68.9	2.0	64.0	6.0	68.6	5	100.0
10/30/2006 03:20	0.0	76.7	1.0	74.2	0.0	72.1	1.0	70.3	2.0	63.8	4.0	68.0	5	100.0
10/30/2006 03:25	1.0	76.7	1.0	73.9	3.0	71.9	5.0	69.4	4.0	64.9	14.0	69.5	5	100.0
10/30/2006 03:30	0.0	76.7	1.0	74.3	3.0	72.6	2.0	68.9	2.0	65.9	8.0	70.2	5	100.0
10/30/2006 03:35	0.0	76.7	3.0	74.1	3.0	72.1	4.0	68.4	3.0	65.0	13.0	69.8	5	100.0
10/30/2006 03:40	0.0	76.7	2.0	74.0	2.0	70.7	7.0	66.7	4.0	64.6	15.0	67.6	5	100.0
10/30/2006 03:45	0.0	76.7	1.0	74.3	2.0	70.8	4.0	66.8	3.0	64.8	10.0	67.7	5	100.0
10/30/2006 03:50	0.0	76.7	2.0	73.9	2.0	70.5	5.0	66.5	2.0	64.3	11.0	68.2	5	100.0
10/30/2006 03:55	0.0	76.7	1.0	74.3	2.0	71.6	4.0	68.0	3.0	64.0	10.0	68.2	5	100.0
10/30/2006 04:00	0.0	76.7	3.0	74.1	5.0	70.9	6.0	69.0	4.0	63.9	18.0	69.2	5	100.0
10/30/2006 04:05	0.0	76.7	3.0	74.3	3.0	71.3	5.0	67.6	7.0	63.3	18.0	67.7	5	100.0
10/30/2006 04:10	0.0	76.7	3.0	74.4	4.0	71.0	5.0	68.6	5.0	61.1	17.0	68.0	5	100.0
10/30/2006 04:15	0.0	76.7	1.0	74.0	7.0	71.4	5.0	68.9	5.0	63.1	18.0	68.5	5	100.0
10/30/2006 04:20	0.0	76.7	7.0	73.9	6.0	68.2	9.0	65.9	8.0	61.2	30.0	67.0	5	100.0
10/30/2006 04:25	1.0	76.3	5.0	74.2	7.0	69.0	6.0	66.0	8.0	61.9	27.0	67.5	5	100.0
10/30/2006 04:30	1.0	76.5	4.0	74.2	6.0	67.0	6.0	63.2	9.0	62.0	26.0	65.9	5	100.0
10/30/2006 04:35	1.0	76.2	5.0	73.6	6.0	69.1	6.0	66.7	6.0	63.2	24.0	68.3	5	100.0
10/30/2006 04:40	1.0	76.0	7.0	73.9	6.0	71.0	9.0	65.3	8.0	62.9	31.0	68.1	5	100.0
10/30/2006 04:45	2.0	76.1	7.0	73.6	7.0	70.9	9.0	66.0	9.0	63.6	34.0	68.5	5	100.0
10/30/2006 04:50	1.0	76.4	3.0	74.0	10.0	67.0	8.0	69.1	7.0	62.9	29.0	67.6	5	100.0
10/30/2006 04:55	0.0	76.4	7.0	74.3	6.0	70.2	11.0	66.8	9.0	64.6	33.0	68.4	5	100.0
10/30/2006 05:00	0.0	76.4	7.0	74.3	10.0	71.5	12.0	67.7	9.0	59.5	38.0	68.0	5	100.0
10/30/2006 05:05	1.0	76.7	10.0	74.5	13.0	72.2	11.0	60.9	12.0	63.7	47.0	68.0	5	100.0
10/30/2006 05:10	0.0	76.7	11.0	74.3	11.0	69.9	13.0	65.4	10.0	64.0	45.0	68.4	5	100.0
10/30/2006 05:15	3.0	76.7	13.0	73.8	13.0	70.2	15.0	67.3	9.0	62.4	53.0	69.3	5	100.0
10/30/2006 05:20	1.0	76.3	15.0	73.8	17.0	70.5	17.0	69.5	11.0	64.8	61.0	70.1	5	100.0
10/30/2006 05:25	3.0	76.2	16.0	74.1	17.0	64.8	17.0	71.8	17.0	67.8	70.0	69.8	5	100.0
10/30/2006 05:30	1.0	76.6	13.0	74.6	13.0	66.7	14.0	69.8	13.0	68.3	54.0	70.0	5	100.0
10/30/2006 05:35	1.0	76.8	11.0	74.6	16.0	70.0	15.0	71.1	13.0	68.3	56.0	70.9	5	100.0
10/30/2006 05:40	3.0	76.5	21.0	74.7	17.0	71.4	15.0	70.1	19.0	68.1	75.0	71.4	5	100.0
10/30/2006 05:45	3.0	76.6	27.0	74.3	23.0	66.6	23.0	69.9	19.0	67.0	95.0	70.0	5	100.0
10/30/2006 05:50	2.0	76.0	23.0	74.4	21.0	71.3	21.0	71.1	19.0	68.9	86.0	71.7	5	100.0
10/30/2006 05:55	2.0	75.9	27.0	73.5	27.0	69.6	24.0	69.2	21.0	67.7	101.0	70.3	5	100.0
10/30/2006 06:00	1.0	76.8	22.0	75.5	20.0	69.8	23.0	62.0	19.0	68.2	85.0	68.9	5	100.0
10/30/2006 06:05	1.0	76.6	22.0	74.4	21.0	69.6	16.0	62.3	17.0	63.7	77.0	68.2	5	100.0
10/30/2006 06:10	2.0	76.6	26.0	74.9	29.0	72.9	27.0	64.5	21.0	64.8	105.0	69.7	5	100.0
10/30/2006 06:15	3.0	77.0	29.0	74.5	27.0	71.5	24.0	60.4	21.0	65.9	104.0	68.8	5	100.0
10/30/2006 06:20	7.0	76.4	45.0	72.2	33.0	69.1	31.0	55.7	29.0	63.3	145.0	66.4	5	100.0
10/30/2006 06:25	3.0	76.9	33.0	74.1	31.0	72.9	29.0	54.7	24.0	63.7	120.0	67.1	5	100.0
10/30/2006 06:30	3.0	76.6	37.0	72.8	33.0	73.2	30.0	59.5	27.0	63.5	130.0	68.0	5	100.0
10/30/2006 06:35	8.0	76.3	39.0	74.0	35.0	72.8	32.0	58.1	26.0	64.0	140.0	68.3	5	100.0
10/30/2006 06:40	6.0	76.5	45.0	73.1	35.0	72.6	33.0	58.3	35.0	66.5	154.0	68.4	5	100.0
10/30/2006 06:45	7.0	75.0	49.0	74.2	43.0	72.2	41.0	55.9	40.0	65.1	180.0	67.6	5	100.0
10/30/2006 06:50	7.0	75.1	49.0	72.1	41.0	69.4	33.0	55.7	39.0	67.8	169.0	67.4	5	100.0
10/30/2006 06:55	7.0	75.4	47.0	71.7	40.0	69.8	39.0	59.0	43.0	69.1	176.0	68.0	5	100.0
10/30/2006 07:00	7.0	75.8	50.0	70.2	36.0	64.7	37.0	57.9	45.0	66.5	175.0	65.7	5	100.0
10/30/2006 07:05	8.0	76.2	39.0	67.6	36.0	67.6	35.0	57.2	37.0	63.8	155.0	64.8	5	100.0
10/30/2006 07:10	7.0	76.8	52.0	66.8	39.0	64.2	39.0	56.5	40.0	62.9	177.0	63.5	5	100.0
10/30/2006 07:15	5.0	76.5	58.0	66.5	42.0	62.2	44.0	57.4	44.0	60.8	193.0	62.4	5	100.0
10/30/2006 07:20	6.0	76.5	55.0	65.7	41.0	60.2	40.0	58.1	47.0	58.2	189.0	61.4	5	100.0
10/30/2006 07:25	6.0	76.7	53.0	66.8	41.0	63.7	45.0	59.6	41.0	59.4	186.0	63.1	5	100.0
10/30/2006 07:30	8.0	76.8	55.0	64.5	47.0	66.4	41.0	58.4	49.0	60.6	200.0	63.2	5	100.0
10/30/2006 07:35	9.0	76.7	53.0	64.7	42.0	65.6	37.0	59.3	45.0	61.1	186.0	63.5	5	100.0
10/30/2006 07:40	8.0	76.8	58.0	64.6	49.0	63.7	45.0	60.2	49.0	60.2	209.0	62.9	5	100.0
10/30/2006 07:45	9.0	76.2	55.0	63.2	44.0	62.8	43.0	57.7	53.0	57.4	204.0	61.0	5	100.0
10/30/2006 07:50	11.0	77.1	63.0	62.6	49.0	62.6	46.0	53.8	49.0	58.1	218.0	60.5	5	100.0
10/30/2006 07:55	9.0	76.0	56.0	63.8	35.0	60.9	41.0	58.1	49.0	59.6	190.0	61.5	5	100.0
10/30/2006 08:00	11.0	77.2	56.0	63.3	41.0	59.6	42.0	57.6	54.0	60.3	204.0	61.3	5	100.0
10/30/2006 08:05	11.0	76.8	53.0	63.2	40.0	59.0	43.0	59.3	46.0	60.3	193.0	61.5	5	100.0
10/30/2006 08:10	11.0	75.3	52.0	61.5	45.0	61.2	37.0	56.1	45.0	55.2	190.0	59.7	5	100.0
10/30/2006 08:15	4.0	75.9	31.0	61.2	24.0	53.3	26.0	57.6	28.0	57.1	113.0	58.2	5	100.0
10/30/2006 08:20	10.0	75.5	63.0	62.4	48.0	55.4	46.0	55.4	56.0	55.1	223.0	58.2	5	100.0
10/30/2006 08:25	10.0	75.3	53.0	61.7	44.0	56.9	43.0	52.7	52.0	53.1	202.0	57.2	5	100.0
10/30/2006 08:30	7.0	75.4	55.0	62.8	43.0	56.5	42.0	54.9	51.0	54.9	198.0	58.2	5	100.0
10/30/2006 08:35	9.0	75.7	57.0	62.3	43.0	54.8	41.0	52.6	50.0	53.8	200.0	57.2	5	100.0
10/30/2006 08:40	7.0	76.5	65.0	61.3	44.0	52.8	43.0	51.3	55.0	55.8	214.0	56.6	5	100.0
10/30/2006 08:45	11.0	76.2	51.0	61.3	39.0	52.3	42.0	50.1	51.0	54.4	194.0	56.1	5	100.0
10/30/2006 08:50	9.0	74.9	49.0	60.9	43.0	52.9	39.0	49.1	55.0	56.9	195.0	56.3	5	100.0
10/30/2006 08:55	9.0	76.3	56.0	61.9	41.0	58.1	39.0	49.6	50.0	57.8	195.0	58.3	5	100.0
10/30/2006 09:00	7.0	76.6	52.0	61.7	38.0	55.8	40.0	55.5	44.0	53.7	181.0	57.7	5	100.0
10/30/2006 09:05	7.0	76.5	56.0	60.8	39.0	50.3	40.0	51.2	53.0	53.8	195.0	55.4	5	100.0
10/30/2006 09:10	10.0	76.1	51.0	61.2	41.0	49.7	38.0	50.3	48.0	53.6	188.0	55.3	5	100.0
10/30/2006 09:15	10.0	75.7	59.0	59.4	44.0	49.4	44.0	50.4	45.0	51.5	202.0	54.3	5	100.0
10/30/2006 09:20	15.0	74.1	56.0	59.6	43.0	50.3	40.0	52.1	43.0	51.3	197.0	55.3	5	100.0
10/30/2006 09:25	8.0	75.7	56.0	61.0	45.0	58.0	40.0	51.1	48.0	52.0	197.0	56.7	5	100.0
10/30/2006 09:30	11.0	76.0	57.0	59.3	43.0	54.0	41.0	51.8	48.0	53.1	200.0	56.1	5	100.0
10/30/2006 09:35	10.0	76.2	53.0	60.2	45.0	53.7	43.0	50.2	41.0	51.9	192.0	55.5	5	100.0
10/30/2006 09:40	13.0	76.9	51.0	62.2	39.0	54.6	38.0	49.5	45.0	53.8	186.0	57.0	5	100.0
10/30/2006 09:45	10.0	76.8	58.0	62.5	41.0	54.0	42.0	50.3	50.0	54.0	201.0	56.8	5	100.0
10/30/2006 09:50	9.0	77.0	43.0	64.6	37.0	55.8	39.0	52.1	43.0	53.0	171.0	57.6	5	100.0
10/30/2006 09:55	10.0	76.7	42.0	65.2	35.0	57.2	37.0	53.5	46.0	55.5	170.0	59.1	5	100.0
10/30/2006 10:00	18.0	77.0	39.0	65.1	39.0	56.1	36.0	52.0	43.0	52.8	175.0	58.6	5	100.0
10/30/2006 10:05	20.0	77.6	40.0	64.6	37.0	55.5	38.0	48.6	45.0	51.8	180.0	57.6	5	100.0
10/30/2006 10:10	23.0	77.9	40.0	64.4	33.0	55.1	31.0	49.3	38.0	54.2	165.0	59.2	5	100.0
10/30/2006 10:15	24.0	78.0	36.0	66.0	34.0	57.9	33.0	50.0	41.0	51.8	168.0	59.5	5	100.0
10/30/2006 10:20	25.0	78.1	41.0	64.8	33.0	55.4	36.0	51.2	44.0	55.5	179.0	59.9	5	100.0
10/30/2006 10:25	23.0	79.3	37.0	64.8	35.0	58.3	37.0	51.4	38.0	54.8	170.0	60.3	5	100.0
10/30/2006 10:30	23.0	77.6	40.0	64.9	32.0	56.8	34.0	51.1	43.0	54.9	172.0	59.9	5	100.0
10/30/2006 10:35	25.0	75.5	39.0	62.7	36.0	52.1	40.0	50.4	43.0	50.7	183.0	56.9	5	100.0
10/30/2006 10:40	30.0	74.9	40.0	62.7	42.0	53.2	39.0	52.4	43.0	53.1	194.0	58.3	5	100.0
10/30/2006 10:45	25.0	75.9	36.0	63.8	36.0	52.9	39.0	54.8	46.0	52.7	182.0	58.6	5	100.0
10/30/2006 10:50	31.0	78.0	41.0	64.0	35.0	51.3	38.0	54.3	40.0	53.5	185.0	59.7	5	100.0
10/30/2006 10:55	22.0	78.6	33.0	63.5	36.0	57.8	35.0	54.8	41.0	56.7	167.0	60.8	5	100.0
10/30/2006 11:00	24.0	77.8	37.0	63.8	36.0	55.9	36.0	54.8	43.0	56.8	176.0	60.5	5	100.0
10/30/2006 11:05	29.0	78.4	39.0	63.6	37.0	55.0	37.0	51.1	45.0	52.6	187.0	59.1	5	100.0
10/30/2006 11:10	23.0	78.3	41.0	63.6	35.0	55.6	33.0	51.7	43.0	53.6	175.0	59.2	5	100.0
10/30/2006 11:15	25.0	77.6	41.0	62.5	40.0	57.5	40.0	52.3	42.0	52.4	188.0	59.0	5	100.0
10/30/2006 11:20	25.0	76.1	43.0	65.0	35.0	56.8	39.0	54.0	47.0	56.0	189.0	60.4	5	100.0
10/30/2006 11:25	25.0	74.4	36.0	61.9	42.0	57.0	44.0	55.6	49.0	51.6	196.0	58.5	5	100.0
10/30/2006 11:30	34.0	76.3	46.0	62.4	45.0	55.0	49.0	53.3	51.0	51.2	225.0	58.5	5	100.0
10/30/2006 11:35	29.0	75.9	41.0	62.3	35.0	49.3	39.0	50.7	51.0	55.3	195.0	57.8	5	100.0
10/30/2006 11:40	38.0	76.0	43.0	63.3	35.0	48.1	41.0	48.5	44.0	52.5	201.0	57.7	5	100.0
10/30/2006 11:45	33.0	76.1	39.0	61.9	35.0	51.9	38.0	46.7	48.0	51.5	193.0	56.9	5	100.0
10/30/2006 11:50	27.0	76.4	48.0	63.6	37.0	51.3	39.0	49.2	47.0	52.9	198.0	57.7	5	100.0
10/30/2006 11:55	23.0	75.0	39.0	64.3	35.0	55.5	39.0	53.2	43.0	53.1	179.0	58.8	5	100.0
10/30/2006 12:00	27.0	74.9	39.0	64.6	38.0	54.7	38.0	50.1	47.0	55.9	189.0	59.0	5	100.0
10/30/2006 12:05	28.0	76.0	39.0	65.2	35.0	52.7	36.0	49.7	43.0	58.0	181.0	59.7	5	100.0
10/30/2006 12:10	27.0	74.4	41.0	64.0	36.0	53.1	40.0	52.7	44.0	56.4	188.0	59.2	5	100.0
10/30/2006 12:15	19.0	76.4	25.0	64.6	21.0	54.4	24.0	57.1	29.0	57.5	118.0	61.4	5	100.0
10/30/2006 12:20	34.0	76.5	44.0	64.5	38.0	54.0	42.0	57.8	53.0	56.4	211.0	61.2	5	100.0
10/30/2006 12:25	33.0	76.1	44.0	65.2	35.0	56.0	41.0	57.9	48.0	58.9	201.0	62.4	5	100.0
10/30/2006 12:30	37.0	75.3	43.0	64.1	40.0	56.6	43.0	57.4	49.0	56.5	212.0	61.5	5	100.0
10/30/2006 12:35	33.0	75.5	35.0	64.4	39.0	58.4	43.0	58.2	43.0	57.0	193.0	62.1	5	100.0
10/30/2006 12:40	35.0	75.0	41.0	64.0	39.0	55.5	39.0	57.0	44.0	56.7	198.0	61.3	5	100.0
10/30/2006 12:45	25.0	74.3	41.0	63.8	40.0	60.8	39.0	58.5	50.0	57.0	195.0	61.7	5	100.0
10/30/2006 12:50	37.0	74.4	47.0	64.5	41.0	58.8	42.0	57.5	45.0	54.7	212.0	61.7	5	100.0
10/30/2006 12:55	29.0	74.5	40.0	64.0	37.0	59.1	40.0	57.8	37.0	53.9	183.0	61.3	5	100.0
10/30/2006 13:00	34.0	74.7	40.0	67.6	41.0	69.1	39.0	58.6	46.0	57.3	200.0	65.0	5	100.0
10/30/2006 13:05	36.0	75.2	39.0	72.2	39.0	73.0	38.0	59.3	44.0	62.3	196.0	68.2	5	100.0
10/30/2006 13:10	37.0	77.4	41.0	71.3	41.0	75.0	39.0	64.1	47.0	58.8	205.0	68.9	5	100.0
10/30/2006 13:15	24.0	76.5	32.0	73.5	28.0	69.1	28.0	60.2	28.0	60.9	140.0	68.0	5	100.0
10/30/2006 13:20	0.0	76.5	0.0	73.5	0.0	69.1	0.0	60.2	0.0	60.9	0.0	68.0	5	100.0
10/30/2006 13:25	12.0	75.8	21.0	75.4	16.0	66.1	16.0	64.5	18.0	60.6	83.0	68.4	5	100.0
10/30/2006 13:30	36.0	71.9	43.0	71.3	39.0	63.5	40.0	61.0	46.0	59.1	204.0	65.1	5	100.0
10/30/2006 13:35	48.0	72.9	50.0	71.5	43.0	62.9	45.0	62.4	49.0	61.1	235.0	66.3	5	100.0
10/30/2006 13:40	36.0	74.7	50.0	73.7	41.0	69.9	39.0	66.3	53.0	64.7	219.0	69.7	5	100.0
10/30/2006 13:45	35.0	76.2	43.0	73.4	41.0	74.9	43.0	65.8	40.0	62.8	202.0	70.5	5	100.0
10/30/2006 13:50	34.0	76.3	42.0	74.5	41.0	74.3	37.0	65.6	40.0	63.9	194.0	70.9	5	100.0
10/30/2006 13:55	40.0	74.1	47.0	75.5	43.0	72.0	43.0	65.7	47.0	65.4	220.0	70.5	5	100.0
10/30/2006 14:00	49.0	77.2	53.0	75.4	43.0	73.9	51.0	66.3	46.0	65.5	242.0	71.7	5	100.0
10/30/2006 14:05	41.0	78.1	52.0	76.0	43.0	72.4	47.0	67.2	49.0	61.8	232.0	70.9	5	100.0
10/30/2006 14:10	40.0	78.6	46.0	75.6	42.0	69.7	39.0	65.2	39.0	63.9	206.0	70.8	5	100.0
10/30/2006 14:15	24.0	78.1	28.0	76.1	19.0	71.2	22.0	63.9	21.0	66.2	114.0	71.5	5	100.0
10/30/2006 14:20	58.0	76.7	55.0	75.1	47.0	70.4	45.0	66.9	50.0	65.6	255.0	71.3	5	100.0
10/30/2006 14:25	47.0	76.8	52.0	74.1	43.0	70.1	41.0	68.1	47.0	64.5	230.0	70.9	5	100.0
10/30/2006 14:30	53.0	76.1	53.0	73.4	45.0	69.9	49.0	69.5	48.0	66.7	248.0	71.3	5	100.0
10/30/2006 14:35	55.0	77.8	51.0	74.2	41.0	66.7	47.0	72.5	48.0	63.6	242.0	71.3	5	100.0
10/30/2006 14:40	57.0	75.3	58.0	72.7	47.0	64.1	46.0	67.7	49.0	64.1	257.0	69.2	5	100.0
10/30/2006 14:45	54.0	75.7	56.0	72.9	44.0	68.6	45.0	66.2	45.0	66.8	244.0	70.4	5	100.0
10/30/2006 14:50	59.0	68.3	55.0	65.0	45.0	60.8	49.0	63.4	49.0	61.9	257.0	64.1	5	100.0
10/30/2006 14:55	53.0	65.3	55.0	59.5	42.0	58.0	45.0	58.6	47.0	56.1	242.0	59.7	5	100.0
10/30/2006 15:00	32.0	54.3	52.0	49.1	43.0	46.8	46.0	53.2	51.0	49.6	224.0	50.4	5	100.0
10/30/2006 15:05	29.0	49.9	54.0	47.0	48.0	44.3	47.0	51.6	45.0	45.1	223.0	47.4	5	100.0
10/30/2006 15:10	29.0	48.5	56.0	45.5	41.0	44.4	43.0	49.5	44.0	44.9	213.0	46.4	5	100.0
10/30/2006 15:15	37.0	46.2	52.0	44.8	45.0	43.7	45.0	46.6	47.0	44.1	226.0	45.0	5	100.0
10/30/2006 15:20	33.0	43.1	53.0	41.2	48.0	40.8	50.0	44.1	44.0	41.0	228.0	42.0	5	100.0
10/30/2006 15:25	33.0	45.4	56.0	44.0	46.0	40.6	45.0	46.3	42.0	41.6	222.0	43.5	5	100.0
10/30/2006 15:30	19.0	51.1	31.0	42.8	27.0	40.9	26.0	45.9	29.0	42.9	132.0	44.2	5	100.0
10/30/2006 15:35	31.0	47.7	51.0	43.1	45.0	42.9	41.0	44.9	43.0	44.1	211.0	44.3	5	100.0
10/30/2006 15:40	41.0	42.7	53.0	37.6	47.0	40.0	50.0	43.5	49.0	42.0	240.0	41.1	5	100.0
10/30/2006 15:45	41.0	40.4	55.0	38.0	47.0	40.4	51.0	44.2	41.0	41.0	235.0	40.8	5	100.0
10/30/2006 15:50	45.0	40.4	57.0	40.9	50.0	42.5	49.0	45.0	51.0	42.3	252.0	42.2	5	100.0
10/30/2006 15:55	44.0	39.6	49.0	40.1	49.0	44.8	47.0	45.7	43.0	42.6	232.0	42.6	5	100.0
10/30/2006 16:00	41.0	39.0	53.0	42.3	43.0	42.0	51.0	46.1	43.0	44.9	231.0	43.0	5	100.0
10/30/2006 16:05	43.0	37.0	51.0	39.0	50.0	39.8	45.0	43.8	47.0	42.3	236.0	40.4	5	100.0
10/30/2006 16:10	38.0	35.3	44.0	33.4	44.0	38.3	44.0	42.2	45.0	40.0	215.0	37.9	5	100.0
10/30/2006 16:15	44.0	34.0	53.0	33.9	46.0	36.3	47.0	42.0	48.0	40.0	238.0	37.2	5	100.0
10/30/2006 16:20	46.0	36.0	56.0	37.4	49.0	39.7	56.0	45.1	50.0	41.7	257.0	40.1	5	100.0
10/30/2006 16:25	44.0	32.7	53.0	31.3	46.0	35.9	49.0	41.5	49.0	38.9	241.0	36.1	5	100.0
10/30/2006 16:30	44.0	32.3	51.0	31.1	44.0	34.1	46.0	38.1	49.0	37.0	234.0	34.5	5	100.0
10/30/2006 16:35	44.0	33.2	50.0	33.9	41.0	34.6	43.0	39.9	47.0	37.4	225.0	35.8	5	100.0
10/30/2006 16:40	41.0	34.9	53.0	35.7	41.0	35.4	45.0	40.7	44.0	39.7	224.0	37.3	5	100.0
10/30/2006 16:45	43.0	32.3	43.0	32.3	42.0	34.1	47.0	40.2	45.0	39.0	220.0	35.7	5	100.0
10/30/2006 16:50	45.0	27.3	47.0	29.0	41.0	31.6	49.0	39.3	45.0	36.5	227.0	32.8	5	100.0
10/30/2006 16:55	45.0	28.7	50.0	29.3	46.0	31.2	49.0	39.6	46.0	35.5	236.0	32.9	5	100.0
10/30/2006 17:00	48.0	31.9	55.0	35.3	45.0	36.9	46.0	42.7	45.0	41.6	239.0	37.5	5	100.0
10/30/2006 17:05	47.0	32.2	49.0	32.7	45.0	32.4	49.0	38.3	45.0	37.4	235.0	34.6	5	100.0
10/30/2006 17:10	39.0	29.9	46.0	26.2	38.0	26.9	43.0	32.5	43.0	33.1	209.0	29.7	5	100.0
10/30/2006 17:15	46.0	29.6	48.0	29.8	41.0	29.2	42.0	34.9	47.0	35.5	224.0	31.8	5	100.0
10/30/2006 17:20	44.0	31.1	46.0	29.3	41.0	29.4	45.0	37.8	44.0	37.5	220.0	33.1	5	100.0
10/30/2006 17:25	43.0	30.3	50.0	28.2	45.0	31.0	47.0	34.9	45.0	36.6	230.0	32.2	5	100.0
10/30/2006 17:30	43.0	28.1	41.0	25.7	35.0	27.3	41.0	35.7	41.0	36.0	201.0	30.6	5	100.0
10/30/2006 17:35	41.0	27.3	44.0	26.3	44.0	29.7	44.0	33.6	44.0	31.8	217.0	29.8	5	100.0
10/30/2006 17:40	30.0	27.4	31.0	25.9	27.0	26.6	28.0	32.9	28.0	32.0	144.0	28.9	5	100.0
10/30/2006 17:45	39.0	22.8	39.0	22.7	36.0	24.3	36.0	27.9	44.0	31.8	194.0	26.0	5	100.0
10/30/2006 17:50	47.0	24.4	50.0	27.0	45.0	29.3	47.0	34.2	44.0	35.0	233.0	29.9	5	100.0
10/30/2006 17:55	49.0	25.5	51.0	27.2	48.0	29.8	44.0	33.3	41.0	33.2	233.0	29.6	5	100.0
10/30/2006 18:00	40.0	26.8	40.0	22.0	37.0	25.5	40.0	30.3	41.0	30.5	198.0	27.1	5	100.0
10/30/2006 18:05	45.0	34.4	48.0	25.1	45.0	30.2	45.0	33.1	39.0	32.7	222.0	31.0	5	100.0
10/30/2006 18:10	42.0	44.0	47.0	27.2	45.0	31.9	46.0	34.8	45.0	32.9	225.0	34.0	5	100.0
10/30/2006 18:15	46.0	52.9	51.0	28.0	47.0	33.7	44.0	36.4	46.0	35.3	234.0	37.1	5	100.0
10/30/2006 18:20	41.0	54.2	48.0	29.8	41.0	31.2	43.0	36.7	39.0	36.2	212.0	37.4	5	100.0
10/30/2006 18:25	44.0	58.5	50.0	34.0	45.0	36.2	47.0	38.8	45.0	38.2	231.0	40.9	5	100.0
10/30/2006 18:30	43.0	54.7	58.0	35.2	47.0	35.7	49.0	37.5	43.0	37.9	240.0	39.7	5	100.0
10/30/2006 18:35	46.0	51.7	53.0	32.6	45.0	35.0	45.0	35.7	47.0	36.5	236.0	38.1	5	100.0
10/30/2006 18:40	49.0	50.8	49.0	33.8	44.0	35.7	50.0	37.7	46.0	37.8	238.0	39.2	5	100.0
10/30/2006 18:45	44.0	55.4	56.0	36.4	49.0	36.4	51.0	39.6	49.0	40.7	249.0	41.3	5	100.0
10/30/2006 18:50	37.0	58.7	44.0	32.9	40.0	32.0	41.0	36.2	44.0	34.8	206.0	38.4	5	100.0
10/30/2006 18:55	46.0	59.8	58.0	35.7	51.0	35.7	46.0	37.9	54.0	37.8	255.0	40.9	5	100.0
10/30/2006 19:00	51.0	58.3	51.0	39.5	43.0	37.7	44.0	38.8	49.0	37.2	238.0	42.6	5	100.0
10/30/2006 19:05	39.0	65.6	38.0	52.5	34.0	48.5	41.0	46.3	40.0	44.2	192.0	51.4	5	100.0
10/30/2006 19:10	33.0	74.2	42.0	59.5	35.0	57.7	39.0	59.7	41.0	52.7	190.0	60.3	5	100.0
10/30/2006 19:15	36.0	75.1	40.0	61.8	39.0	62.9	45.0	63.5	43.0	58.4	203.0	64.0	5	100.0
10/30/2006 19:20	39.0	74.9	45.0	63.8	46.0	61.7	49.0	63.1	44.0	59.0	223.0	64.2	5	100.0
10/30/2006 19:25	34.0	76.2	39.0	65.5	40.0	64.1	39.0	67.7	41.0	60.8	193.0	66.5	5	100.0
10/30/2006 19:30	32.0	75.5	41.0	66.4	37.0	66.6	35.0	65.5	34.0	61.1	179.0	66.9	5	100.0
10/30/2006 19:35	33.0	76.3	39.0	65.2	35.0	64.5	40.0	62.4	37.0	62.1	184.0	65.8	5	100.0
10/30/2006 19:40	26.0	77.0	36.0	65.5	39.0	67.0	38.0	64.4	34.0	64.9	173.0	67.2	5	100.0
10/30/2006 19:45	29.0	78.4	31.0	67.2	39.0	68.7	36.0	65.2	35.0	62.0	170.0	68.0	5	100.0
10/30/2006 19:50	27.0	76.5	34.0	67.4	37.0	68.5	39.0	65.7	38.0	59.3	175.0	66.9	5	100.0
10/30/2006 19:55	28.0	77.3	35.0	66.5	27.0	67.2	37.0	64.6	30.0	61.7	157.0	67.2	5	100.0
10/30/2006 20:00	31.0	79.5	33.0	71.4	35.0	71.2	35.0	66.3	31.0	63.4	165.0	70.3	5	100.0
10/30/2006 20:05	25.0	77.8	33.0	70.9	31.0	70.4	30.0	65.8	30.0	62.4	149.0	69.2	5	100.0
10/30/2006 20:10	21.0	76.2	33.0	72.3	34.0	74.5	31.0	66.1	32.0	62.1	151.0	69.9	5	100.0
10/30/2006 20:15	25.0	77.4	36.0	73.9	33.0	70.4	39.0	68.4	34.0	63.0	167.0	70.2	5	100.0
10/30/2006 20:20	21.0	74.8	29.0	74.8	29.0	66.9	29.0	64.5	29.0	64.3	137.0	68.7	5	100.0
10/30/2006 20:25	19.0	75.8	33.0	74.5	34.0	67.8	34.0	65.2	27.0	63.5	147.0	68.9	5	100.0
10/30/2006 20:30	21.0	75.2	27.0	74.7	27.0	69.0	25.0	63.9	24.0	64.5	124.0	69.4	5	100.0
10/30/2006 20:35	22.0	75.3	29.0	72.8	31.0	72.3	31.0	63.9	31.0	68.0	144.0	70.1	5	100.0
10/30/2006 20:40	21.0	77.8	29.0	74.9	29.0	74.9	29.0	66.9	23.0	67.7	131.0	72.3	5	100.0
10/30/2006 20:45	23.0	76.0	30.0	75.7	31.0	75.8	27.0	65.0	27.0	68.6	138.0	72.3	5	100.0
10/30/2006 20:50	23.0	78.6	29.0	77.0	29.0	75.4	28.0	69.7	26.0	65.2	135.0	73.1	5	100.0
10/30/2006 20:55	16.0	78.2	21.0	76.4	21.0	74.2	28.0	74.4	24.0	66.5	110.0	73.6	5	100.0
10/30/2006 21:00	19.0	77.5	26.0	72.8	27.0	73.8	28.0	71.0	26.0	65.4	126.0	71.8	5	100.0
10/30/2006 21:05	17.0	77.0	26.0	72.2	26.0	69.5	30.0	71.1	24.0	67.9	123.0	71.2	5	100.0
10/30/2006 21:10	19.0	75.6	31.0	72.1	31.0	68.0	29.0	71.8	31.0	67.9	141.0	70.7	5	100.0
10/30/2006 21:15	23.0	75.0	32.0	73.6	37.0	71.4	28.0	66.5	26.0	65.6	146.0	70.5	5	100.0
10/30/2006 21:20	21.0	76.2	29.0	71.7	29.0	72.5	29.0	69.8	29.0	64.8	137.0	70.7	5	100.0
10/30/2006 21:25	20.0	75.1	30.0	72.4	25.0	65.6	31.0	67.9	31.0	61.4	137.0	68.0	5	100.0
10/30/2006 21:30	17.0	75.4	25.0	70.6	31.0	72.1	25.0	67.9	21.0	63.4	119.0	69.8	5	100.0
10/30/2006 21:35	17.0	76.4	23.0	73.3	26.0	70.9	23.0	68.7	19.0	61.3	108.0	70.1	5	100.0
10/30/2006 21:40	17.0	77.3	28.0	71.7	25.0	72.3	26.0	71.3	22.0	59.1	118.0	70.2	5	100.0
10/30/2006 21:45	17.0	77.3	25.0	73.8	28.0	75.2	29.0	70.0	26.0	61.3	125.0	71.1	5	100.0
10/30/2006 21:50	19.0	78.0	27.0	73.2	26.0	71.9	26.0	69.6	19.0	59.7	117.0	70.7	5	100.0
10/30/2006 21:55	14.0	77.2	23.0	74.0	27.0	76.3	18.0	67.0	19.0	60.6	101.0	71.3	5	100.0
10/30/2006 22:00	11.0	76.6	25.0	74.3	23.0	70.9	23.0	67.2	21.0	61.2	103.0	69.5	5	100.0
10/30/2006 22:05	15.0	75.9	21.0	73.1	24.0	70.8	26.0	74.3	21.0	64.4	107.0	71.6	5	100.0
10/30/2006 22:10	18.0	76.8	25.0	74.9	25.0	75.1	23.0	74.1	23.0	63.4	114.0	72.8	5	100.0
10/30/2006 22:15	17.0	77.0	20.0	75.2	21.0	72.0	26.0	72.4	21.0	63.9	105.0	71.9	5	100.0
10/30/2006 22:20	14.0	77.0	23.0	76.7	24.0	73.1	24.0	74.1	21.0	65.3	106.0	73.1	5	100.0
10/30/2006 22:25	19.0	77.4	23.0	75.2	21.0	71.2	29.0	72.2	22.0	63.7	114.0	71.8	5	100.0
10/30/2006 22:30	13.0	76.1	21.0	75.0	19.0	71.7	23.0	70.8	19.0	63.3	95.0	71.1	5	100.0
10/30/2006 22:35	10.0	76.6	27.0	72.9	22.0	73.5	21.0	65.9	20.0	63.8	100.0	70.1	5	100.0
10/30/2006 22:40	9.0	76.8	18.0	74.4	21.0	72.6	23.0	70.4	14.0	63.9	85.0	71.4	5	100.0
10/30/2006 22:45	8.0	76.8	17.0	75.7	18.0	74.6	18.0	68.6	14.0	65.4	75.0	71.9	5	100.0
10/30/2006 22:50	16.0	77.0	21.0	74.4	16.0	73.4	19.0	67.2	14.0	64.6	86.0	71.5	5	100.0
10/30/2006 22:55	14.0	76.2	20.0	74.4	17.0	69.3	14.0	66.4	15.0	63.9	80.0	70.3	5	100.0
10/30/2006 23:00	7.0	76.3	16.0	74.3	13.0	68.6	14.0	67.6	15.0	65.0	65.0	69.8	5	100.0
10/30/2006 23:05	6.0	76.7	11.0	73.5	14.0	69.6	15.0	71.7	14.0	66.5	60.0	70.8	5	100.0
10/30/2006 23:10	9.0	76.6	19.0	74.1	19.0	67.5	20.0	70.7	10.0	65.6	77.0	70.8	5	100.0
10/30/2006 23:15	11.0	76.8	15.0	74.2	15.0	67.1	17.0	72.6	13.0	65.2	71.0	71.1	5	100.0
10/30/2006 23:20	9.0	76.2	16.0	73.8	14.0	70.6	15.0	65.6	11.0	65.5	65.0	70.1	5	100.0
10/30/2006 23:25	7.0	76.5	11.0	73.4	14.0	69.7	14.0	65.3	13.0	63.6	59.0	68.8	5	100.0
10/30/2006 23:30	3.0	76.5	8.0	73.4	8.0	71.1	5.0	67.3	7.0	64.7	31.0	70.2	5	100.0
10/30/2006 23:35	9.0	76.2	15.0	73.9	16.0	72.6	13.0	68.3	10.0	64.9	63.0	71.3	5	100.0
10/30/2006 23:40	10.0	76.5	14.0	73.5	15.0	70.5	15.0	61.0	12.0	59.9	66.0	68.0	5	100.0
10/30/2006 23:45	2.0	76.2	6.0	73.8	8.0	71.1	7.0	64.9	6.0	61.9	29.0	68.6	5	100.0
10/30/2006 23:50	4.0	76.6	14.0	73.1	12.0	71.7	16.0	69.1	9.0	63.3	55.0	70.3	5	100.0
10/30/2006 23:55	5.0	76.2	16.0	74.3	14.0	72.6	17.0	65.6	9.0	63.0	61.0	70.0	5	100.0
10/31/2006 00:00	2.0	76.5	13.0	74.0	15.0	72.0	13.0	69.2	15.0	64.5	58.0	70.0	5	100.0
10/31/2006 00:05	4.0	76.4	13.0	74.2	12.0	72.4	13.0	70.3	9.0	65.3	51.0	71.4	5	100.0
10/31/2006 00:10	5.0	76.4	11.0	73.7	14.0	71.2	10.0	68.4	11.0	64.9	51.0	70.3	5	100.0
10/31/2006 00:15	5.0	76.7	12.0	74.1	12.0	72.7	13.0	71.4	8.0	64.7	50.0	71.8	5	100.0
10/31/2006 00:20	6.0	76.8	9.0	73.7	12.0	72.9	11.0	70.1	7.0	64.4	45.0	71.6	5	100.0
10/31/2006 00:25	6.0	76.5	11.0	74.0	11.0	73.6	10.0	69.9	6.0	62.9	44.0	71.8	5	100.0
10/31/2006 00:30	6.0	76.5	11.0	74.0	13.0	73.3	11.0	71.8	7.0	63.7	48.0	72.1	5	100.0
10/31/2006 00:35	4.0	76.3	10.0	73.6	11.0	73.0	9.0	70.1	5.0	62.1	39.0	71.4	5	100.0
10/31/2006 00:40	4.0	76.5	10.0	73.1	10.0	72.2	7.0	70.1	8.0	61.9	39.0	70.4	5	100.0
10/31/2006 00:45	4.0	76.5	7.0	73.3	9.0	72.5	8.0	70.6	8.0	63.2	36.0	70.6	5	100.0
10/31/2006 00:50	1.0	76.3	5.0	73.6	6.0	72.3	8.0	70.9	2.0	64.3	22.0	71.5	5	100.0
10/31/2006 00:55	4.0	76.5	9.0	73.9	11.0	72.3	7.0	70.1	6.0	64.3	37.0	71.4	5	100.0
10/31/2006 01:00	4.0	76.5	9.0	73.8	9.0	72.8	9.0	65.4	8.0	63.4	39.0	69.8	5	100.0
10/31/2006 01:05	1.0	76.7	7.0	74.1	8.0	71.4	9.0	68.3	7.0	64.2	32.0	69.7	5	100.0
10/31/2006 01:10	2.0	76.5	9.0	74.3	8.0	72.4	7.0	69.2	5.0	63.6	31.0	71.1	5	100.0
10/31/2006 01:15	1.0	76.3	6.0	74.2	5.0	72.2	7.0	67.2	4.0	64.5	23.0	70.0	5	100.0
10/31/2006 01:20	1.0	75.9	6.0	73.5	10.0	70.2	7.0	67.6	3.0	63.7	27.0	69.7	5	100.0
10/31/2006 01:25	3.0	76.2	8.0	73.7	7.0	70.4	5.0	68.9	4.0	63.7	27.0	70.8	5	100.0
10/31/2006 01:30	1.0	76.6	6.0	74.1	7.0	70.2	7.0	70.1	6.0	63.8	27.0	69.9	5	100.0
10/31/2006 01:35	1.0	76.3	6.0	74.3	9.0	71.1	8.0	67.4	4.0	64.6	28.0	70.0	5	100.0
10/31/2006 01:40	1.0	76.2	7.0	73.7	7.0	71.1	8.0	62.9	2.0	64.7	25.0	68.9	5	100.0
10/31/2006 01:45	1.0	76.6	1.0	73.7	1.0	71.6	2.0	65.1	2.0	64.1	7.0	68.6	5	100.0
10/31/2006 01:50	2.0	76.5	6.0	73.5	6.0	71.3	7.0	66.9	6.0	64.4	27.0	69.5	5	100.0
10/31/2006 01:55	2.0	76.4	6.0	73.8	9.0	71.4	6.0	67.5	5.0	63.7	28.0	70.1	5	100.0
10/31/2006 02:00	0.0	76.4	3.0	73.9	4.0	72.0	4.0	67.7	3.0	63.9	14.0	69.4	5	100.0
10/31/2006 02:05	0.0	76.4	4.0	74.2	6.0	72.1	5.0	68.5	2.0	64.5	17.0	70.6	5	100.0
10/31/2006 02:10	1.0	76.2	7.0	74.4	4.0	71.5	8.0	70.0	6.0	64.3	26.0	70.3	5	100.0
10/31/2006 02:15	1.0	76.5	7.0	74.5	6.0	72.5	9.0	70.1	5.0	64.0	28.0	70.9	5	100.0
10/31/2006 02:20	0.0	76.5	6.0	74.2	5.0	72.3	6.0	68.2	5.0	64.1	22.0	69.8	5	100.0
10/31/2006 02:25	1.0	76.7	5.0	74.0	5.0	72.7	7.0	67.0	2.0	64.6	20.0	70.4	5	100.0
10/31/2006 02:30	1.0	76.8	1.0	74.4	4.0	72.2	4.0	68.3	3.0	64.7	13.0	69.8	5	100.0
10/31/2006 02:35	1.0	76.8	4.0	74.2	4.0	72.0	3.0	67.8	4.0	65.2	16.0	70.4	5	100.0
10/31/2006 02:40	0.0	76.8	4.0	74.1	3.0	71.7	3.0	67.5	3.0	65.6	13.0	70.1	5	100.0
10/31/2006 02:45	1.0	76.4	3.0	74.2	6.0	71.5	6.0	64.6	6.0	63.6	22.0	68.1	5	100.0
10/31/2006 02:50	0.0	76.4	3.0	74.1	4.0	71.7	3.0	67.0	3.0	63.0	13.0	69.2	5	100.0
10/31/2006 02:55	1.0	76.6	3.0	74.0	2.0	71.8	4.0	67.9	3.0	64.4	13.0	69.8	5	100.0
10/31/2006 03:00	0.0	76.6	2.0	74.1	4.0	71.6	4.0	69.2	4.0	63.7	14.0	69.0	5	100.0
10/31/2006 03:05	1.0	76.7	2.0	74.1	2.0	72.2	3.0	68.7	2.0	65.0	10.0	70.5	5	100.0
10/31/2006 03:10	0.0	76.7	4.0	73.6	6.0	72.7	4.0	68.5	5.0	63.2	19.0	69.5	5	100.0
10/31/2006 03:15	0.0	76.7	2.0	73.9	3.0	72.1	5.0	68.6	3.0	64.4	13.0	69.3	5	100.0
10/31/2006 03:20	1.0	76.7	1.0	73.8	1.0	72.9	4.0	68.7	2.0	64.8	9.0	69.8	5	100.0
10/31/2006 03:25	1.0	76.7	2.0	74.0	2.0	72.6	5.0	70.6	2.0	63.6	12.0	70.8	5	100.0
10/31/2006 03:30	0.0	76.7	3.0	74.2	3.0	71.8	3.0	69.4	2.0	64.8	11.0	70.5	5	100.0
10/31/2006 03:35	0.0	76.7	4.0	74.2	4.0	72.1	6.0	69.5	3.0	64.6	17.0	70.4	5	100.0
10/31/2006 03:40	1.0	76.7	2.0	74.1	1.0	71.6	4.0	69.4	1.0	64.3	9.0	70.9	5	100.0
10/31/2006 03:45	0.0	76.7	2.0	74.1	5.0	72.4	6.0	67.7	2.0	64.4	15.0	69.7	5	100.0
10/31/2006 03:50	0.0	76.7	3.0	73.9	2.0	71.0	4.0	68.3	1.0	65.6	10.0	70.2	5	100.0
10/31/2006 03:55	0.0	76.7	4.0	73.8	4.0	70.1	5.0	67.5	4.0	64.1	17.0	68.8	5	100.0
10/31/2006 04:00	0.0	76.7	3.0	74.1	5.0	71.7	6.0	68.3	6.0	63.6	20.0	68.6	5	100.0
10/31/2006 04:05	0.0	76.7	5.0	74.3	6.0	70.0	6.0	67.2	5.0	64.7	22.0	69.0	5	100.0
10/31/2006 04:10	0.0	76.7	4.0	74.2	5.0	70.2	4.0	66.8	6.0	65.0	19.0	68.7	5	100.0
10/31/2006 04:15	0.0	76.7	2.0	73.9	5.0	71.8	4.0	68.0	5.0	65.0	16.0	69.0	5	100.0
10/31/2006 04:20	0.0	76.7	2.0	74.1	4.0	70.9	5.0	68.9	4.0	65.2	15.0	69.1	5	100.0
10/31/2006 04:25	0.0	76.7	4.0	74.2	6.0	71.6	6.0	67.8	6.0	64.3	22.0	69.0	5	100.0
10/31/2006 04:30	0.0	76.7	4.0	74.2	7.0	72.5	11.0	73.3	10.0	64.2	32.0	70.4	5	100.0
10/31/2006 04:35	1.0	76.7	5.0	73.9	6.0	70.0	8.0	68.6	8.0	65.2	28.0	69.2	5	100.0
10/31/2006 04:40	1.0	76.7	7.0	73.9	7.0	69.1	9.0	63.8	9.0	65.1	33.0	67.8	5	100.0
10/31/2006 04:45	0.0	76.7	6.0	74.0	7.0	68.2	11.0	68.3	9.0	66.0	33.0	68.7	5	100.0
10/31/2006 04:50	0.0	76.7	7.0	73.7	7.0	69.9	7.0	65.4	10.0	67.0	31.0	68.8	5	100.0
10/31/2006 04:55	0.0	76.7	8.0	74.1	9.0	69.4	5.0	62.2	8.0	64.9	30.0	68.3	5	100.0
10/31/2006 05:00	1.0	77.0	5.0	74.1	7.0	68.4	7.0	65.5	12.0	59.6	32.0	65.6	5	100.0
10/31/2006 05:05	0.0	77.0	6.0	74.1	13.0	69.8	11.0	62.7	9.0	60.6	39.0	66.3	5	100.0
10/31/2006 05:10	1.0	76.6	9.0	74.0	11.0	70.3	11.0	61.9	12.0	65.0	44.0	67.7	5	100.0
10/31/2006 05:15	2.0	76.6	11.0	73.9	13.0	69.9	11.0	60.4	11.0	65.7	48.0	68.0	5	100.0
10/31/2006 05:20	2.0	76.6	13.0	74.0	15.0	73.3	15.0	64.8	13.0	62.1	58.0	68.9	5	100.0
10/31/2006 05:25	1.0	76.4	15.0	74.0	20.0	71.1	16.0	72.0	10.0	60.8	62.0	70.5	5	100.0
10/31/2006 05:30	2.0	76.4	16.0	72.7	16.0	67.4	15.0	71.2	13.0	64.2	62.0	69.3	5	100.0
10/31/2006 05:35	1.0	76.2	11.0	73.4	20.0	74.7	15.0	74.4	16.0	62.0	63.0	71.2	5	100.0
10/31/2006 05:40	3.0	76.5	21.0	72.8	23.0	70.0	20.0	69.5	18.0	62.2	85.0	69.2	5	100.0
10/31/2006 05:45	1.0	76.3	21.0	72.5	20.0	67.8	20.0	68.4	20.0	67.8	82.0	69.3	5	100.0
10/31/2006 05:50	4.0	76.2	23.0	73.2	22.0	66.8	19.0	67.2	13.0	62.6	81.0	68.5	5	100.0
10/31/2006 05:55	1.0	76.1	25.0	73.4	23.0	72.5	26.0	73.8	19.0	67.9	94.0	72.2	5	100.0
10/31/2006 06:00	3.0	76.6	20.0	73.3	23.0	73.3	19.0	61.0	23.0	66.9	88.0	69.1	5	100.0
10/31/2006 06:05	1.0	77.1	27.0	76.5	24.0	69.7	25.0	56.1	19.0	65.4	96.0	67.3	5	100.0
10/31/2006 06:10	2.0	76.6	29.0	76.3	23.0	72.5	23.0	54.8	23.0	64.2	100.0	67.7	5	100.0
10/31/2006 06:15	3.0	76.4	30.0	76.2	28.0	73.3	24.0	54.9	20.0	60.1	105.0	67.5	5	100.0
10/31/2006 06:20	7.0	76.2	31.0	74.5	33.0	77.2	25.0	51.4	25.0	61.3	121.0	67.8	5	100.0
10/31/2006 06:25	3.0	75.8	36.0	73.6	35.0	77.5	33.0	53.1	22.0	59.6	129.0	67.1	5	100.0
10/31/2006 06:30	5.0	76.3	39.0	75.6	34.0	75.4	26.0	53.5	29.0	62.3	133.0	68.4	5	100.0
10/31/2006 06:35	6.0	76.5	40.0	73.7	35.0	74.7	31.0	51.7	30.0	61.8	142.0	66.7	5	100.0
10/31/2006 06:40	6.0	76.7	45.0	72.0	34.0	73.3	32.0	54.9	32.0	67.3	149.0	67.8	5	100.0
10/31/2006 06:45	5.0	76.3	47.0	73.1	35.0	70.5	36.0	58.6	31.0	69.9	154.0	68.6	5	100.0
10/31/2006 06:50	6.0	76.5	47.0	73.2	39.0	68.9	40.0	57.6	31.0	67.0	163.0	67.3	5	100.0
10/31/2006 06:55	5.0	75.9	44.0	73.3	42.0	73.8	33.0	57.1	38.0	71.9	162.0	69.9	5	100.0
10/31/2006 07:00	5.0	75.8	49.0	71.5	39.0	70.1	39.0	59.4	41.0	69.6	173.0	68.1	5	100.0
10/31/2006 07:05	6.0	75.7	45.0	68.8	42.0	70.0	39.0	62.8	34.0	65.6	166.0	67.3	5	100.0
10/31/2006 07:10	8.0	76.7	49.0	68.0	38.0	66.8	38.0	62.8	33.0	60.1	166.0	65.4	5	100.0
10/31/2006 07:15	5.0	76.4	55.0	68.2	37.0	67.4	43.0	60.5	39.0	55.5	179.0	63.6	5	100.0
10/31/2006 07:20	6.0	76.2	55.0	66.3	43.0	63.7	42.0	58.7	41.0	56.0	187.0	62.1	5	100.0
10/31/2006 07:25	8.0	75.3	54.0	66.4	46.0	66.6	44.0	59.7	41.0	57.3	193.0	63.4	5	100.0
10/31/2006 07:30	7.0	76.2	53.0	67.1	43.0	65.2	43.0	60.5	45.0	59.4	191.0	63.7	5	100.0
10/31/2006 07:35	8.0	76.3	51.0	66.8	37.0	64.1	37.0	60.4	47.0	58.7	180.0	63.2	5	100.0
10/31/2006 07:40	7.0	76.5	49.0	68.0	39.0	61.5	39.0	59.0	45.0	57.6	179.0	62.3	5	100.0
10/31/2006 07:45	10.0	76.6	58.0	66.9	44.0	62.2	41.0	59.3	47.0	59.3	200.0	63.0	5	100.0
10/31/2006 07:50	11.0	76.1	57.0	58.2	45.0	52.7	45.0	53.3	54.0	54.2	212.0	55.9	5	100.0
10/31/2006 07:55	13.0	75.0	57.0	57.9	44.0	53.3	41.0	51.7	51.0	51.7	206.0	55.2	5	100.0
10/31/2006 08:00	15.0	76.1	59.0	61.3	45.0	57.2	39.0	53.0	45.0	53.8	203.0	58.2	5	100.0
10/31/2006 08:05	7.0	76.3	55.0	63.7	49.0	61.9	41.0	53.4	49.0	54.1	201.0	59.3	5	100.0
10/31/2006 08:10	9.0	75.9	59.0	62.3	48.0	56.5	45.0	52.2	51.0	51.8	212.0	56.9	5	100.0
10/31/2006 08:15	11.0	75.0	63.0	61.2	49.0	56.5	47.0	50.2	56.0	51.8	226.0	56.2	5	100.0
10/31/2006 08:20	10.0	74.9	59.0	57.2	47.0	51.5	49.0	51.8	46.0	50.5	211.0	54.1	5	100.0
10/31/2006 08:25	11.0	75.7	55.0	58.8	47.0	51.6	43.0	50.5	52.0	49.3	208.0	54.0	5	100.0
10/31/2006 08:30	11.0	75.6	59.0	62.3	43.0	54.1	44.0	51.9	50.0	53.2	207.0	56.9	5	100.0
10/31/2006 08:35	8.0	76.3	59.0	61.6	43.0	52.2	53.0	52.2	56.0	53.8	219.0	56.0	5	100.0
10/31/2006 08:40	6.0	76.2	36.0	62.0	28.0	48.3	33.0	57.1	37.0	57.2	140.0	57.4	5	100.0
10/31/2006 08:45	5.0	76.2	43.0	59.0	36.0	51.9	35.0	56.2	44.0	55.5	163.0	56.4	5	100.0
10/31/2006 08:50	8.0	76.1	55.0	62.8	38.0	51.5	40.0	57.7	53.0	56.3	194.0	58.3	5	100.0
10/31/2006 08:55	9.0	76.0	59.0	63.4	45.0	54.3	48.0	57.5	61.0	54.0	222.0	58.2	5	100.0
10/31/2006 09:00	6.0	75.6	57.0	62.0	39.0	50.2	45.0	54.7	51.0	52.9	198.0	56.1	5	100.0
10/31/2006 09:05	4.0	75.9	34.0	64.2	24.0	49.5	29.0	54.6	25.0	52.6	116.0	56.7	5	100.0
10/31/2006 09:10	5.0	76.5	21.0	65.8	18.0	55.7	18.0	57.3	23.0	57.6	85.0	60.3	5	100.0
10/31/2006 09:15	8.0	76.5	51.0	64.3	37.0	55.3	38.0	53.0	46.0	55.3	180.0	58.3	5	100.0
10/31/2006 09:20	8.0	76.5	56.0	62.9	43.0	55.0	39.0	48.5	41.0	56.1	187.0	57.2	5	100.0
10/31/2006 09:25	5.0	76.7	47.0	63.3	40.0	54.2	45.0	54.7	47.0	55.5	184.0	57.6	5	100.0
10/31/2006 09:30	7.0	76.4	53.0	61.7	44.0	54.0	39.0	52.3	47.0	55.9	190.0	57.1	5	100.0
10/31/2006 09:35	11.0	76.5	52.0	64.4	38.0	53.7	41.0	53.9	47.0	57.4	189.0	58.9	5	100.0
10/31/2006 09:40	9.0	76.9	47.0	66.0	39.0	56.0	39.0	52.1	45.0	55.6	179.0	58.7	5	100.0
10/31/2006 09:45	6.0	76.5	51.0	66.6	37.0	59.2	41.0	54.3	42.0	53.5	177.0	59.4	5	100.0
10/31/2006 09:50	10.0	76.7	45.0	68.3	36.0	57.3	37.0	52.4	47.0	54.0	175.0	59.3	5	100.0
10/31/2006 09:55	15.0	76.6	54.0	66.3	41.0	59.3	37.0	50.6	45.0	56.2	192.0	60.2	5	100.0
10/31/2006 10:00	16.0	76.4	39.0	66.4	35.0	58.2	34.0	53.3	43.0	57.7	167.0	60.7	5	100.0
10/31/2006 10:05	21.0	76.0	35.0	64.3	34.0	54.3	35.0	52.3	41.0	55.9	166.0	59.1	5	100.0
10/31/2006 10:10	29.0	77.2	36.0	65.8	39.0	56.6	40.0	52.8	43.0	51.2	187.0	59.5	5	100.0
10/31/2006 10:15	23.0	77.4	35.0	67.5	31.0	57.5	39.0	52.2	43.0	55.0	171.0	60.4	5	100.0
10/31/2006 10:20	23.0	78.1	41.0	68.3	34.0	55.7	37.0	52.0	46.0	57.3	181.0	61.1	5	100.0
10/31/2006 10:25	14.0	77.6	34.0	69.8	30.0	59.0	37.0	52.4	37.0	58.4	152.0	61.4	5	100.0
10/31/2006 10:30	29.0	77.3	44.0	69.1	33.0	54.4	37.0	50.2	43.0	55.3	186.0	60.8	5	100.0
10/31/2006 10:35	25.0	78.0	37.0	67.4	33.0	62.8	31.0	50.1	40.0	53.1	166.0	61.4	5	100.0
10/31/2006 10:40	29.0	78.8	39.0	66.2	35.0	61.2	38.0	49.0	46.0	51.5	187.0	60.1	5	100.0
10/31/2006 10:45	26.0	77.5	41.0	67.3	33.0	57.3	39.0	48.0	51.0	52.7	190.0	59.1	5	100.0
10/31/2006 10:50	24.0	76.9	37.0	66.9	35.0	55.3	35.0	45.9	46.0	53.4	177.0	58.3	5	100.0
10/31/2006 10:55	27.0	76.5	42.0	68.4	39.0	55.8	41.0	50.9	47.0	53.9	196.0	59.9	5	100.0
10/31/2006 11:00	27.0	74.1	42.0	66.8	35.0	51.5	35.0	50.9	45.0	56.4	184.0	59.4	5	100.0
10/31/2006 11:05	28.0	74.1	40.0	65.9	30.0	47.4	39.0	50.6	37.0	54.2	174.0	58.1	5	100.0
10/31/2006 11:10	25.0	74.3	41.0	65.9	37.0	49.3	38.0	50.8	43.0	54.1	184.0	57.8	5	100.0
10/31/2006 11:15	21.0	76.3	35.0	66.1	38.0	52.3	39.0	53.7	36.0	54.8	169.0	59.0	5	100.0
10/31/2006 11:20	27.0	75.8	45.0	67.6	30.0	47.8	36.0	55.0	42.0	55.8	180.0	60.3	5	100.0
10/31/2006 11:25	29.0	76.1	36.0	67.9	37.0	53.5	37.0	52.3	45.0	54.4	184.0	59.9	5	100.0
10/31/2006 11:30	27.0	75.2	37.0	65.2	31.0	52.1	40.0	53.9	41.0	52.5	176.0	58.9	5	100.0
10/31/2006 11:35	18.0	75.9	23.0	64.3	21.0	49.9	21.0	51.2	21.0	54.6	104.0	58.8	5	100.0
10/31/2006 11:40	26.0	75.1	39.0	64.3	35.0	51.1	37.0	49.3	43.0	56.7	180.0	58.4	5	100.0
10/31/2006 11:45	26.0	74.7	42.0	66.3	31.0	49.9	38.0	48.0	41.0	54.7	178.0	58.1	5	100.0
10/31/2006 11:50	25.0	73.4	38.0	67.3	40.0	53.8	43.0	51.1	46.0	54.0	192.0	58.5	5	100.0
10/31/2006 11:55	29.0	74.3	43.0	67.1	37.0	53.6	35.0	48.5	45.0	55.0	189.0	59.2	5	100.0
10/31/2006 12:00	23.0	75.7	39.0	65.3	35.0	51.8	34.0	50.6	50.0	54.5	181.0	58.3	5	100.0
10/31/2006 12:05	31.0	76.2	43.0	66.4	38.0	55.7	39.0	50.2	45.0	55.5	196.0	60.1	5	100.0
10/31/2006 12:10	27.0	77.2	39.0	66.5	41.0	54.1	43.0	52.8	51.0	57.3	201.0	60.1	5	100.0
10/31/2006 12:15	31.0	76.5	43.0	66.7	37.0	55.5	39.0	52.8	50.0	58.1	200.0	61.3	5	100.0
10/31/2006 12:20	34.0	76.1	49.0	65.9	39.0	51.8	45.0	52.9	48.0	53.6	215.0	59.5	5	100.0
10/31/2006 12:25	35.0	77.0	39.0	66.7	37.0	55.5	39.0	52.6	45.0	52.9	195.0	60.4	5	100.0
10/31/2006 12:30	35.0	77.4	41.0	65.9	39.0	58.3	39.0	51.8	47.0	56.2	201.0	61.4	5	100.0
10/31/2006 12:35	33.0	75.5	41.0	65.9	39.0	58.9	39.0	52.1	47.0	54.0	199.0	60.6	5	100.0
10/31/2006 12:40	31.0	77.4	42.0	65.9	37.0	57.6	39.0	54.9	50.0	55.6	199.0	61.4	5	100.0
10/31/2006 12:45	27.0	77.2	37.0	66.6	37.0	56.5	41.0	56.4	46.0	56.2	188.0	61.4	5	100.0
10/31/2006 12:50	45.0	76.9	47.0	65.8	39.0	56.4	39.0	52.8	45.0	55.6	215.0	61.9	5	100.0
10/31/2006 12:55	33.0	78.6	38.0	66.2	41.0	55.1	38.0	51.9	41.0	57.6	191.0	61.3	5	100.0
10/31/2006 13:00	42.0	75.9	47.0	64.9	38.0	54.5	33.0	56.5	41.0	54.7	201.0	61.8	5	100.0
10/31/2006 13:05	29.0	78.3	36.0	66.6	36.0	57.6	39.0	58.5	40.0	55.1	180.0	62.4	5	100.0
10/31/2006 13:10	33.0	78.2	43.0	66.3	41.0	57.9	40.0	54.4	36.0	54.8	193.0	61.9	5	100.0
10/31/2006 13:15	37.0	76.5	45.0	65.5	37.0	55.4	40.0	54.3	49.0	56.7	208.0	61.4	5	100.0
10/31/2006 13:20	33.0	77.3	45.0	65.5	39.0	56.1	41.0	56.1	47.0	56.7	205.0	61.7	5	100.0
10/31/2006 13:25	39.0	77.1	43.0	66.2	38.0	55.5	41.0	54.5	45.0	55.5	206.0	61.6	5	100.0
10/31/2006 13:30	34.0	74.9	47.0	65.3	41.0	53.2	43.0	54.7	41.0	51.7	206.0	59.6	5	100.0
10/31/2006 13:35	41.0	73.2	43.0	63.6	40.0	55.0	38.0	52.6	48.0	53.5	210.0	59.5	5	100.0
10/31/2006 13:40	37.0	75.0	46.0	65.6	38.0	56.5	40.0	52.5	41.0	55.0	202.0	60.9	5	100.0
10/31/2006 13:45	33.0	75.4	39.0	66.5	37.0	57.6	43.0	56.1	41.0	56.5	193.0	61.9	5	100.0
10/31/2006 13:50	44.0	74.8	47.0	64.8	41.0	60.0	43.0	55.3	45.0	54.0	220.0	61.8	5	100.0
10/31/2006 13:55	37.0	77.4	39.0	64.9	36.0	60.0	41.0	56.4	40.0	55.6	193.0	62.6	5	100.0
10/31/2006 14:00	43.0	67.7	50.0	65.4	43.0	59.4	45.0	55.1	41.0	56.3	222.0	60.9	5	100.0
10/31/2006 14:05	53.0	61.8	51.0	63.1	43.0	56.0	45.0	55.0	47.0	56.7	239.0	58.8	5	100.0
10/31/2006 14:10	54.0	51.3	51.0	53.6	42.0	49.5	46.0	52.7	48.0	54.2	241.0	52.3	5	100.0
10/31/2006 14:15	44.0	53.1	51.0	57.7	44.0	55.4	47.0	54.0	41.0	53.5	227.0	54.8	5	100.0
10/31/2006 14:20	42.0	54.9	47.0	60.7	42.0	58.6	41.0	53.4	43.0	55.4	215.0	56.7	5	100.0
10/31/2006 14:25	33.0	56.3	38.0	62.4	32.0	59.4	35.0	57.7	35.0	57.1	173.0	58.7	5	100.0
10/31/2006 14:30	44.0	57.5	42.0	63.8	36.0	58.6	38.0	58.0	34.0	56.0	194.0	58.9	5	100.0
10/31/2006 14:35	45.0	57.0	46.0	64.7	42.0	59.6	38.0	62.2	40.0	56.4	211.0	60.0	5	100.0
10/31/2006 14:40	56.0	56.1	53.0	62.3	45.0	57.9	41.0	58.4	41.0	57.1	236.0	58.4	5	100.0
10/31/2006 14:45	48.0	56.8	51.0	62.3	43.0	56.1	44.0	57.8	45.0	57.5	231.0	58.2	5	100.0
10/31/2006 14:50	53.0	55.6	56.0	62.1	47.0	57.1	44.0	58.4	45.0	55.4	245.0	57.8	5	100.0
10/31/2006 14:55	48.0	54.6	64.0	60.7	43.0	53.4	52.0	58.7	45.0	55.0	252.0	56.9	5	100.0
10/31/2006 15:00	35.0	53.7	69.0	60.1	53.0	54.3	53.0	57.1	52.0	55.7	262.0	56.6	5	100.0
10/31/2006 15:05	29.0	49.8	48.0	43.6	44.0	42.3	47.0	47.0	47.0	45.9	215.0	45.4	5	100.0
10/31/2006 15:10	27.0	45.1	45.0	37.6	39.0	37.7	42.0	41.9	42.0	40.7	195.0	40.3	5	100.0
10/31/2006 15:15	34.0	46.7	54.0	41.3	47.0	41.2	45.0	43.5	40.0	42.5	220.0	42.8	5	100.0
10/31/2006 15:20	28.0	47.1	48.0	44.2	45.0	46.0	43.0	47.4	42.0	45.7	206.0	46.0	5	100.0
10/31/2006 15:25	39.0	46.2	52.0	42.5	45.0	42.2	45.0	44.2	41.0	43.7	222.0	43.7	5	100.0
10/31/2006 15:30	38.0	44.7	49.0	41.2	42.0	39.6	47.0	41.1	44.0	41.6	220.0	41.6	5	100.0
10/31/2006 15:35	37.0	45.0	59.0	43.0	50.0	42.4	45.0	42.1	45.0	42.9	236.0	43.0	5	100.0
10/31/2006 15:40	36.0	44.5	55.0	44.8	47.0	43.3	49.0	44.6	44.0	44.4	231.0	44.3	5	100.0
10/31/2006 15:45	45.0	43.3	54.0	46.5	49.0	45.8	51.0	46.3	47.0	44.4	246.0	45.3	5	100.0
10/31/2006 15:50	41.0	39.7	52.0	40.1	46.0	40.1	47.0	43.4	42.0	40.8	228.0	40.8	5	100.0
10/31/2006 15:55	45.0	37.7	47.0	35.3	41.0	37.3	47.0	39.8	44.0	38.2	224.0	37.7	5	100.0
10/31/2006 16:00	42.0	37.1	51.0	32.5	43.0	31.7	47.0	36.3	47.0	36.0	230.0	34.7	5	100.0
10/31/2006 16:05	45.0	38.4	49.0	32.4	43.0	33.0	47.0	38.1	47.0	39.0	231.0	36.2	5	100.0
10/31/2006 16:10	43.0	35.5	44.0	29.4	40.0	28.8	43.0	38.5	47.0	39.0	217.0	34.4	5	100.0
10/31/2006 16:15	43.0	32.5	45.0	26.1	40.0	26.6	41.0	35.6	41.0	36.3	210.0	31.4	5	100.0
10/31/2006 16:20	41.0	29.1	43.0	25.0	41.0	25.9	41.0	33.5	45.0	33.3	211.0	29.4	5	100.0
10/31/2006 16:25	45.0	30.4	45.0	25.3	43.0	26.7	46.0	31.5	48.0	34.1	227.0	29.7	5	100.0
10/31/2006 16:30	46.0	33.2	50.0	31.3	40.0	29.9	47.0	35.2	45.0	36.5	228.0	33.3	5	100.0
10/31/2006 16:35	44.0	35.0	45.0	30.2	41.0	29.0	45.0	34.5	46.0	36.3	221.0	33.1	5	100.0
10/31/2006 16:40	47.0	31.6	47.0	28.8	39.0	28.6	44.0	34.4	45.0	38.8	222.0	32.5	5	100.0
10/31/2006 16:45	48.0	30.0	47.0	27.4	41.0	28.5	48.0	36.3	44.0	37.0	228.0	31.9	5	100.0
10/31/2006 16:50	44.0	32.2	48.0	30.0	45.0	30.1	48.0	38.3	47.0	36.9	232.0	33.6	5	100.0
10/31/2006 16:55	43.0	30.4	45.0	27.0	41.0	28.5	45.0	36.3	45.0	34.3	219.0	31.4	5	100.0
10/31/2006 17:00	45.0	30.4	44.0	23.2	41.0	25.2	44.0	33.5	45.0	34.3	219.0	29.4	5	100.0
10/31/2006 17:05	45.0	28.7	45.0	24.1	38.0	23.5	45.0	30.5	44.0	30.2	217.0	27.5	5	100.0
10/31/2006 17:10	48.0	32.3	49.0	27.0	43.0	26.3	47.0	33.3	47.0	32.2	234.0	30.3	5	100.0
10/31/2006 17:15	47.0	28.7	41.0	23.7	37.0	24.1	45.0	30.3	45.0	30.8	215.0	27.7	5	100.0
10/31/2006 17:20	41.0	26.1	38.0	20.4	33.0	19.6	38.0	25.7	42.0	29.3	192.0	24.5	5	100.0
10/31/2006 17:25	44.0	23.3	41.0	19.8	36.0	20.9	43.0	26.5	44.0	27.9	208.0	23.8	5	100.0
10/31/2006 17:30	37.0	21.5	34.0	17.0	33.0	18.9	39.0	23.0	40.0	24.8	183.0	21.2	5	100.0
10/31/2006 17:35	39.0	22.7	39.0	17.2	35.0	18.4	38.0	22.0	43.0	25.8	194.0	21.4	5	100.0
10/31/2006 17:40	37.0	20.6	37.0	16.8	29.0	15.4	33.0	18.8	38.0	24.6	174.0	19.5	5	100.0
10/31/2006 17:45	40.0	19.8	39.0	17.6	35.0	16.9	40.0	22.6	44.0	25.8	198.0	20.8	5	100.0
10/31/2006 17:50	39.0	19.6	39.0	17.6	35.0	16.5	38.0	22.5	41.0	25.9	192.0	20.5	5	100.0
10/31/2006 17:55	39.0	17.7	37.0	16.9	32.0	15.8	36.0	20.5	37.0	25.1	181.0	19.3	5	100.0
10/31/2006 18:00	45.0	19.7	44.0	20.7	40.0	20.5	41.0	24.6	43.0	26.8	213.0	22.4	5	100.0
10/31/2006 18:05	43.0	18.6	41.0	19.8	35.0	19.9	43.0	25.6	44.0	25.6	206.0	22.0	5	100.0
10/31/2006 18:10	41.0	20.8	38.0	18.3	35.0	18.0	38.0	24.7	43.0	23.6	195.0	21.2	5	100.0
10/31/2006 18:15	37.0	18.9	37.0	17.1	33.0	16.9	38.0	22.0	35.0	22.0	180.0	19.4	5	100.0
10/31/2006 18:20	35.0	16.8	33.0	15.4	31.0	15.1	33.0	19.1	33.0	20.2	165.0	17.3	5	100.0
10/31/2006 18:25	40.0	18.5	35.0	14.0	34.0	15.7	32.0	19.3	36.0	21.9	177.0	17.9	5	100.0
10/31/2006 18:30	35.0	16.3	35.0	15.0	33.0	16.1	36.0	19.5	37.0	23.5	176.0	18.2	5	100.0
10/31/2006 18:35	35.0	15.4	34.0	15.0	35.0	16.9	37.0	20.7	37.0	25.1	178.0	18.7	5	100.0
10/31/2006 18:40	39.0	16.8	37.0	16.2	32.0	16.8	40.0	23.0	37.0	27.8	185.0	20.2	5	100.0
10/31/2006 18:45	36.0	16.2	33.0	15.3	32.0	17.2	36.0	21.7	39.0	27.1	176.0	19.8	5	100.0
10/31/2006 18:50	42.0	18.3	43.0	18.1	33.0	19.1	35.0	21.7	39.0	26.4	192.0	20.7	5	100.0
10/31/2006 18:55	39.0	17.7	38.0	18.1	34.0	18.5	37.0	23.2	41.0	25.4	189.0	20.7	5	100.0
10/31/2006 19:00	38.0	17.0	41.0	19.2	37.0	20.0	39.0	23.1	37.0	24.6	192.0	20.8	5	100.0
10/31/2006 19:05	44.0	19.5	40.0	22.2	40.0	22.6	39.0	25.7	38.0	26.2	201.0	23.1	5	100.0
10/31/2006 19:10	50.0	23.1	49.0	27.4	43.0	28.7	43.0	30.0	43.0	29.6	228.0	27.6	5	100.0
10/31/2006 19:15	38.0	35.5	43.0	40.7	39.0	40.6	41.0	41.4	42.0	38.8	203.0	39.5	5	100.0
10/31/2006 19:20	18.0	53.6	26.0	53.6	33.0	58.9	29.0	51.9	34.0	49.9	140.0	53.6	5	100.0
10/31/2006 19:25	12.0	63.7	12.0	63.9	13.0	66.5	16.0	61.9	13.0	58.4	66.0	62.8	5	100.0
10/31/2006 19:30	61.0	52.7	53.0	55.4	53.0	56.8	52.0	56.5	51.0	54.9	270.0	55.2	5	100.0
10/31/2006 19:35	44.0	43.3	45.0	49.4	45.0	53.8	43.0	51.3	44.0	48.8	221.0	49.3	5	100.0
10/31/2006 19:40	33.0	50.5	32.0	58.9	33.0	61.1	34.0	58.7	31.0	54.7	163.0	56.8	5	100.0
10/31/2006 19:45	21.0	60.5	27.0	65.0	32.0	70.7	29.0	64.2	32.0	57.1	141.0	63.7	5	100.0
10/31/2006 19:50	21.0	64.2	27.0	67.4	33.0	73.4	29.0	62.9	29.0	58.0	139.0	65.4	5	100.0
10/31/2006 19:55	18.0	67.9	26.0	69.3	29.0	74.4	32.0	67.2	29.0	58.1	134.0	67.3	5	100.0
10/31/2006 20:00	22.0	73.7	25.0	73.7	25.0	74.6	32.0	69.9	29.0	62.4	133.0	70.5	5	100.0
10/31/2006 20:05	21.0	76.5	26.0	73.1	29.0	75.3	29.0	69.8	24.0	66.2	129.0	72.1	5	100.0
10/31/2006 20:10	20.0	76.0	27.0	74.0	33.0	76.6	31.0	69.1	24.0	63.1	135.0	71.9	5	100.0
10/31/2006 20:15	23.0	76.6	29.0	75.0	28.0	75.7	29.0	68.4	33.0	63.7	142.0	71.4	5	100.0
10/31/2006 20:20	23.0	76.4	24.0	73.7	28.0	72.5	29.0	68.6	27.0	66.9	131.0	71.4	5	100.0
10/31/2006 20:25	25.0	76.8	35.0	73.6	26.0	69.1	31.0	65.9	25.0	64.7	142.0	70.1	5	100.0
10/31/2006 20:30	21.0	76.1	31.0	75.3	29.0	69.4	30.0	65.2	23.0	59.5	134.0	69.2	5	100.0
10/31/2006 20:35	19.0	74.8	23.0	75.1	27.0	71.3	29.0	68.0	28.0	62.9	126.0	69.9	5	100.0
10/31/2006 20:40	7.0	75.7	13.0	74.8	13.0	72.3	14.0	69.9	15.0	63.2	62.0	70.5	5	100.0
10/31/2006 20:45	17.0	76.2	28.0	74.2	25.0	71.9	27.0	69.0	24.0	62.6	121.0	70.5	5	100.0
10/31/2006 20:50	20.0	75.8	28.0	73.9	27.0	71.5	30.0	70.5	31.0	64.0	136.0	70.7	5	100.0
10/31/2006 20:55	23.0	76.5	27.0	75.5	27.0	75.3	27.0	71.9	27.0	66.5	131.0	73.0	5	100.0
10/31/2006 21:00	6.0	76.6	20.0	76.1	16.0	67.4	11.0	67.3	20.0	65.9	73.0	70.1	5	100.0
10/31/2006 21:05	13.0	77.7	13.0	73.3	23.0	73.4	23.0	68.5	23.0	65.2	95.0	70.8	5	100.0
10/31/2006 21:10	20.0	77.2	25.0	75.9	25.0	78.8	20.0	62.6	20.0	62.5	110.0	71.9	5	100.0
10/31/2006 21:15	0.0	77.2	0.0	75.9	0.0	78.8	0.0	62.6	0.0	62.5	0.0	71.4	5	100.0
10/31/2006 21:20	15.0	76.2	30.0	74.3	25.0	77.5	20.0	70.9	20.0	64.9	110.0	73.0	5	100.0
10/31/2006 21:25	0.0	76.2	20.0	75.0	30.0	78.8	20.0	75.0	15.0	66.7	85.0	74.9	5	100.0
10/31/2006 21:30	23.0	75.4	27.0	73.3	27.0	78.6	23.0	72.3	27.0	63.2	127.0	72.5	5	100.0
10/31/2006 21:35	20.0	71.6	35.0	74.3	25.0	81.4	45.0	67.5	35.0	64.3	160.0	71.0	5	100.0
10/31/2006 21:40	0.0	71.6	0.0	74.3	0.0	81.4	0.0	67.5	0.0	64.3	0.0	71.8	5	100.0
10/31/2006 21:45	25.0	66.5	20.0	75.0	20.0	65.1	15.0	70.6	15.0	67.6	95.0	68.8	5	100.0
10/31/2006 21:50	15.0	73.1	15.0	74.3	20.0	68.5	10.0	67.8	25.0	65.9	85.0	69.5	5	100.0
10/31/2006 21:55	10.0	73.8	15.0	73.9	15.0	71.6	20.0	62.3	20.0	66.6	80.0	68.7	5	100.0
10/31/2006 22:00	20.0	74.6	25.0	71.2	20.0	74.7	20.0	71.6	15.0	67.1	100.0	72.0	5	100.0
10/31/2006 22:05	28.0	76.2	25.0	75.6	28.0	68.8	23.0	66.8	22.0	62.5	126.0	70.3	5	100.0
10/31/2006 22:10	10.0	77.0	30.0	76.2	23.0	70.5	23.0	66.8	20.0	66.3	106.0	71.1	5	100.0
10/31/2006 22:15	21.0	77.4	26.0	72.6	27.0	68.4	23.0	70.6	25.0	64.8	122.0	70.5	5	100.0
10/31/2006 22:20	15.0	77.4	26.0	73.7	25.0	70.4	22.0	71.2	21.0	61.4	109.0	70.6	5	100.0
10/31/2006 22:25	16.0	76.6	21.0	72.9	22.0	68.3	23.0	69.6	23.0	63.1	105.0	69.6	5	100.0
10/31/2006 22:30	16.0	76.2	21.0	73.5	23.0	70.2	22.0	74.3	19.0	61.7	101.0	71.1	5	100.0
10/31/2006 22:35	15.0	75.3	22.0	73.2	22.0	69.3	21.0	68.9	19.0	64.0	99.0	70.0	5	100.0
10/31/2006 22:40	13.0	76.6	19.0	73.8	19.0	69.7	22.0	70.3	21.0	62.0	94.0	69.9	5	100.0
10/31/2006 22:45	11.0	76.6	20.0	73.5	19.0	69.4	19.0	69.0	16.0	61.6	85.0	69.7	5	100.0
10/31/2006 22:50	12.0	75.9	22.0	73.2	19.0	70.4	18.0	69.2	14.0	58.5	85.0	69.7	5	100.0
10/31/2006 22:55	15.0	76.0	21.0	72.6	21.0	71.0	17.0	64.7	15.0	60.1	89.0	69.2	5	100.0
10/31/2006 23:00	8.0	76.2	19.0	73.1	13.0	70.3	15.0	66.3	15.0	61.9	70.0	69.1	5	100.0
10/31/2006 23:05	6.0	76.2	9.0	73.5	15.0	71.7	11.0	68.9	10.0	62.5	51.0	70.1	5	100.0
10/31/2006 23:10	8.0	76.3	15.0	73.0	16.0	72.1	15.0	71.7	13.0	61.9	67.0	70.7	5	100.0
10/31/2006 23:15	15.0	75.7	21.0	72.6	23.0	71.0	21.0	71.2	17.0	61.7	97.0	70.5	5	100.0
10/31/2006 23:20	12.0	75.4	21.0	72.8	16.0	71.1	13.0	70.5	14.0	62.1	76.0	70.5	5	100.0
10/31/2006 23:25	8.0	75.9	15.0	74.1	18.0	73.4	15.0	73.5	15.0	61.9	71.0	71.4	5	100.0
10/31/2006 23:30	11.0	76.7	20.0	73.3	17.0	72.1	15.0	69.6	15.0	60.3	78.0	70.3	5	100.0
10/31/2006 23:35	9.0	76.7	16.0	72.3	16.0	72.3	17.0	62.3	14.0	63.0	72.0	68.7	5	100.0
10/31/2006 23:40	8.0	76.4	21.0	73.8	17.0	72.9	17.0	63.5	13.0	63.0	76.0	69.7	5	100.0
10/31/2006 23:45	10.0	76.5	19.0	75.4	19.0	73.1	17.0	66.8	17.0	66.2	82.0	71.3	5	100.0
10/31/2006 23:50	9.0	75.9	17.0	75.0	17.0	70.9	17.0	67.4	13.0	57.8	73.0	69.3	5	100.0
10/31/2006 23:55	8.0	76.4	14.0	74.6	17.0	70.8	14.0	71.6	11.0	62.0	64.0	71.0	5	100.0
