5 Minutes	Lane 1 Flow (Veh/5 Minutes)	Lane 1 Speed (mph)	Lane 2 Flow (Veh/5 Minutes)	Lane 2 Speed (mph)	Lane 3 Flow (Veh/5 Minutes)	Lane 3 Speed (mph)	Lane 4 Flow (Veh/5 Minutes)	Lane 4 Speed (mph)	Lane 5 Flow (Veh/5 Minutes)	Lane 5 Speed (mph)	Flow (Veh/5 Minutes)	Speed (mph)	# Lane Points	% Observed
12/29/2006 00:00	7.0	76.5	17.0	74.0	17.0	72.0	13.0	69.2	13.0	64.5	67.0	71.0	5	100.0
12/29/2006 00:05	11.0	76.1	21.0	73.5	20.0	72.6	15.0	70.1	11.0	64.7	78.0	71.7	5	100.0
12/29/2006 00:10	9.0	75.9	17.0	73.7	19.0	73.0	16.0	71.6	14.0	63.6	75.0	71.5	5	100.0
12/29/2006 00:15	9.0	75.6	24.0	73.0	15.0	73.4	15.0	71.8	11.0	64.0	74.0	71.8	5	100.0
12/29/2006 00:20	8.0	76.0	20.0	73.4	18.0	74.1	12.0	68.7	11.0	60.2	69.0	71.0	5	100.0
12/29/2006 00:25	7.0	76.3	13.0	72.9	16.0	72.4	13.0	67.1	12.0	62.4	61.0	69.9	5	100.0
12/29/2006 00:30	4.0	76.5	15.0	72.8	16.0	71.0	12.0	69.5	8.0	63.1	55.0	70.4	5	100.0
12/29/2006 00:35	0.0	76.5	7.0	73.2	11.0	72.1	7.0	66.7	6.0	64.4	31.0	69.6	5	100.0
12/29/2006 00:40	3.0	76.4	11.0	72.8	16.0	69.8	14.0	67.3	11.0	64.4	55.0	69.0	5	100.0
12/29/2006 00:45	7.0	76.1	12.0	73.6	13.0	70.2	11.0	64.4	9.0	64.9	52.0	69.6	5	100.0
12/29/2006 00:50	6.0	76.2	15.0	73.9	11.0	71.8	11.0	67.3	9.0	64.8	52.0	70.8	5	100.0
12/29/2006 00:55	6.0	76.6	11.0	74.6	9.0	72.2	9.0	62.7	10.0	65.2	45.0	69.9	5	100.0
12/29/2006 01:00	5.0	76.7	11.0	73.9	10.0	71.8	11.0	67.3	7.0	64.4	44.0	70.6	5	100.0
12/29/2006 01:05	5.0	76.6	8.0	74.0	13.0	71.7	12.0	67.8	11.0	65.9	49.0	70.3	5	100.0
12/29/2006 01:10	2.0	76.6	7.0	73.9	9.0	72.3	12.0	68.9	7.0	66.4	37.0	70.6	5	100.0
12/29/2006 01:15	3.0	76.7	11.0	74.1	10.0	72.2	8.0	69.2	9.0	65.5	41.0	71.0	5	100.0
12/29/2006 01:20	1.0	76.4	7.0	73.3	9.0	72.1	11.0	66.5	9.0	64.4	37.0	68.9	5	100.0
12/29/2006 01:25	0.0	76.4	8.0	73.9	10.0	71.2	11.0	69.4	7.0	64.5	36.0	69.9	5	100.0
12/29/2006 01:30	1.0	76.9	7.0	74.2	6.0	71.9	10.0	71.2	9.0	65.9	33.0	70.7	5	100.0
12/29/2006 01:35	1.0	77.1	9.0	74.3	9.0	71.3	8.0	70.1	9.0	66.1	36.0	70.6	5	100.0
12/29/2006 01:40	1.0	77.2	8.0	74.2	9.0	72.3	7.0	67.9	8.0	65.4	33.0	70.3	5	100.0
12/29/2006 01:45	1.0	77.3	9.0	74.5	9.0	71.6	9.0	68.1	7.0	65.7	35.0	70.4	5	100.0
12/29/2006 01:50	1.0	76.7	8.0	74.7	7.0	71.5	9.0	66.2	7.0	63.7	32.0	69.3	5	100.0
12/29/2006 01:55	3.0	76.8	9.0	74.1	10.0	72.0	11.0	69.3	4.0	63.9	37.0	71.2	5	100.0
12/29/2006 02:00	1.0	76.4	9.0	74.1	9.0	73.1	13.0	67.3	6.0	63.6	38.0	69.9	5	100.0
12/29/2006 02:05	3.0	76.3	6.0	73.9	9.0	73.8	11.0	66.9	5.0	63.8	34.0	70.3	5	100.0
12/29/2006 02:10	2.0	76.1	3.0	74.0	5.0	73.3	5.0	68.3	4.0	64.7	19.0	70.6	5	100.0
12/29/2006 02:15	3.0	76.3	9.0	74.1	7.0	73.3	9.0	68.3	6.0	65.0	34.0	71.0	5	100.0
12/29/2006 02:20	0.0	76.3	1.0	73.9	4.0	73.4	2.0	68.8	1.0	64.6	8.0	71.2	5	100.0
12/29/2006 02:25	1.0	76.7	8.0	73.7	9.0	73.0	9.0	56.3	6.0	65.0	33.0	67.3	5	100.0
12/29/2006 02:30	1.0	76.9	5.0	73.7	7.0	73.3	6.0	62.8	6.0	65.3	25.0	69.1	5	100.0
12/29/2006 02:35	1.0	77.0	3.0	73.9	5.0	72.2	3.0	65.9	5.0	64.7	17.0	69.5	5	100.0
12/29/2006 02:40	1.0	77.0	5.0	74.1	7.0	72.1	7.0	63.6	3.0	65.1	23.0	69.2	5	100.0
12/29/2006 02:45	0.0	77.0	7.0	74.1	5.0	72.7	7.0	66.5	5.0	64.6	24.0	69.6	5	100.0
12/29/2006 02:50	2.0	76.4	3.0	73.9	4.0	72.3	5.0	67.8	6.0	64.6	20.0	69.5	5	100.0
12/29/2006 02:55	1.0	76.7	3.0	73.8	5.0	72.8	4.0	68.5	5.0	65.3	18.0	70.1	5	100.0
12/29/2006 03:00	2.0	76.4	6.0	74.1	4.0	72.5	5.0	70.2	3.0	64.7	20.0	71.6	5	100.0
12/29/2006 03:05	1.0	76.6	5.0	74.2	3.0	72.7	8.0	71.8	6.0	64.8	23.0	70.8	5	100.0
12/29/2006 03:10	1.0	76.7	4.0	74.3	5.0	71.9	4.0	69.6	3.0	64.7	17.0	70.9	5	100.0
12/29/2006 03:15	0.0	76.7	5.0	74.5	3.0	71.6	4.0	68.8	4.0	65.6	16.0	70.3	5	100.0
12/29/2006 03:20	0.0	76.7	3.0	74.3	3.0	72.0	6.0	66.3	3.0	63.8	15.0	68.5	5	100.0
12/29/2006 03:25	0.0	76.7	3.0	73.8	3.0	72.7	6.0	69.0	3.0	63.8	15.0	69.7	5	100.0
12/29/2006 03:30	1.0	76.7	4.0	74.2	4.0	71.2	8.0	68.3	5.0	64.1	22.0	69.3	5	100.0
12/29/2006 03:35	1.0	76.7	4.0	74.3	6.0	71.6	5.0	69.2	5.0	64.2	21.0	70.0	5	100.0
12/29/2006 03:40	0.0	76.7	5.0	74.4	6.0	72.2	5.0	69.7	2.0	64.4	18.0	71.3	5	100.0
12/29/2006 03:45	0.0	76.7	1.0	74.7	4.0	71.6	8.0	68.7	5.0	64.4	18.0	68.5	5	100.0
12/29/2006 03:50	3.0	76.3	4.0	74.5	7.0	72.7	3.0	67.8	4.0	63.3	21.0	71.1	5	100.0
12/29/2006 03:55	0.0	76.3	2.0	74.2	5.0	72.7	6.0	66.6	7.0	61.7	20.0	67.2	5	100.0
12/29/2006 04:00	1.0	76.5	4.0	74.4	3.0	72.2	5.0	67.8	5.0	62.6	18.0	69.0	5	100.0
12/29/2006 04:05	0.0	76.5	4.0	74.3	6.0	72.7	3.0	68.1	4.0	63.9	17.0	70.2	5	100.0
12/29/2006 04:10	0.0	76.5	2.0	74.4	3.0	72.5	3.0	68.6	2.0	64.0	10.0	70.0	5	100.0
12/29/2006 04:15	0.0	76.5	3.0	74.6	3.0	71.9	5.0	69.2	4.0	64.2	15.0	69.5	5	100.0
12/29/2006 04:20	0.0	76.5	6.0	74.4	6.0	72.6	9.0	68.5	4.0	64.5	25.0	70.3	5	100.0
12/29/2006 04:25	1.0	76.6	2.0	74.4	8.0	73.0	5.0	69.1	4.0	65.2	20.0	70.8	5	100.0
12/29/2006 04:30	1.0	76.7	3.0	74.5	5.0	72.5	6.0	65.3	5.0	64.1	20.0	68.8	5	100.0
12/29/2006 04:35	0.0	76.7	5.0	74.4	6.0	71.6	6.0	65.0	7.0	64.2	24.0	68.4	5	100.0
12/29/2006 04:40	0.0	76.7	4.0	74.0	8.0	71.7	8.0	67.5	8.0	64.3	28.0	68.7	5	100.0
12/29/2006 04:45	0.0	76.7	8.0	74.0	7.0	72.8	6.0	68.5	6.0	64.2	27.0	70.3	5	100.0
12/29/2006 04:50	1.0	76.7	5.0	74.4	7.0	73.0	8.0	69.6	9.0	63.7	30.0	69.7	5	100.0
12/29/2006 04:55	0.0	76.7	5.0	74.7	8.0	72.8	8.0	70.0	7.0	64.5	28.0	70.3	5	100.0
12/29/2006 05:00	0.0	76.7	5.0	74.5	6.0	72.7	8.0	70.7	6.0	63.0	25.0	70.1	5	100.0
12/29/2006 05:05	0.0	76.7	9.0	74.6	9.0	71.8	7.0	69.5	6.0	61.5	31.0	70.1	5	100.0
12/29/2006 05:10	0.0	76.7	7.0	74.5	7.0	71.8	7.0	67.3	7.0	62.9	28.0	69.1	5	100.0
12/29/2006 05:15	0.0	76.7	9.0	74.8	9.0	72.0	12.0	72.2	8.0	63.3	38.0	70.9	5	100.0
12/29/2006 05:20	3.0	76.6	12.0	74.3	10.0	69.8	12.0	71.9	11.0	63.9	48.0	70.5	5	100.0
12/29/2006 05:25	2.0	76.5	15.0	74.6	15.0	72.1	14.0	73.3	12.0	60.4	58.0	70.8	5	100.0
12/29/2006 05:30	3.0	76.5	16.0	75.0	16.0	74.8	15.0	74.6	11.0	64.2	61.0	73.0	5	100.0
12/29/2006 05:35	1.0	76.6	10.0	74.6	13.0	72.5	14.0	74.2	10.0	61.6	48.0	71.2	5	100.0
12/29/2006 05:40	1.0	76.3	17.0	73.3	20.0	71.5	17.0	74.5	13.0	63.8	68.0	71.3	5	100.0
12/29/2006 05:45	2.0	76.4	19.0	73.4	21.0	71.3	20.0	77.3	15.0	64.4	77.0	72.2	5	100.0
12/29/2006 05:50	1.0	76.7	16.0	74.1	22.0	73.2	17.0	78.6	17.0	69.1	73.0	73.7	5	100.0
12/29/2006 05:55	3.0	76.4	18.0	74.4	20.0	69.6	19.0	77.0	15.0	68.4	75.0	72.7	5	100.0
12/29/2006 06:00	3.0	76.9	15.0	74.1	17.0	72.3	19.0	72.4	17.0	69.7	71.0	72.3	5	100.0
12/29/2006 06:05	3.0	76.9	23.0	73.9	17.0	71.1	19.0	71.7	13.0	63.3	75.0	71.0	5	100.0
12/29/2006 06:10	2.0	76.9	21.0	76.2	21.0	72.8	22.0	67.8	17.0	59.3	83.0	69.7	5	100.0
12/29/2006 06:15	4.0	76.4	27.0	74.3	18.0	66.6	17.0	68.9	14.0	61.0	80.0	69.2	5	100.0
12/29/2006 06:20	7.0	76.3	27.0	75.1	28.0	75.9	25.0	67.0	21.0	65.4	108.0	71.6	5	100.0
12/29/2006 06:25	6.0	76.5	25.0	74.4	26.0	76.6	27.0	69.1	23.0	63.1	107.0	71.3	5	100.0
12/29/2006 06:30	7.0	76.5	30.0	74.0	24.0	72.6	26.0	64.9	22.0	65.3	109.0	69.9	5	100.0
12/29/2006 06:35	4.0	76.7	28.0	74.6	29.0	71.6	28.0	68.2	26.0	66.1	115.0	70.4	5	100.0
12/29/2006 06:40	6.0	76.3	29.0	74.2	29.0	77.3	24.0	70.1	21.0	67.6	109.0	73.0	5	100.0
12/29/2006 06:45	7.0	75.5	30.0	73.9	25.0	76.5	29.0	78.9	27.0	65.8	118.0	73.9	5	100.0
12/29/2006 06:50	7.0	76.0	30.0	73.7	33.0	76.8	21.0	67.2	23.0	64.3	114.0	71.6	5	100.0
12/29/2006 06:55	8.0	76.3	34.0	73.3	27.0	73.8	31.0	68.5	29.0	64.7	129.0	70.5	5	100.0
12/29/2006 07:00	5.0	76.8	29.0	71.1	31.0	69.9	29.0	63.8	27.0	60.3	121.0	66.9	5	100.0
12/29/2006 07:05	8.0	76.5	26.0	68.7	31.0	72.0	28.0	59.7	25.0	60.2	118.0	66.2	5	100.0
12/29/2006 07:10	6.0	76.8	35.0	68.9	27.0	70.7	26.0	55.5	24.0	64.4	118.0	65.8	5	100.0
12/29/2006 07:15	7.0	77.2	37.0	69.9	33.0	68.7	28.0	56.4	19.0	59.8	124.0	65.4	5	100.0
12/29/2006 07:20	9.0	76.7	39.0	68.5	31.0	68.7	30.0	61.3	24.0	53.1	133.0	64.7	5	100.0
12/29/2006 07:25	7.0	76.5	36.0	66.9	35.0	70.0	27.0	61.0	29.0	58.2	134.0	65.1	5	100.0
12/29/2006 07:30	6.0	76.5	39.0	65.9	37.0	71.0	32.0	59.9	29.0	56.1	143.0	64.3	5	100.0
12/29/2006 07:35	4.0	76.4	38.0	67.4	31.0	64.8	30.0	60.5	30.0	59.4	133.0	63.7	5	100.0
12/29/2006 07:40	9.0	74.9	43.0	65.7	37.0	65.2	38.0	58.9	34.0	59.1	161.0	63.1	5	100.0
12/29/2006 07:45	7.0	75.6	45.0	64.9	34.0	64.2	32.0	57.5	38.0	59.2	156.0	62.3	5	100.0
12/29/2006 07:50	6.0	76.0	34.0	66.5	28.0	60.5	27.0	56.7	26.0	60.5	121.0	62.1	5	100.0
12/29/2006 07:55	8.0	76.6	38.0	67.7	27.0	60.3	29.0	57.6	29.0	62.7	131.0	63.4	5	100.0
12/29/2006 08:00	7.0	76.7	42.0	66.2	32.0	58.6	29.0	53.9	35.0	63.3	145.0	61.9	5	100.0
12/29/2006 08:05	11.0	76.3	45.0	65.1	39.0	56.9	40.0	54.0	42.0	63.4	177.0	61.1	5	100.0
12/29/2006 08:10	7.0	76.2	46.0	66.1	35.0	57.0	33.0	53.3	37.0	61.7	158.0	60.8	5	100.0
12/29/2006 08:15	10.0	75.7	43.0	65.1	37.0	59.0	35.0	53.8	35.0	61.4	160.0	61.1	5	100.0
12/29/2006 08:20	8.0	75.6	45.0	65.3	37.0	59.1	31.0	52.4	38.0	57.9	159.0	60.1	5	100.0
12/29/2006 08:25	8.0	76.2	37.0	64.9	32.0	59.7	35.0	56.2	35.0	60.2	147.0	61.2	5	100.0
12/29/2006 08:30	6.0	76.1	40.0	65.5	35.0	62.4	33.0	53.9	31.0	59.8	145.0	61.3	5	100.0
12/29/2006 08:35	11.0	76.5	41.0	65.1	35.0	58.1	36.0	53.6	41.0	59.3	164.0	60.4	5	100.0
12/29/2006 08:40	11.0	76.7	45.0	64.6	35.0	57.9	35.0	56.8	38.0	60.2	164.0	61.3	5	100.0
12/29/2006 08:45	9.0	76.8	48.0	66.5	37.0	55.4	32.0	55.0	34.0	60.5	160.0	60.9	5	100.0
12/29/2006 08:50	7.0	77.2	40.0	65.9	33.0	63.3	29.0	49.5	37.0	63.3	146.0	61.9	5	100.0
12/29/2006 08:55	11.0	76.8	41.0	65.7	35.0	61.5	34.0	51.9	38.0	63.5	159.0	62.1	5	100.0
12/29/2006 09:00	9.0	76.6	47.0	67.1	38.0	60.3	41.0	56.5	41.0	59.4	176.0	61.9	5	100.0
12/29/2006 09:05	12.0	75.8	46.0	66.0	38.0	62.1	35.0	57.0	35.0	61.7	166.0	63.0	5	100.0
12/29/2006 09:10	8.0	76.7	40.0	66.5	33.0	60.7	36.0	58.1	39.0	63.5	156.0	63.1	5	100.0
12/29/2006 09:15	11.0	76.4	39.0	66.7	39.0	62.7	34.0	55.4	35.0	59.4	158.0	62.3	5	100.0
12/29/2006 09:20	10.0	77.1	46.0	65.1	39.0	60.0	32.0	53.8	40.0	60.9	167.0	61.5	5	100.0
12/29/2006 09:25	12.0	77.2	43.0	66.2	36.0	62.0	31.0	53.1	37.0	59.7	159.0	62.0	5	100.0
12/29/2006 09:30	13.0	76.0	42.0	65.8	39.0	61.3	38.0	56.3	38.0	59.5	170.0	62.0	5	100.0
12/29/2006 09:35	12.0	76.5	48.0	64.1	37.0	60.3	39.0	56.5	35.0	58.7	171.0	61.3	5	100.0
12/29/2006 09:40	19.0	76.9	50.0	64.6	41.0	61.7	45.0	57.9	52.0	59.2	207.0	62.3	5	100.0
12/29/2006 09:45	13.0	76.7	44.0	66.2	37.0	63.3	39.0	58.9	39.0	63.3	172.0	64.1	5	100.0
12/29/2006 09:50	18.0	77.4	46.0	65.9	39.0	63.5	39.0	60.6	41.0	62.1	183.0	64.5	5	100.0
12/29/2006 09:55	25.0	76.4	48.0	64.5	38.0	59.0	42.0	59.8	41.0	61.2	194.0	63.2	5	100.0
12/29/2006 10:00	26.0	76.9	40.0	64.3	38.0	62.9	34.0	60.4	35.0	59.8	173.0	64.2	5	100.0
12/29/2006 10:05	31.0	74.8	49.0	64.0	40.0	57.5	42.0	57.3	43.0	58.4	205.0	61.8	5	100.0
12/29/2006 10:10	30.0	74.3	44.0	63.3	36.0	58.7	42.0	57.6	43.0	58.9	195.0	61.9	5	100.0
12/29/2006 10:15	35.0	75.1	41.0	64.0	39.0	62.2	43.0	55.7	48.0	57.1	206.0	62.2	5	100.0
12/29/2006 10:20	32.0	76.1	45.0	65.5	39.0	60.0	39.0	57.8	42.0	58.6	197.0	63.1	5	100.0
12/29/2006 10:25	30.0	73.3	37.0	63.8	37.0	59.3	39.0	61.3	42.0	60.5	185.0	63.2	5	100.0
12/29/2006 10:30	31.0	74.7	46.0	64.7	43.0	60.1	44.0	59.0	45.0	60.3	209.0	63.1	5	100.0
12/29/2006 10:35	35.0	75.8	49.0	64.5	43.0	59.8	42.0	58.4	46.0	60.9	215.0	63.4	5	100.0
12/29/2006 10:40	33.0	76.4	51.0	64.8	46.0	63.1	43.0	59.3	44.0	61.1	217.0	64.4	5	100.0
12/29/2006 10:45	41.0	76.0	47.0	62.7	41.0	59.9	46.0	56.7	48.0	57.8	223.0	62.3	5	100.0
12/29/2006 10:50	39.0	73.9	51.0	62.4	47.0	61.3	47.0	56.8	50.0	56.3	234.0	61.7	5	100.0
12/29/2006 10:55	39.0	74.7	48.0	63.0	38.0	59.4	41.0	55.5	55.0	57.3	221.0	61.6	5	100.0
12/29/2006 11:00	33.0	74.6	46.0	64.2	34.0	56.4	46.0	58.4	42.0	58.6	201.0	62.1	5	100.0
12/29/2006 11:05	31.0	76.0	47.0	64.2	36.0	57.3	37.0	57.6	51.0	59.8	202.0	62.5	5	100.0
12/29/2006 11:10	48.0	73.0	51.0	63.4	46.0	60.1	43.0	57.4	47.0	61.6	235.0	63.3	5	100.0
12/29/2006 11:15	47.0	72.9	47.0	62.9	41.0	57.9	48.0	58.4	49.0	58.0	232.0	62.1	5	100.0
12/29/2006 11:20	45.0	72.8	52.0	62.3	44.0	58.6	49.0	57.8	53.0	57.9	243.0	61.7	5	100.0
12/29/2006 11:25	37.0	73.7	48.0	62.1	43.0	59.5	47.0	60.2	49.0	59.4	224.0	62.5	5	100.0
12/29/2006 11:30	24.0	74.6	29.0	64.9	26.0	60.4	32.0	59.8	28.0	59.0	139.0	63.4	5	100.0
12/29/2006 11:35	49.0	73.7	52.0	63.0	42.0	60.3	47.0	61.2	52.0	59.9	242.0	63.7	5	100.0
12/29/2006 11:40	53.0	67.6	59.0	58.6	47.0	57.5	44.0	54.9	51.0	55.0	254.0	58.9	5	100.0
12/29/2006 11:45	46.0	70.2	50.0	59.2	47.0	59.9	47.0	57.3	50.0	55.7	240.0	60.3	5	100.0
12/29/2006 11:50	49.0	71.2	50.0	62.8	46.0	59.7	46.0	60.0	48.0	59.4	239.0	62.7	5	100.0
12/29/2006 11:55	44.0	72.5	49.0	63.3	41.0	59.3	46.0	60.6	48.0	57.3	228.0	62.5	5	100.0
12/29/2006 12:00	49.0	62.8	54.0	62.9	41.0	60.9	48.0	58.5	53.0	56.9	245.0	60.4	5	100.0
12/29/2006 12:05	36.0	58.6	46.0	62.7	40.0	62.2	45.0	58.9	49.0	58.5	216.0	60.2	5	100.0
12/29/2006 12:10	46.0	56.0	48.0	63.2	47.0	64.1	47.0	60.2	46.0	59.5	234.0	60.6	5	100.0
12/29/2006 12:15	49.0	54.5	51.0	61.6	47.0	59.2	45.0	60.3	51.0	58.5	243.0	58.8	5	100.0
12/29/2006 12:20	51.0	54.0	52.0	60.1	52.0	57.6	57.0	60.2	51.0	56.6	263.0	57.8	5	100.0
12/29/2006 12:25	45.0	53.4	51.0	61.4	37.0	56.5	43.0	62.5	47.0	57.3	223.0	58.3	5	100.0
12/29/2006 12:30	53.0	51.6	58.0	59.7	49.0	52.7	49.0	56.9	50.0	54.8	259.0	55.2	5	100.0
12/29/2006 12:35	52.0	50.5	52.0	58.9	49.0	54.2	49.0	56.2	50.0	56.4	252.0	55.2	5	100.0
12/29/2006 12:40	57.0	51.2	55.0	60.1	45.0	56.0	49.0	59.9	52.0	57.9	258.0	56.9	5	100.0
12/29/2006 12:45	49.0	51.8	50.0	59.4	51.0	58.3	47.0	56.8	54.0	57.9	251.0	56.9	5	100.0
12/29/2006 12:50	55.0	51.8	53.0	59.8	49.0	60.3	47.0	57.5	54.0	58.8	258.0	57.6	5	100.0
12/29/2006 12:55	60.0	50.2	57.0	59.7	49.0	58.8	48.0	56.0	53.0	58.7	267.0	56.5	5	100.0
12/29/2006 13:00	53.0	43.1	48.0	50.9	41.0	48.8	44.0	51.2	44.0	51.5	230.0	48.9	5	100.0
12/29/2006 13:05	60.0	44.2	57.0	50.9	55.0	50.8	49.0	51.6	54.0	50.2	275.0	49.4	5	100.0
12/29/2006 13:10	58.0	47.3	60.0	55.7	49.0	53.0	46.0	50.2	53.0	55.3	266.0	52.3	5	100.0
12/29/2006 13:15	54.0	49.8	53.0	59.1	48.0	55.7	46.0	53.9	50.0	53.6	251.0	54.4	5	100.0
12/29/2006 13:20	52.0	49.0	52.0	57.0	49.0	56.5	48.0	54.2	52.0	53.1	253.0	53.9	5	100.0
12/29/2006 13:25	47.0	42.4	47.0	50.2	41.0	50.2	43.0	48.7	45.0	49.0	223.0	48.0	5	100.0
12/29/2006 13:30	54.0	41.0	45.0	47.6	41.0	45.8	47.0	49.6	46.0	49.4	233.0	46.5	5	100.0
12/29/2006 13:35	57.0	40.6	53.0	47.6	43.0	45.5	45.0	49.6	47.0	48.8	245.0	46.2	5	100.0
12/29/2006 13:40	51.0	40.9	46.0	47.6	40.0	45.4	42.0	49.3	43.0	48.7	222.0	46.2	5	100.0
12/29/2006 13:45	57.0	40.0	49.0	46.1	43.0	42.2	44.0	49.5	46.0	46.3	239.0	44.6	5	100.0
12/29/2006 13:50	53.0	38.0	51.0	45.5	39.0	41.0	44.0	46.8	45.0	43.3	232.0	42.9	5	100.0
12/29/2006 13:55	58.0	38.0	50.0	45.2	44.0	40.8	44.0	46.4	49.0	43.4	245.0	42.6	5	100.0
12/29/2006 14:00	52.0	38.8	51.0	45.2	38.0	40.2	40.0	45.3	42.0	42.2	223.0	42.3	5	100.0
12/29/2006 14:05	51.0	37.6	51.0	44.1	38.0	37.1	47.0	47.4	45.0	43.9	232.0	42.2	5	100.0
12/29/2006 14:10	51.0	35.7	49.0	41.7	48.0	38.0	42.0	46.4	43.0	43.3	233.0	40.8	5	100.0
12/29/2006 14:15	53.0	35.3	49.0	41.7	41.0	39.3	44.0	45.4	49.0	44.7	236.0	41.2	5	100.0
12/29/2006 14:20	53.0	34.3	49.0	41.1	41.0	38.4	41.0	43.7	45.0	44.6	229.0	40.2	5	100.0
12/29/2006 14:25	57.0	36.0	53.0	42.5	39.0	37.3	47.0	45.7	42.0	48.0	238.0	41.7	5	100.0
12/29/2006 14:30	59.0	37.9	52.0	44.5	42.0	40.0	49.0	49.2	43.0	48.2	245.0	43.7	5	100.0
12/29/2006 14:35	60.0	39.5	56.0	47.8	46.0	43.0	44.0	50.3	49.0	47.4	255.0	45.3	5	100.0
12/29/2006 14:40	56.0	39.4	47.0	48.2	44.0	43.8	50.0	50.7	38.0	48.7	235.0	45.9	5	100.0
12/29/2006 14:45	54.0	40.2	51.0	48.5	43.0	45.9	44.0	51.6	45.0	49.9	237.0	47.0	5	100.0
12/29/2006 14:50	52.0	41.0	51.0	49.0	45.0	48.2	51.0	53.4	43.0	50.6	242.0	48.3	5	100.0
12/29/2006 14:55	53.0	40.2	59.0	47.6	50.0	47.7	49.0	50.2	48.0	50.7	259.0	47.2	5	100.0
12/29/2006 15:00	51.0	39.0	57.0	45.1	49.0	45.8	47.0	51.4	44.0	49.8	248.0	46.0	5	100.0
12/29/2006 15:05	43.0	37.5	57.0	44.1	47.0	43.8	47.0	48.4	45.0	46.7	239.0	44.2	5	100.0
12/29/2006 15:10	48.0	36.1	56.0	40.5	45.0	41.7	45.0	46.4	45.0	43.6	239.0	41.5	5	100.0
12/29/2006 15:15	48.0	34.6	55.0	38.5	47.0	40.9	49.0	45.0	43.0	42.9	242.0	40.3	5	100.0
12/29/2006 15:20	44.0	34.0	58.0	37.9	45.0	39.9	47.0	42.3	52.0	41.7	246.0	39.2	5	100.0
12/29/2006 15:25	44.0	34.5	54.0	39.7	47.0	42.4	47.0	44.1	45.0	44.9	237.0	41.1	5	100.0
12/29/2006 15:30	46.0	34.7	49.0	38.3	42.0	39.6	47.0	44.2	46.0	45.0	230.0	40.4	5	100.0
12/29/2006 15:35	44.0	35.3	53.0	39.0	48.0	40.9	48.0	45.8	45.0	44.4	238.0	41.1	5	100.0
12/29/2006 15:40	46.0	36.5	55.0	40.2	47.0	44.5	53.0	47.3	45.0	44.6	246.0	42.7	5	100.0
12/29/2006 15:45	45.0	36.2	53.0	41.2	48.0	45.5	47.0	49.4	43.0	46.5	236.0	43.7	5	100.0
12/29/2006 15:50	39.0	38.0	53.0	41.9	43.0	42.7	47.0	48.2	45.0	46.9	227.0	43.7	5	100.0
12/29/2006 15:55	44.0	37.2	54.0	41.0	42.0	40.6	53.0	47.7	48.0	45.5	241.0	42.6	5	100.0
12/29/2006 16:00	47.0	37.0	47.0	41.2	39.0	41.0	48.0	46.2	41.0	44.9	222.0	42.0	5	100.0
12/29/2006 16:05	48.0	34.9	51.0	38.5	43.0	37.9	48.0	44.5	47.0	42.2	237.0	39.6	5	100.0
12/29/2006 16:10	44.0	34.8	53.0	38.3	43.0	38.3	45.0	44.1	45.0	43.3	230.0	39.7	5	100.0
12/29/2006 16:15	41.0	35.4	50.0	38.5	41.0	40.5	40.0	44.0	45.0	43.2	217.0	40.3	5	100.0
12/29/2006 16:20	43.0	34.9	51.0	38.0	41.0	39.2	45.0	44.2	46.0	41.4	226.0	39.6	5	100.0
12/29/2006 16:25	41.0	32.1	47.0	34.5	39.0	35.6	41.0	40.0	43.0	38.3	211.0	36.1	5	100.0
12/29/2006 16:30	40.0	30.7	49.0	34.3	42.0	36.9	41.0	39.8	43.0	39.7	215.0	36.3	5	100.0
12/29/2006 16:35	43.0	32.9	51.0	38.9	39.0	37.1	44.0	42.9	43.0	42.8	220.0	39.0	5	100.0
12/29/2006 16:40	41.0	34.6	48.0	42.1	38.0	40.7	37.0	44.5	38.0	43.0	202.0	40.9	5	100.0
12/29/2006 16:45	47.0	33.9	51.0	39.6	45.0	39.7	44.0	44.5	44.0	41.6	231.0	39.8	5	100.0
12/29/2006 16:50	49.0	34.4	54.0	40.2	44.0	42.4	49.0	45.9	44.0	43.0	240.0	41.1	5	100.0
12/29/2006 16:55	49.0	34.7	53.0	39.9	49.0	43.8	47.0	47.2	43.0	43.6	241.0	41.7	5	100.0
12/29/2006 17:00	44.0	33.8	51.0	39.0	45.0	42.4	42.0	43.2	45.0	41.0	227.0	39.8	5	100.0
12/29/2006 17:05	40.0	33.1	55.0	39.4	48.0	42.5	41.0	42.0	44.0	42.1	228.0	39.9	5	100.0
12/29/2006 17:10	45.0	32.6	51.0	39.1	49.0	41.1	45.0	42.4	42.0	42.5	232.0	39.5	5	100.0
12/29/2006 17:15	47.0	31.8	51.0	38.3	46.0	40.9	45.0	42.4	46.0	42.0	235.0	39.0	5	100.0
12/29/2006 17:20	47.0	29.8	52.0	35.4	46.0	37.4	49.0	39.1	47.0	38.1	241.0	36.0	5	100.0
12/29/2006 17:25	45.0	29.8	52.0	33.3	41.0	36.0	47.0	38.8	40.0	34.6	225.0	34.5	5	100.0
12/29/2006 17:30	45.0	28.5	54.0	33.9	42.0	35.1	46.0	38.6	45.0	35.9	232.0	34.4	5	100.0
12/29/2006 17:35	41.0	31.2	53.0	35.8	46.0	36.8	43.0	40.4	43.0	38.8	226.0	36.6	5	100.0
12/29/2006 17:40	40.0	34.8	51.0	40.2	41.0	40.9	43.0	43.0	31.0	44.0	206.0	40.4	5	100.0
12/29/2006 17:45	46.0	36.8	59.0	43.9	49.0	45.1	55.0	47.0	49.0	46.1	258.0	43.9	5	100.0
12/29/2006 17:50	47.0	37.0	49.0	43.8	50.0	47.5	47.0	47.3	38.0	45.8	231.0	44.3	5	100.0
12/29/2006 17:55	45.0	35.3	54.0	40.4	47.0	45.3	44.0	43.8	42.0	43.4	232.0	41.6	5	100.0
12/29/2006 18:00	39.0	32.9	50.0	35.7	43.0	41.7	47.0	41.9	45.0	39.6	224.0	38.4	5	100.0
12/29/2006 18:05	38.0	34.2	47.0	34.9	45.0	39.4	39.0	38.1	43.0	37.1	212.0	36.8	5	100.0
12/29/2006 18:10	38.0	35.7	51.0	34.9	44.0	38.5	37.0	37.5	41.0	39.0	211.0	37.0	5	100.0
12/29/2006 18:15	42.0	37.8	50.0	39.9	45.0	41.7	41.0	43.0	42.0	42.5	220.0	40.9	5	100.0
12/29/2006 18:20	40.0	41.4	55.0	45.0	45.0	48.8	49.0	47.6	43.0	46.0	232.0	45.9	5	100.0
12/29/2006 18:25	28.0	50.5	46.0	53.3	44.0	58.6	45.0	57.7	42.0	51.8	205.0	54.7	5	100.0
12/29/2006 18:30	29.0	52.1	45.0	57.1	44.0	64.5	46.0	62.2	40.0	57.4	204.0	59.2	5	100.0
12/29/2006 18:35	22.0	55.6	43.0	60.6	43.0	69.6	37.0	65.0	40.0	58.1	185.0	62.4	5	100.0
12/29/2006 18:40	24.0	55.0	46.0	62.0	38.0	70.1	44.0	65.6	44.0	60.0	196.0	63.1	5	100.0
12/29/2006 18:45	30.0	55.7	50.0	61.7	40.0	66.2	48.0	65.3	40.0	58.6	208.0	61.9	5	100.0
12/29/2006 18:50	26.0	58.3	45.0	61.9	49.0	69.4	47.0	66.8	39.0	61.2	206.0	64.2	5	100.0
12/29/2006 18:55	28.0	58.3	44.0	63.7	39.0	70.1	43.0	66.4	39.0	62.5	193.0	64.6	5	100.0
12/29/2006 19:00	29.0	66.0	43.0	61.9	43.0	69.1	43.0	65.9	43.0	61.0	201.0	64.7	5	100.0
12/29/2006 19:05	32.0	71.0	39.0	63.7	41.0	68.7	38.0	63.3	35.0	60.1	185.0	65.3	5	100.0
12/29/2006 19:10	30.0	75.4	37.0	64.0	38.0	70.3	37.0	65.2	40.0	60.7	182.0	66.7	5	100.0
12/29/2006 19:15	40.0	77.2	46.0	63.9	43.0	69.3	40.0	68.0	39.0	64.4	208.0	68.5	5	100.0
12/29/2006 19:20	30.0	76.6	36.0	65.5	37.0	72.0	37.0	69.5	35.0	66.5	175.0	69.8	5	100.0
12/29/2006 19:25	37.0	79.1	36.0	65.4	35.0	69.3	41.0	66.2	37.0	63.9	186.0	68.7	5	100.0
12/29/2006 19:30	33.0	78.1	42.0	66.2	37.0	71.6	38.0	66.7	37.0	65.0	187.0	69.2	5	100.0
12/29/2006 19:35	36.0	78.2	43.0	64.7	40.0	72.1	39.0	66.8	37.0	64.8	195.0	69.1	5	100.0
12/29/2006 19:40	33.0	78.3	37.0	63.4	37.0	70.4	43.0	69.9	33.0	63.3	183.0	69.0	5	100.0
12/29/2006 19:45	39.0	76.9	40.0	64.0	35.0	70.6	37.0	66.0	35.0	62.6	186.0	68.1	5	100.0
12/29/2006 19:50	39.0	79.8	38.0	64.6	45.0	73.4	46.0	67.9	42.0	63.7	210.0	69.9	5	100.0
12/29/2006 19:55	37.0	80.2	41.0	65.8	34.0	72.4	39.0	68.5	41.0	62.3	192.0	69.5	5	100.0
12/29/2006 20:00	31.0	77.8	38.0	67.4	39.0	73.7	39.0	69.2	35.0	62.4	182.0	69.9	5	100.0
12/29/2006 20:05	31.0	76.0	38.0	65.6	39.0	72.6	39.0	67.0	36.0	65.3	183.0	69.1	5	100.0
12/29/2006 20:10	32.0	76.8	37.0	65.1	37.0	74.1	34.0	66.5	35.0	63.2	175.0	69.0	5	100.0
12/29/2006 20:15	32.0	76.6	38.0	67.0	37.0	74.0	39.0	63.2	31.0	64.9	177.0	69.0	5	100.0
12/29/2006 20:20	34.0	78.1	42.0	65.5	39.0	72.0	44.0	67.8	40.0	63.3	199.0	69.0	5	100.0
12/29/2006 20:25	33.0	78.4	33.0	65.9	34.0	71.2	37.0	71.6	29.0	64.1	166.0	70.4	5	100.0
12/29/2006 20:30	24.0	78.7	37.0	66.0	32.0	72.7	36.0	72.3	36.0	65.0	165.0	70.3	5	100.0
12/29/2006 20:35	34.0	77.5	38.0	66.5	35.0	72.1	37.0	71.6	31.0	62.9	175.0	70.2	5	100.0
12/29/2006 20:40	26.0	76.2	38.0	66.3	34.0	68.2	41.0	71.3	36.0	64.0	175.0	68.8	5	100.0
12/29/2006 20:45	17.0	76.5	23.0	68.2	21.0	72.3	19.0	68.8	23.0	66.6	103.0	70.2	5	100.0
12/29/2006 20:50	28.0	78.7	29.0	66.3	26.0	70.7	29.0	71.3	25.0	66.9	137.0	70.8	5	100.0
12/29/2006 20:55	29.0	76.5	37.0	65.4	35.0	72.1	33.0	70.6	29.0	64.6	163.0	69.7	5	100.0
12/29/2006 21:00	23.0	76.4	32.0	69.9	29.0	70.6	27.0	69.3	31.0	64.7	142.0	69.8	5	100.0
12/29/2006 21:05	29.0	77.3	39.0	72.2	35.0	71.1	32.0	71.5	34.0	64.5	169.0	71.2	5	100.0
12/29/2006 21:10	13.0	77.3	22.0	72.7	20.0	70.9	19.0	72.7	16.0	65.1	90.0	71.6	5	100.0
12/29/2006 21:15	27.0	76.0	33.0	74.2	33.0	71.0	35.0	74.1	29.0	63.3	157.0	71.8	5	100.0
12/29/2006 21:20	27.0	79.0	35.0	73.9	32.0	72.9	35.0	72.5	29.0	65.9	158.0	72.8	5	100.0
12/29/2006 21:25	24.0	79.3	33.0	76.5	35.0	73.6	35.0	72.2	30.0	65.2	157.0	73.2	5	100.0
12/29/2006 21:30	28.0	80.6	33.0	76.6	35.0	73.5	34.0	71.0	30.0	64.4	160.0	73.1	5	100.0
12/29/2006 21:35	27.0	78.8	33.0	74.5	31.0	73.0	30.0	71.1	31.0	65.0	152.0	72.3	5	100.0
12/29/2006 21:40	23.0	78.6	33.0	76.2	31.0	74.4	26.0	71.4	33.0	67.0	146.0	73.3	5	100.0
12/29/2006 21:45	27.0	79.7	37.0	74.9	31.0	74.0	34.0	72.4	31.0	66.3	160.0	73.3	5	100.0
12/29/2006 21:50	22.0	78.6	33.0	77.5	31.0	73.8	34.0	74.8	29.0	64.3	149.0	73.7	5	100.0
12/29/2006 21:55	21.0	78.0	31.0	77.7	32.0	72.3	31.0	70.5	29.0	67.0	144.0	72.8	5	100.0
12/29/2006 22:00	24.0	75.5	35.0	75.4	31.0	70.2	30.0	70.4	30.0	65.7	150.0	71.4	5	100.0
12/29/2006 22:05	25.0	76.5	36.0	75.8	33.0	70.9	36.0	74.5	30.0	64.6	160.0	72.5	5	100.0
12/29/2006 22:10	35.0	74.2	35.0	75.0	34.0	72.8	32.0	75.1	33.0	67.2	169.0	72.9	5	100.0
12/29/2006 22:15	33.0	74.8	41.0	73.7	39.0	73.2	37.0	74.1	31.0	66.0	181.0	72.6	5	100.0
12/29/2006 22:20	33.0	75.1	36.0	73.4	37.0	72.0	35.0	72.5	31.0	69.0	172.0	72.4	5	100.0
12/29/2006 22:25	36.0	73.6	39.0	73.7	35.0	73.9	36.0	72.5	29.0	65.2	175.0	72.1	5	100.0
12/29/2006 22:30	29.0	74.2	35.0	71.5	38.0	72.0	36.0	70.6	28.0	66.7	166.0	71.1	5	100.0
12/29/2006 22:35	37.0	74.0	41.0	71.0	37.0	69.4	30.0	69.9	27.0	65.9	172.0	70.3	5	100.0
12/29/2006 22:40	34.0	73.0	41.0	70.8	37.0	73.2	35.0	66.2	38.0	67.1	185.0	70.1	5	100.0
12/29/2006 22:45	28.0	73.5	37.0	71.5	35.0	70.7	34.0	67.4	28.0	64.6	162.0	69.6	5	100.0
12/29/2006 22:50	25.0	73.7	29.0	72.9	31.0	72.4	31.0	69.0	24.0	62.8	140.0	70.3	5	100.0
12/29/2006 22:55	25.0	73.8	37.0	74.6	28.0	67.5	29.0	69.4	26.0	65.2	145.0	70.4	5	100.0
12/29/2006 23:00	22.0	74.2	29.0	75.3	29.0	71.7	26.0	70.5	17.0	64.6	123.0	71.8	5	100.0
12/29/2006 23:05	17.0	75.3	31.0	77.1	27.0	76.5	19.0	64.1	24.0	66.9	118.0	72.5	5	100.0
12/29/2006 23:10	17.0	76.7	29.0	78.7	27.0	72.7	25.0	66.5	23.0	64.9	121.0	71.9	5	100.0
12/29/2006 23:15	16.0	77.3	21.0	76.1	24.0	74.9	25.0	73.2	17.0	64.3	103.0	73.4	5	100.0
12/29/2006 23:20	23.0	78.1	31.0	76.9	29.0	71.8	25.0	69.0	22.0	65.9	130.0	72.6	5	100.0
12/29/2006 23:25	15.0	78.0	27.0	76.2	19.0	70.4	22.0	68.3	21.0	63.5	104.0	71.2	5	100.0
12/29/2006 23:30	16.0	77.7	22.0	75.9	27.0	75.8	27.0	69.0	15.0	63.8	107.0	72.7	5	100.0
12/29/2006 23:35	19.0	77.7	28.0	75.7	29.0	71.7	27.0	65.6	19.0	65.0	122.0	71.2	5	100.0
12/29/2006 23:40	12.0	77.2	21.0	76.1	21.0	71.8	22.0	60.3	16.0	64.2	92.0	69.4	5	100.0
12/29/2006 23:45	14.0	77.5	21.0	75.4	23.0	73.2	22.0	66.7	23.0	66.0	103.0	71.2	5	100.0
12/29/2006 23:50	14.0	78.0	21.0	76.5	19.0	72.8	21.0	69.7	15.0	63.6	90.0	72.2	5	100.0
12/29/2006 23:55	13.0	78.2	23.0	76.1	20.0	73.2	20.0	69.9	13.0	65.4	89.0	72.8	5	100.0
12/30/2006 00:00	13.0	76.5	23.0	74.0	19.0	72.0	19.0	69.2	16.0	64.5	90.0	71.2	5	100.0
12/30/2006 00:05	11.0	76.6	22.0	74.3	23.0	73.5	20.0	70.7	18.0	66.1	94.0	72.0	5	100.0
12/30/2006 00:10	13.0	76.7	21.0	74.7	21.0	70.0	19.0	72.3	19.0	68.1	93.0	72.1	5	100.0
12/30/2006 00:15	10.0	76.8	18.0	73.4	21.0	70.1	19.0	72.5	20.0	68.8	88.0	71.8	5	100.0
12/30/2006 00:20	9.0	76.6	18.0	73.7	17.0	71.1	15.0	68.7	17.0	67.3	76.0	71.0	5	100.0
12/30/2006 00:25	8.0	76.8	19.0	74.3	22.0	71.9	19.0	70.3	20.0	68.5	88.0	71.7	5	100.0
12/30/2006 00:30	8.0	77.1	13.0	73.7	15.0	71.0	16.0	71.1	15.0	66.8	67.0	71.3	5	100.0
12/30/2006 00:35	9.0	77.0	18.0	73.8	17.0	71.0	16.0	69.7	13.0	63.7	73.0	70.8	5	100.0
12/30/2006 00:40	8.0	77.0	13.0	73.1	15.0	72.2	13.0	68.5	15.0	62.2	64.0	69.9	5	100.0
12/30/2006 00:45	5.0	76.6	14.0	73.0	19.0	71.3	13.0	70.1	13.0	62.6	64.0	70.1	5	100.0
12/30/2006 00:50	9.0	76.5	17.0	74.3	15.0	72.3	15.0	67.5	15.0	64.2	71.0	70.6	5	100.0
12/30/2006 00:55	8.0	76.3	11.0	73.8	15.0	72.4	15.0	71.0	15.0	64.3	64.0	70.9	5	100.0
12/30/2006 01:00	5.0	76.5	16.0	73.1	14.0	71.9	15.0	70.3	11.0	63.0	61.0	70.6	5	100.0
12/30/2006 01:05	5.0	76.7	14.0	74.4	15.0	71.2	14.0	70.5	11.0	61.9	59.0	70.5	5	100.0
12/30/2006 01:10	6.0	76.4	13.0	73.7	14.0	71.3	16.0	70.3	12.0	62.1	61.0	70.2	5	100.0
12/30/2006 01:15	3.0	76.4	12.0	73.5	10.0	71.6	11.0	71.8	9.0	63.7	45.0	70.9	5	100.0
12/30/2006 01:20	6.0	76.6	13.0	74.1	12.0	71.1	11.0	70.4	9.0	62.8	51.0	70.9	5	100.0
12/30/2006 01:25	4.0	76.7	13.0	74.4	11.0	72.3	13.0	70.0	13.0	63.7	54.0	70.5	5	100.0
12/30/2006 01:30	2.0	76.7	6.0	74.4	11.0	72.0	11.0	70.3	15.0	61.6	45.0	68.6	5	100.0
12/30/2006 01:35	4.0	76.7	13.0	73.7	13.0	72.9	14.0	69.3	12.0	62.6	56.0	70.3	5	100.0
12/30/2006 01:40	3.0	76.6	11.0	73.0	15.0	73.3	13.0	68.7	9.0	61.9	51.0	70.2	5	100.0
12/30/2006 01:45	6.0	76.6	11.0	73.6	11.0	72.5	13.0	68.8	11.0	63.5	52.0	70.4	5	100.0
12/30/2006 01:50	3.0	76.6	13.0	74.1	13.0	71.6	14.0	70.1	11.0	64.2	54.0	70.6	5	100.0
12/30/2006 01:55	5.0	76.8	11.0	73.8	10.0	72.0	13.0	70.5	10.0	64.2	49.0	70.9	5	100.0
12/30/2006 02:00	3.0	76.9	7.0	73.9	8.0	72.5	11.0	70.9	10.0	62.9	39.0	70.2	5	100.0
12/30/2006 02:05	1.0	77.1	6.0	73.9	6.0	72.7	7.0	70.8	6.0	63.3	26.0	70.5	5	100.0
12/30/2006 02:10	3.0	77.0	8.0	74.4	11.0	73.0	11.0	68.4	11.0	65.3	44.0	70.5	5	100.0
12/30/2006 02:15	6.0	76.9	12.0	73.9	14.0	73.1	12.0	69.8	15.0	63.9	59.0	70.6	5	100.0
12/30/2006 02:20	5.0	76.3	11.0	74.0	10.0	72.3	13.0	69.3	8.0	63.7	47.0	70.8	5	100.0
12/30/2006 02:25	6.0	76.3	15.0	73.2	10.0	72.7	11.0	69.2	10.0	64.8	52.0	71.0	5	100.0
12/30/2006 02:30	6.0	76.3	11.0	73.7	13.0	72.8	11.0	69.7	12.0	65.0	53.0	71.0	5	100.0
12/30/2006 02:35	4.0	76.1	10.0	74.0	11.0	72.1	12.0	69.5	12.0	65.2	49.0	70.5	5	100.0
12/30/2006 02:40	3.0	76.4	14.0	74.1	9.0	71.8	9.0	67.4	9.0	64.4	44.0	70.4	5	100.0
12/30/2006 02:45	4.0	76.5	11.0	74.2	9.0	72.0	10.0	67.4	7.0	64.4	41.0	70.6	5	100.0
12/30/2006 02:50	2.0	76.5	7.0	73.8	7.0	72.2	10.0	69.1	8.0	64.2	34.0	70.0	5	100.0
12/30/2006 02:55	1.0	76.0	3.0	74.0	7.0	72.5	7.0	69.5	5.0	64.2	23.0	70.1	5	100.0
12/30/2006 03:00	3.0	76.4	7.0	74.1	7.0	72.9	9.0	70.5	5.0	63.7	31.0	71.3	5	100.0
12/30/2006 03:05	1.0	76.3	8.0	74.1	7.0	72.3	9.0	69.9	7.0	63.5	32.0	70.3	5	100.0
12/30/2006 03:10	1.0	76.2	7.0	73.9	8.0	72.8	10.0	70.4	6.0	63.6	32.0	70.7	5	100.0
12/30/2006 03:15	2.0	76.0	4.0	73.9	7.0	72.0	9.0	71.3	6.0	63.8	28.0	70.6	5	100.0
12/30/2006 03:20	1.0	76.1	5.0	74.1	7.0	71.9	7.0	70.6	5.0	64.4	25.0	70.6	5	100.0
12/30/2006 03:25	1.0	76.6	6.0	73.8	9.0	72.0	7.0	69.0	4.0	64.4	27.0	70.7	5	100.0
12/30/2006 03:30	0.0	76.6	4.0	73.9	7.0	72.1	6.0	68.7	5.0	64.8	22.0	69.8	5	100.0
12/30/2006 03:35	1.0	76.9	6.0	73.7	9.0	72.9	8.0	68.1	5.0	64.4	29.0	70.4	5	100.0
12/30/2006 03:40	1.0	76.2	5.0	73.8	8.0	73.1	8.0	68.0	6.0	64.0	28.0	69.9	5	100.0
12/30/2006 03:45	0.0	76.2	4.0	74.3	4.0	72.5	4.0	68.3	4.0	64.2	16.0	69.8	5	100.0
12/30/2006 03:50	1.0	76.2	3.0	74.5	7.0	72.5	9.0	66.7	4.0	64.0	24.0	69.3	5	100.0
12/30/2006 03:55	1.0	76.2	4.0	74.1	5.0	72.5	7.0	67.2	4.0	63.4	21.0	69.5	5	100.0
12/30/2006 04:00	1.0	76.7	5.0	74.2	5.0	72.0	5.0	67.9	2.0	64.1	18.0	70.9	5	100.0
12/30/2006 04:05	0.0	76.7	3.0	73.9	6.0	72.6	6.0	66.4	5.0	64.9	20.0	69.0	5	100.0
12/30/2006 04:10	0.0	76.7	3.0	74.2	5.0	72.9	5.0	67.9	2.0	64.7	15.0	70.4	5	100.0
12/30/2006 04:15	1.0	76.4	6.0	74.2	7.0	70.5	5.0	67.8	5.0	65.2	24.0	70.0	5	100.0
12/30/2006 04:20	0.0	76.4	2.0	74.2	5.0	71.5	6.0	67.2	5.0	65.1	18.0	68.6	5	100.0
12/30/2006 04:25	0.0	76.4	3.0	73.9	3.0	72.0	4.0	67.6	2.0	64.9	12.0	69.8	5	100.0
12/30/2006 04:30	1.0	76.2	3.0	73.7	5.0	72.2	4.0	67.9	5.0	64.4	18.0	69.6	5	100.0
12/30/2006 04:35	1.0	76.7	3.0	74.1	5.0	71.8	6.0	68.3	3.0	64.1	18.0	70.0	5	100.0
12/30/2006 04:40	1.0	76.8	6.0	74.4	7.0	72.1	6.0	68.3	4.0	65.1	24.0	70.8	5	100.0
12/30/2006 04:45	1.0	77.0	7.0	74.4	9.0	71.1	8.0	68.3	2.0	64.6	27.0	70.9	5	100.0
12/30/2006 04:50	2.0	76.8	4.0	74.2	3.0	71.7	4.0	67.9	3.0	64.4	16.0	70.6	5	100.0
12/30/2006 04:55	0.0	76.8	4.0	74.1	6.0	71.8	5.0	69.1	5.0	65.0	20.0	69.9	5	100.0
12/30/2006 05:00	0.0	76.8	5.0	74.2	7.0	72.6	7.0	69.7	3.0	64.9	22.0	71.0	5	100.0
12/30/2006 05:05	0.0	76.8	5.0	74.4	5.0	72.4	6.0	68.6	4.0	64.4	20.0	70.2	5	100.0
12/30/2006 05:10	1.0	76.5	5.0	74.5	7.0	73.1	7.0	69.1	5.0	63.4	25.0	70.5	5	100.0
12/30/2006 05:15	1.0	76.3	6.0	74.3	7.0	72.1	6.0	69.0	5.0	64.2	25.0	70.5	5	100.0
12/30/2006 05:20	3.0	76.3	8.0	74.3	9.0	71.9	10.0	70.0	6.0	63.5	36.0	70.9	5	100.0
12/30/2006 05:25	5.0	76.6	5.0	73.8	11.0	71.5	9.0	69.9	6.0	63.6	36.0	70.8	5	100.0
12/30/2006 05:30	1.0	76.9	7.0	73.9	7.0	72.3	9.0	70.3	6.0	64.4	30.0	70.6	5	100.0
12/30/2006 05:35	3.0	76.8	11.0	74.1	8.0	71.6	12.0	72.1	5.0	64.4	39.0	71.9	5	100.0
12/30/2006 05:40	2.0	76.6	6.0	73.6	8.0	71.8	9.0	71.5	6.0	64.0	31.0	70.9	5	100.0
12/30/2006 05:45	3.0	76.3	9.0	73.0	11.0	71.3	7.0	70.3	6.0	64.4	36.0	70.8	5	100.0
12/30/2006 05:50	4.0	76.6	9.0	73.8	9.0	71.9	11.0	69.2	5.0	64.4	38.0	71.1	5	100.0
12/30/2006 05:55	5.0	76.7	11.0	73.9	7.0	71.5	9.0	67.6	7.0	63.9	39.0	70.6	5	100.0
12/30/2006 06:00	4.0	76.8	10.0	73.7	7.0	71.0	11.0	69.2	7.0	63.6	39.0	70.5	5	100.0
12/30/2006 06:05	3.0	76.4	8.0	74.0	13.0	71.2	8.0	68.8	11.0	63.8	43.0	69.7	5	100.0
12/30/2006 06:10	2.0	76.4	12.0	74.4	8.0	71.3	10.0	69.4	10.0	63.6	42.0	70.1	5	100.0
12/30/2006 06:15	3.0	76.6	10.0	74.7	10.0	71.9	9.0	70.1	6.0	64.1	38.0	71.3	5	100.0
12/30/2006 06:20	3.0	76.3	18.0	74.4	14.0	70.9	10.0	68.7	9.0	63.0	54.0	70.6	5	100.0
12/30/2006 06:25	5.0	76.3	15.0	74.1	11.0	70.2	9.0	69.0	8.0	63.4	48.0	70.7	5	100.0
12/30/2006 06:30	5.0	76.2	16.0	74.8	16.0	72.1	13.0	69.9	11.0	64.5	61.0	71.3	5	100.0
12/30/2006 06:35	2.0	76.3	12.0	74.8	14.0	72.6	15.0	69.4	9.0	64.1	52.0	70.9	5	100.0
12/30/2006 06:40	6.0	76.3	15.0	74.2	13.0	72.7	13.0	70.9	9.0	62.6	56.0	71.4	5	100.0
12/30/2006 06:45	5.0	76.2	12.0	74.4	15.0	73.5	15.0	70.1	9.0	62.2	56.0	71.2	5	100.0
12/30/2006 06:50	9.0	75.9	17.0	74.3	18.0	72.1	19.0	72.0	11.0	59.8	74.0	71.2	5	100.0
12/30/2006 06:55	8.0	76.1	19.0	76.0	17.0	72.4	15.0	71.1	13.0	62.0	72.0	71.6	5	100.0
12/30/2006 07:00	7.0	75.9	16.0	74.7	15.0	70.2	16.0	69.7	14.0	64.1	68.0	70.5	5	100.0
12/30/2006 07:05	9.0	76.0	15.0	74.1	17.0	70.1	14.0	66.5	11.0	65.5	66.0	70.3	5	100.0
12/30/2006 07:10	6.0	76.4	16.0	74.2	21.0	72.7	15.0	68.6	13.0	65.6	71.0	71.2	5	100.0
12/30/2006 07:15	4.0	76.6	9.0	74.3	9.0	72.3	9.0	69.1	3.0	64.5	34.0	71.8	5	100.0
12/30/2006 07:20	6.0	76.5	22.0	74.8	25.0	72.7	22.0	70.5	10.0	64.5	85.0	72.0	5	100.0
12/30/2006 07:25	9.0	76.1	20.0	74.8	19.0	72.4	21.0	71.7	11.0	64.5	80.0	72.1	5	100.0
12/30/2006 07:30	12.0	75.6	21.0	73.8	20.0	70.7	19.0	71.9	15.0	62.6	87.0	71.0	5	100.0
12/30/2006 07:35	8.0	76.0	23.0	75.3	21.0	73.6	18.0	71.3	15.0	64.2	85.0	72.1	5	100.0
12/30/2006 07:40	9.0	76.1	21.0	74.7	26.0	73.6	21.0	71.0	19.0	64.9	96.0	71.8	5	100.0
12/30/2006 07:45	9.0	75.9	23.0	72.9	19.0	72.4	19.0	66.2	19.0	62.7	89.0	69.5	5	100.0
12/30/2006 07:50	17.0	75.3	25.0	73.1	22.0	74.1	22.0	69.3	20.0	60.7	106.0	70.5	5	100.0
12/30/2006 07:55	14.0	75.5	22.0	72.3	25.0	73.0	23.0	69.4	24.0	62.5	108.0	70.1	5	100.0
12/30/2006 08:00	8.0	76.2	21.0	72.2	21.0	73.8	18.0	70.1	17.0	63.5	85.0	70.8	5	100.0
12/30/2006 08:05	15.0	76.5	25.0	73.1	24.0	74.6	21.0	65.6	18.0	61.1	103.0	70.3	5	100.0
12/30/2006 08:10	13.0	74.6	25.0	74.2	24.0	77.2	24.0	69.3	18.0	62.4	104.0	71.8	5	100.0
12/30/2006 08:15	17.0	75.2	29.0	73.9	27.0	71.6	26.0	67.3	19.0	64.2	118.0	70.5	5	100.0
12/30/2006 08:20	17.0	76.7	23.0	72.9	22.0	73.3	23.0	69.5	18.0	64.5	103.0	71.4	5	100.0
12/30/2006 08:25	19.0	76.3	30.0	72.7	30.0	74.2	26.0	71.8	19.0	65.8	124.0	72.4	5	100.0
12/30/2006 08:30	13.0	77.2	22.0	73.5	20.0	73.2	25.0	68.8	23.0	66.2	103.0	71.1	5	100.0
12/30/2006 08:35	16.0	77.0	24.0	74.4	25.0	75.0	26.0	68.5	24.0	64.5	115.0	71.5	5	100.0
12/30/2006 08:40	18.0	75.3	31.0	73.3	30.0	73.0	28.0	69.2	23.0	64.0	130.0	71.0	5	100.0
12/30/2006 08:45	15.0	76.4	32.0	73.9	23.0	72.9	29.0	68.8	27.0	65.9	126.0	71.1	5	100.0
12/30/2006 08:50	25.0	76.4	29.0	73.2	30.0	73.5	33.0	69.1	29.0	64.0	146.0	71.1	5	100.0
12/30/2006 08:55	19.0	74.3	31.0	73.3	31.0	70.4	28.0	71.1	35.0	65.5	144.0	70.5	5	100.0
12/30/2006 09:00	18.0	75.9	30.0	74.2	26.0	70.6	28.0	69.2	26.0	63.6	128.0	70.5	5	100.0
12/30/2006 09:05	19.0	76.4	29.0	76.2	27.0	73.5	25.0	69.6	21.0	60.4	121.0	71.5	5	100.0
12/30/2006 09:10	20.0	77.5	26.0	76.9	25.0	70.1	29.0	69.3	29.0	63.1	129.0	70.9	5	100.0
12/30/2006 09:15	23.0	77.7	32.0	77.2	33.0	72.0	37.0	71.0	25.0	61.7	150.0	72.0	5	100.0
12/30/2006 09:20	23.0	77.3	34.0	75.9	31.0	72.2	30.0	67.5	31.0	63.4	149.0	71.1	5	100.0
12/30/2006 09:25	21.0	76.1	31.0	75.6	31.0	67.2	34.0	69.4	31.0	63.2	148.0	69.9	5	100.0
12/30/2006 09:30	27.0	74.7	38.0	75.8	40.0	70.5	36.0	69.0	40.0	62.7	181.0	70.2	5	100.0
12/30/2006 09:35	25.0	76.2	33.0	73.9	31.0	71.6	37.0	70.8	30.0	63.6	156.0	71.1	5	100.0
12/30/2006 09:40	27.0	75.1	35.0	74.5	33.0	69.4	38.0	68.1	32.0	64.3	165.0	70.1	5	100.0
12/30/2006 09:45	25.0	76.4	37.0	75.3	36.0	69.9	34.0	65.5	39.0	63.3	171.0	69.6	5	100.0
12/30/2006 09:50	28.0	73.9	39.0	74.6	40.0	69.1	38.0	67.4	38.0	61.4	183.0	69.1	5	100.0
12/30/2006 09:55	31.0	74.2	45.0	75.0	42.0	70.0	39.0	64.5	39.0	59.6	196.0	68.6	5	100.0
12/30/2006 10:00	32.0	76.9	40.0	70.7	36.0	70.2	38.0	67.3	36.0	61.6	182.0	69.2	5	100.0
12/30/2006 10:05	33.0	76.9	40.0	68.1	44.0	69.8	41.0	65.2	45.0	61.4	203.0	67.8	5	100.0
12/30/2006 10:10	28.0	77.3	33.0	65.7	39.0	68.6	39.0	69.0	35.0	62.8	174.0	68.4	5	100.0
12/30/2006 10:15	31.0	77.4	42.0	66.2	41.0	71.2	34.0	64.9	35.0	61.0	183.0	68.0	5	100.0
12/30/2006 10:20	27.0	77.7	39.0	66.4	39.0	71.3	45.0	65.9	36.0	59.9	186.0	67.7	5	100.0
12/30/2006 10:25	29.0	77.0	37.0	65.2	41.0	69.5	41.0	66.3	41.0	60.1	189.0	67.1	5	100.0
12/30/2006 10:30	37.0	76.3	41.0	63.8	40.0	69.3	39.0	65.6	36.0	59.4	193.0	66.9	5	100.0
12/30/2006 10:35	34.0	74.5	48.0	63.5	43.0	68.3	45.0	67.6	47.0	59.8	217.0	66.2	5	100.0
12/30/2006 10:40	37.0	72.1	45.0	62.3	41.0	68.8	49.0	67.0	41.0	60.3	213.0	65.9	5	100.0
12/30/2006 10:45	35.0	72.0	47.0	62.8	37.0	67.1	35.0	66.2	41.0	58.9	195.0	65.1	5	100.0
12/30/2006 10:50	41.0	74.6	47.0	64.0	43.0	69.0	44.0	64.6	49.0	58.8	224.0	65.9	5	100.0
12/30/2006 10:55	39.0	76.0	44.0	63.6	43.0	69.2	43.0	65.4	47.0	60.1	216.0	66.6	5	100.0
12/30/2006 11:00	43.0	68.6	43.0	62.7	45.0	68.8	47.0	65.4	44.0	60.3	222.0	65.2	5	100.0
12/30/2006 11:05	51.0	63.5	54.0	61.9	49.0	65.1	44.0	64.5	45.0	58.2	243.0	62.7	5	100.0
12/30/2006 11:10	41.0	60.2	49.0	61.9	45.0	66.7	47.0	61.1	51.0	56.9	233.0	61.3	5	100.0
12/30/2006 11:15	43.0	58.9	49.0	61.1	47.0	63.5	44.0	60.4	46.0	57.9	229.0	60.4	5	100.0
12/30/2006 11:20	41.0	60.1	50.0	61.9	45.0	63.6	49.0	62.3	52.0	58.0	237.0	61.1	5	100.0
12/30/2006 11:25	43.0	59.9	49.0	62.2	49.0	65.0	49.0	62.1	53.0	57.9	243.0	61.4	5	100.0
12/30/2006 11:30	42.0	61.2	46.0	62.2	46.0	67.2	47.0	63.7	47.0	58.0	228.0	62.5	5	100.0
12/30/2006 11:35	28.0	63.2	28.0	62.1	28.0	67.4	28.0	63.2	34.0	57.4	146.0	62.4	5	100.0
12/30/2006 11:40	42.0	60.1	46.0	60.2	41.0	62.0	49.0	62.4	53.0	56.8	231.0	60.2	5	100.0
12/30/2006 11:45	43.0	59.2	47.0	60.7	43.0	60.9	45.0	63.4	51.0	56.9	229.0	60.1	5	100.0
12/30/2006 11:50	44.0	59.5	43.0	60.9	45.0	63.7	49.0	64.1	46.0	57.7	227.0	61.2	5	100.0
12/30/2006 11:55	45.0	59.6	46.0	61.1	45.0	64.7	49.0	63.8	49.0	56.8	234.0	61.2	5	100.0
12/30/2006 12:00	47.0	60.3	51.0	61.3	51.0	64.3	49.0	63.2	51.0	56.5	249.0	61.1	5	100.0
12/30/2006 12:05	37.0	60.2	47.0	62.6	51.0	68.0	47.0	64.3	48.0	59.0	230.0	63.0	5	100.0
12/30/2006 12:10	45.0	59.0	54.0	61.5	46.0	64.9	49.0	64.5	49.0	56.7	243.0	61.3	5	100.0
12/30/2006 12:15	45.0	58.1	53.0	60.4	53.0	65.6	53.0	62.3	47.0	54.2	251.0	60.3	5	100.0
12/30/2006 12:20	43.0	58.2	48.0	60.8	49.0	66.6	47.0	62.4	45.0	56.9	232.0	61.1	5	100.0
12/30/2006 12:25	39.0	56.9	46.0	59.2	47.0	65.1	48.0	58.4	45.0	53.2	225.0	58.7	5	100.0
12/30/2006 12:30	41.0	57.3	54.0	60.4	47.0	66.2	49.0	60.2	52.0	55.0	243.0	59.8	5	100.0
12/30/2006 12:35	43.0	58.2	49.0	61.2	45.0	65.0	43.0	60.3	48.0	55.8	228.0	60.1	5	100.0
12/30/2006 12:40	49.0	57.7	50.0	61.0	48.0	64.1	51.0	61.9	51.0	56.4	249.0	60.2	5	100.0
12/30/2006 12:45	37.0	58.5	47.0	59.9	45.0	63.9	46.0	61.9	43.0	53.9	218.0	59.7	5	100.0
12/30/2006 12:50	44.0	59.1	53.0	60.2	48.0	64.8	45.0	60.7	51.0	52.7	241.0	59.4	5	100.0
12/30/2006 12:55	47.0	59.0	49.0	60.5	45.0	64.9	48.0	61.3	52.0	54.5	241.0	59.9	5	100.0
12/30/2006 13:00	39.0	67.4	48.0	67.7	45.0	67.9	47.0	63.8	48.0	56.0	227.0	64.4	5	100.0
12/30/2006 13:05	43.0	70.8	45.0	70.9	45.0	67.8	48.0	66.9	47.0	60.4	228.0	67.3	5	100.0
12/30/2006 13:10	49.0	72.7	49.0	71.9	50.0	68.4	47.0	68.6	57.0	62.8	252.0	68.7	5	100.0
12/30/2006 13:15	25.0	74.4	28.0	73.9	27.0	70.6	28.0	70.5	24.0	62.4	132.0	70.5	5	100.0
12/30/2006 13:20	46.0	76.0	53.0	73.7	54.0	71.6	49.0	71.0	51.0	64.7	253.0	71.3	5	100.0
12/30/2006 13:25	50.0	75.0	52.0	73.1	47.0	71.4	45.0	68.0	47.0	62.2	241.0	70.1	5	100.0
12/30/2006 13:30	49.0	74.7	54.0	73.1	50.0	72.2	52.0	69.5	49.0	62.8	254.0	70.5	5	100.0
12/30/2006 13:35	49.0	77.2	46.0	74.5	50.0	74.6	44.0	70.7	49.0	64.1	238.0	72.2	5	100.0
12/30/2006 13:40	58.0	77.2	62.0	73.4	55.0	70.8	52.0	70.6	53.0	64.1	280.0	71.4	5	100.0
12/30/2006 13:45	43.0	75.7	45.0	72.1	49.0	69.5	48.0	69.7	54.0	63.7	239.0	69.8	5	100.0
12/30/2006 13:50	41.0	76.6	51.0	73.3	47.0	70.4	47.0	68.8	46.0	63.2	232.0	70.4	5	100.0
12/30/2006 13:55	49.0	76.7	51.0	73.5	51.0	72.9	45.0	70.5	49.0	64.2	245.0	71.6	5	100.0
12/30/2006 14:00	36.0	78.2	54.0	76.5	46.0	73.7	50.0	72.1	46.0	66.0	232.0	73.2	5	100.0
12/30/2006 14:05	43.0	77.8	45.0	75.6	50.0	75.5	45.0	73.6	49.0	66.4	232.0	73.7	5	100.0
12/30/2006 14:10	44.0	78.5	50.0	75.3	46.0	75.3	44.0	73.2	48.0	66.1	232.0	73.6	5	100.0
12/30/2006 14:15	49.0	78.2	51.0	75.5	54.0	75.2	55.0	73.7	44.0	64.9	253.0	73.7	5	100.0
12/30/2006 14:20	40.0	77.5	48.0	74.9	46.0	74.1	42.0	71.3	45.0	64.7	221.0	72.4	5	100.0
12/30/2006 14:25	42.0	77.1	49.0	72.4	43.0	71.8	46.0	71.5	49.0	63.0	229.0	71.0	5	100.0
12/30/2006 14:30	54.0	75.9	55.0	72.0	55.0	71.8	55.0	69.6	52.0	64.0	271.0	70.7	5	100.0
12/30/2006 14:35	45.0	75.4	50.0	72.5	46.0	74.2	43.0	68.1	47.0	63.5	231.0	70.8	5	100.0
12/30/2006 14:40	46.0	76.8	54.0	74.1	56.0	76.1	49.0	67.7	47.0	64.3	252.0	72.0	5	100.0
12/30/2006 14:45	46.0	77.9	47.0	73.6	48.0	76.0	48.0	67.5	46.0	65.3	235.0	72.1	5	100.0
12/30/2006 14:50	45.0	75.9	51.0	73.2	42.0	72.7	43.0	69.7	42.0	64.8	223.0	71.4	5	100.0
12/30/2006 14:55	45.0	74.1	57.0	69.9	50.0	70.8	46.0	66.4	51.0	61.9	249.0	68.6	5	100.0
12/30/2006 15:00	39.0	73.6	49.0	74.0	47.0	69.6	44.0	62.7	49.0	62.8	228.0	68.4	5	100.0
12/30/2006 15:05	41.0	74.9	49.0	73.1	45.0	70.7	49.0	63.8	49.0	63.6	233.0	69.0	5	100.0
12/30/2006 15:10	48.0	76.0	49.0	74.1	48.0	71.8	45.0	68.4	48.0	64.0	238.0	70.9	5	100.0
12/30/2006 15:15	43.0	74.7	49.0	72.4	53.0	69.8	48.0	66.0	48.0	63.8	241.0	69.3	5	100.0
12/30/2006 15:20	43.0	76.7	52.0	73.6	48.0	72.1	47.0	66.6	47.0	64.2	237.0	70.6	5	100.0
12/30/2006 15:25	47.0	79.4	47.0	74.3	45.0	71.9	44.0	67.4	46.0	65.0	229.0	71.7	5	100.0
12/30/2006 15:30	43.0	76.1	51.0	73.1	49.0	70.4	45.0	65.6	48.0	62.5	236.0	69.5	5	100.0
12/30/2006 15:35	46.0	75.9	48.0	72.7	52.0	69.8	50.0	66.7	49.0	63.0	245.0	69.5	5	100.0
12/30/2006 15:40	45.0	74.8	45.0	71.6	45.0	69.1	45.0	67.3	45.0	63.4	225.0	69.2	5	100.0
12/30/2006 15:45	53.0	70.0	53.0	68.2	50.0	65.2	53.0	64.2	47.0	61.1	256.0	65.9	5	100.0
12/30/2006 15:50	48.0	66.5	47.0	65.0	47.0	61.9	42.0	60.0	51.0	57.4	235.0	62.1	5	100.0
12/30/2006 15:55	45.0	72.1	45.0	69.6	38.0	64.2	44.0	63.3	41.0	61.0	213.0	66.2	5	100.0
12/30/2006 16:00	47.0	73.9	48.0	72.5	46.0	68.6	45.0	64.7	45.0	62.8	231.0	68.6	5	100.0
12/30/2006 16:05	42.0	75.5	43.0	72.9	43.0	70.9	47.0	64.6	42.0	64.0	217.0	69.5	5	100.0
12/30/2006 16:10	42.0	75.0	45.0	72.5	47.0	72.0	47.0	64.0	40.0	63.6	221.0	69.5	5	100.0
12/30/2006 16:15	44.0	75.6	49.0	74.0	44.0	70.5	45.0	66.1	46.0	66.8	228.0	70.6	5	100.0
12/30/2006 16:20	47.0	75.6	49.0	74.0	43.0	69.7	46.0	65.9	44.0	67.2	229.0	70.6	5	100.0
12/30/2006 16:25	51.0	72.5	49.0	69.9	48.0	67.1	46.0	63.2	43.0	63.7	237.0	67.5	5	100.0
12/30/2006 16:30	54.0	73.1	51.0	70.0	51.0	67.4	47.0	62.7	46.0	62.6	249.0	67.4	5	100.0
12/30/2006 16:35	42.0	74.6	45.0	71.8	43.0	70.3	43.0	67.3	39.0	65.0	212.0	69.9	5	100.0
12/30/2006 16:40	47.0	75.9	46.0	72.4	45.0	71.5	43.0	67.6	41.0	64.0	222.0	70.5	5	100.0
12/30/2006 16:45	45.0	75.7	45.0	74.2	40.0	68.7	39.0	67.4	41.0	67.1	210.0	70.8	5	100.0
12/30/2006 16:50	42.0	74.6	41.0	73.7	44.0	71.1	38.0	69.0	34.0	67.7	199.0	71.4	5	100.0
12/30/2006 16:55	41.0	77.2	45.0	74.5	45.0	75.0	41.0	69.8	42.0	68.0	214.0	72.9	5	100.0
12/30/2006 17:00	47.0	73.2	49.0	65.2	43.0	69.5	44.0	64.0	40.0	60.5	223.0	66.6	5	100.0
12/30/2006 17:05	43.0	73.8	46.0	59.8	43.0	67.7	46.0	62.6	43.0	59.0	221.0	64.5	5	100.0
12/30/2006 17:10	47.0	73.9	48.0	58.0	48.0	66.0	41.0	62.7	40.0	60.1	224.0	64.3	5	100.0
12/30/2006 17:15	38.0	73.3	45.0	56.1	42.0	62.5	38.0	60.6	43.0	58.4	206.0	61.9	5	100.0
12/30/2006 17:20	43.0	73.5	45.0	56.2	50.0	62.8	46.0	60.7	40.0	56.7	224.0	62.0	5	100.0
12/30/2006 17:25	36.0	75.7	45.0	57.6	44.0	63.9	46.0	62.0	46.0	55.8	217.0	62.4	5	100.0
12/30/2006 17:30	45.0	72.6	48.0	55.7	44.0	60.7	49.0	58.6	45.0	52.5	231.0	59.9	5	100.0
12/30/2006 17:35	45.0	73.7	47.0	55.9	45.0	61.7	44.0	57.6	43.0	54.0	224.0	60.6	5	100.0
12/30/2006 17:40	35.0	73.7	40.0	58.3	36.0	62.1	43.0	62.0	42.0	56.1	196.0	62.1	5	100.0
12/30/2006 17:45	37.0	75.7	47.0	59.8	43.0	64.0	47.0	61.8	44.0	56.7	218.0	63.1	5	100.0
12/30/2006 17:50	39.0	74.5	45.0	59.2	41.0	63.5	45.0	62.5	44.0	54.7	214.0	62.6	5	100.0
12/30/2006 17:55	41.0	73.2	42.0	56.8	46.0	63.4	44.0	63.7	45.0	55.2	218.0	62.3	5	100.0
12/30/2006 18:00	36.0	72.9	41.0	57.9	46.0	63.3	42.0	64.5	46.0	57.1	211.0	62.8	5	100.0
12/30/2006 18:05	42.0	73.5	45.0	59.1	50.0	66.0	41.0	62.5	48.0	56.1	226.0	63.3	5	100.0
12/30/2006 18:10	37.0	74.0	43.0	59.7	40.0	65.0	43.0	63.5	41.0	57.3	204.0	63.7	5	100.0
12/30/2006 18:15	37.0	75.3	42.0	62.2	39.0	65.5	46.0	64.1	41.0	59.1	205.0	65.0	5	100.0
12/30/2006 18:20	40.0	74.6	44.0	61.3	47.0	67.0	47.0	62.8	41.0	58.3	219.0	64.7	5	100.0
12/30/2006 18:25	39.0	75.1	42.0	61.5	45.0	65.7	47.0	64.4	36.0	58.5	209.0	65.1	5	100.0
12/30/2006 18:30	33.0	76.5	40.0	61.9	39.0	67.0	40.0	65.1	35.0	57.5	187.0	65.4	5	100.0
12/30/2006 18:35	37.0	75.5	38.0	61.4	41.0	67.3	48.0	63.7	41.0	56.7	205.0	64.7	5	100.0
12/30/2006 18:40	32.0	75.0	41.0	61.5	43.0	66.6	39.0	63.0	38.0	57.4	193.0	64.4	5	100.0
12/30/2006 18:45	33.0	75.2	36.0	61.9	36.0	63.4	39.0	62.0	35.0	57.6	179.0	63.8	5	100.0
12/30/2006 18:50	37.0	74.9	41.0	60.4	41.0	66.3	44.0	64.1	36.0	56.5	199.0	64.4	5	100.0
12/30/2006 18:55	27.0	75.8	34.0	64.3	37.0	67.9	37.0	63.5	34.0	58.7	169.0	65.6	5	100.0
12/30/2006 19:00	31.0	76.0	39.0	69.4	40.0	67.4	42.0	65.9	42.0	59.9	194.0	67.2	5	100.0
12/30/2006 19:05	27.0	76.8	33.0	71.8	34.0	66.9	35.0	66.1	32.0	62.1	161.0	68.4	5	100.0
12/30/2006 19:10	32.0	77.6	39.0	71.6	44.0	67.0	42.0	64.6	38.0	61.3	195.0	68.0	5	100.0
12/30/2006 19:15	33.0	76.6	38.0	73.6	36.0	65.2	39.0	65.5	39.0	60.6	185.0	68.1	5	100.0
12/30/2006 19:20	30.0	76.5	35.0	75.6	34.0	68.6	39.0	66.7	35.0	62.4	173.0	69.7	5	100.0
12/30/2006 19:25	14.0	77.0	18.0	76.0	19.0	69.1	18.0	67.4	15.0	60.9	84.0	70.1	5	100.0
12/30/2006 19:30	31.0	78.4	38.0	75.7	34.0	70.6	34.0	65.1	37.0	61.0	174.0	70.0	5	100.0
12/30/2006 19:35	27.0	76.8	37.0	74.6	41.0	70.3	41.0	65.6	31.0	61.2	177.0	69.5	5	100.0
12/30/2006 19:40	25.0	77.3	32.0	75.6	36.0	70.3	36.0	66.4	35.0	59.2	164.0	69.2	5	100.0
12/30/2006 19:45	28.0	79.0	33.0	76.4	34.0	68.8	40.0	66.8	36.0	58.6	171.0	69.3	5	100.0
12/30/2006 19:50	24.0	79.0	31.0	75.9	34.0	70.9	33.0	65.0	27.0	63.1	149.0	70.5	5	100.0
12/30/2006 19:55	28.0	78.3	29.0	73.9	34.0	67.5	33.0	68.1	33.0	62.2	157.0	69.6	5	100.0
12/30/2006 20:00	26.0	76.3	35.0	73.5	31.0	66.4	36.0	66.7	35.0	62.7	163.0	68.8	5	100.0
12/30/2006 20:05	21.0	76.2	30.0	75.4	36.0	71.5	35.0	71.1	31.0	67.5	153.0	72.0	5	100.0
12/30/2006 20:10	29.0	76.9	34.0	74.7	34.0	71.5	33.0	68.9	31.0	68.4	161.0	72.0	5	100.0
12/30/2006 20:15	22.0	77.0	36.0	77.5	31.0	73.3	37.0	70.4	32.0	68.5	158.0	73.1	5	100.0
12/30/2006 20:20	27.0	77.4	36.0	76.3	37.0	73.1	39.0	71.4	33.0	67.9	172.0	73.1	5	100.0
12/30/2006 20:25	25.0	75.9	35.0	74.2	38.0	73.0	37.0	71.3	31.0	66.4	166.0	72.1	5	100.0
12/30/2006 20:30	27.0	75.7	33.0	74.1	33.0	73.7	36.0	69.9	27.0	65.3	156.0	71.8	5	100.0
12/30/2006 20:35	29.0	75.6	37.0	74.6	36.0	74.2	35.0	71.2	32.0	68.6	169.0	72.8	5	100.0
12/30/2006 20:40	21.0	78.1	25.0	75.8	30.0	76.4	34.0	74.5	26.0	67.6	136.0	74.4	5	100.0
12/30/2006 20:45	23.0	77.6	33.0	77.7	34.0	74.4	37.0	75.1	33.0	67.8	160.0	74.3	5	100.0
12/30/2006 20:50	19.0	77.2	29.0	77.0	33.0	74.6	32.0	74.7	31.0	69.8	144.0	74.4	5	100.0
12/30/2006 20:55	24.0	76.5	28.0	74.8	32.0	73.9	33.0	76.0	29.0	69.3	146.0	74.1	5	100.0
12/30/2006 21:00	28.0	74.8	33.0	73.6	33.0	73.5	35.0	73.5	31.0	67.5	160.0	72.6	5	100.0
12/30/2006 21:05	20.0	75.8	31.0	74.7	31.0	73.9	33.0	73.3	26.0	63.6	141.0	72.3	5	100.0
12/30/2006 21:10	24.0	76.4	33.0	75.2	31.0	72.8	32.0	71.8	28.0	63.3	148.0	71.9	5	100.0
12/30/2006 21:15	27.0	77.2	35.0	75.5	36.0	74.1	39.0	69.3	31.0	63.2	168.0	71.8	5	100.0
12/30/2006 21:20	21.0	77.2	33.0	76.2	35.0	75.7	31.0	70.7	25.0	64.4	145.0	73.0	5	100.0
12/30/2006 21:25	21.0	78.2	30.0	76.0	32.0	73.8	31.0	69.5	29.0	62.2	143.0	71.6	5	100.0
12/30/2006 21:30	28.0	79.6	28.0	75.6	29.0	73.1	26.0	70.3	31.0	66.0	142.0	72.8	5	100.0
12/30/2006 21:35	21.0	78.6	25.0	75.0	31.0	74.5	31.0	70.9	24.0	64.7	132.0	72.6	5	100.0
12/30/2006 21:40	23.0	78.4	29.0	74.3	31.0	73.1	33.0	69.3	29.0	64.4	145.0	71.6	5	100.0
12/30/2006 21:45	19.0	77.6	21.0	72.9	33.0	75.6	33.0	70.0	24.0	63.9	130.0	71.9	5	100.0
12/30/2006 21:50	20.0	79.2	27.0	72.6	31.0	72.2	31.0	70.6	31.0	66.2	140.0	71.6	5	100.0
12/30/2006 21:55	19.0	78.2	33.0	73.6	29.0	73.5	28.0	68.0	26.0	63.7	135.0	71.2	5	100.0
12/30/2006 22:00	20.0	78.1	32.0	73.9	31.0	71.8	27.0	66.7	29.0	64.4	139.0	70.7	5	100.0
12/30/2006 22:05	17.0	76.6	30.0	74.8	34.0	73.6	34.0	68.9	30.0	63.2	145.0	70.9	5	100.0
12/30/2006 22:10	24.0	76.0	33.0	74.5	35.0	73.6	27.0	67.1	28.0	64.5	147.0	71.3	5	100.0
12/30/2006 22:15	19.0	75.6	33.0	75.4	27.0	73.3	32.0	68.8	23.0	67.2	134.0	72.0	5	100.0
12/30/2006 22:20	23.0	76.1	29.0	74.8	33.0	73.9	32.0	70.2	25.0	67.5	142.0	72.5	5	100.0
12/30/2006 22:25	21.0	75.5	31.0	75.6	30.0	72.0	31.0	67.9	25.0	67.1	138.0	71.5	5	100.0
12/30/2006 22:30	20.0	75.2	29.0	76.0	27.0	71.9	30.0	70.1	27.0	68.7	133.0	72.2	5	100.0
12/30/2006 22:35	25.0	74.6	30.0	73.9	33.0	72.2	31.0	70.7	27.0	64.3	146.0	71.2	5	100.0
12/30/2006 22:40	14.0	76.2	28.0	76.4	27.0	73.1	31.0	67.8	28.0	66.5	128.0	71.4	5	100.0
12/30/2006 22:45	20.0	76.1	29.0	74.7	29.0	72.0	27.0	67.1	25.0	66.6	130.0	71.2	5	100.0
12/30/2006 22:50	19.0	76.1	27.0	75.1	19.0	70.9	23.0	68.4	19.0	65.0	107.0	71.3	5	100.0
12/30/2006 22:55	21.0	77.5	28.0	76.4	25.0	72.9	23.0	67.4	19.0	66.1	116.0	72.4	5	100.0
12/30/2006 23:00	18.0	76.6	27.0	74.4	26.0	72.8	28.0	70.1	22.0	62.6	121.0	71.2	5	100.0
12/30/2006 23:05	19.0	76.4	31.0	73.2	31.0	71.6	27.0	67.6	24.0	64.4	132.0	70.5	5	100.0
12/30/2006 23:10	16.0	76.3	25.0	72.8	27.0	73.3	28.0	69.6	21.0	63.6	117.0	71.0	5	100.0
12/30/2006 23:15	16.0	76.6	28.0	73.3	22.0	70.4	23.0	70.2	19.0	62.5	108.0	70.6	5	100.0
12/30/2006 23:20	17.0	77.1	27.0	74.6	23.0	70.3	26.0	69.2	19.0	63.5	112.0	71.0	5	100.0
12/30/2006 23:25	10.0	76.4	13.0	73.9	14.0	71.4	15.0	67.6	14.0	63.9	66.0	70.2	5	100.0
12/30/2006 23:30	15.0	76.4	25.0	74.9	29.0	71.0	25.0	66.8	23.0	62.3	117.0	69.9	5	100.0
12/30/2006 23:35	12.0	77.0	22.0	75.0	23.0	73.4	24.0	66.2	22.0	60.7	103.0	69.8	5	100.0
12/30/2006 23:40	17.0	78.0	25.0	76.6	25.0	73.6	18.0	68.5	23.0	63.1	108.0	71.9	5	100.0
12/30/2006 23:45	16.0	77.1	21.0	75.3	21.0	72.9	23.0	69.1	23.0	65.8	104.0	71.6	5	100.0
12/30/2006 23:50	15.0	78.2	19.0	73.8	21.0	73.1	23.0	70.0	15.0	66.5	93.0	72.2	5	100.0
12/30/2006 23:55	9.0	77.3	21.0	72.3	23.0	72.2	22.0	68.7	17.0	63.8	92.0	70.3	5	100.0
12/31/2006 00:00	11.0	76.5	20.0	74.0	16.0	72.0	16.0	69.2	15.0	64.5	78.0	71.1	5	100.0
12/31/2006 00:05	9.0	76.3	20.0	73.0	18.0	71.0	23.0	69.0	12.0	64.8	82.0	70.6	5	100.0
12/31/2006 00:10	15.0	76.4	23.0	73.2	23.0	66.3	19.0	68.0	11.0	63.3	91.0	69.7	5	100.0
12/31/2006 00:15	9.0	77.1	19.0	73.2	19.0	70.0	19.0	67.0	15.0	64.2	81.0	69.8	5	100.0
12/31/2006 00:20	9.0	77.1	15.0	73.9	16.0	71.3	16.0	67.4	15.0	64.6	71.0	70.3	5	100.0
12/31/2006 00:25	8.0	77.3	18.0	73.6	18.0	72.8	19.0	66.7	11.0	65.0	74.0	70.8	5	100.0
12/31/2006 00:30	6.0	77.0	7.0	73.6	8.0	72.3	8.0	68.4	6.0	65.1	35.0	71.2	5	100.0
12/31/2006 00:35	3.0	76.9	8.0	73.5	9.0	72.1	8.0	67.6	11.0	64.4	39.0	69.7	5	100.0
12/31/2006 00:40	6.0	76.7	17.0	73.6	20.0	70.3	17.0	65.7	19.0	64.3	79.0	69.1	5	100.0
12/31/2006 00:45	6.0	76.1	17.0	74.0	16.0	71.5	16.0	67.6	11.0	63.4	66.0	70.3	5	100.0
12/31/2006 00:50	7.0	76.8	16.0	73.4	15.0	71.3	17.0	68.7	13.0	64.0	68.0	70.3	5	100.0
12/31/2006 00:55	4.0	76.9	10.0	73.8	13.0	71.3	13.0	68.6	15.0	63.7	55.0	69.5	5	100.0
12/31/2006 01:00	6.0	76.3	13.0	74.2	11.0	71.3	15.0	67.8	16.0	64.4	61.0	69.7	5	100.0
12/31/2006 01:05	4.0	76.2	9.0	74.0	12.0	72.0	12.0	68.3	9.0	63.9	46.0	70.2	5	100.0
12/31/2006 01:10	7.0	76.5	13.0	73.7	13.0	72.5	14.0	69.5	14.0	64.6	61.0	70.7	5	100.0
12/31/2006 01:15	5.0	76.6	11.0	73.7	12.0	73.0	13.0	69.4	12.0	65.2	53.0	70.8	5	100.0
12/31/2006 01:20	4.0	76.7	8.0	74.0	9.0	73.1	10.0	67.4	8.0	65.0	39.0	70.5	5	100.0
12/31/2006 01:25	3.0	76.6	8.0	73.7	10.0	72.7	15.0	68.4	11.0	64.9	47.0	69.9	5	100.0
12/31/2006 01:30	4.0	76.7	9.0	74.0	15.0	71.8	10.0	69.4	11.0	65.3	49.0	70.7	5	100.0
12/31/2006 01:35	4.0	76.6	8.0	74.3	15.0	71.8	12.0	69.0	10.0	65.7	49.0	70.7	5	100.0
12/31/2006 01:40	5.0	76.6	15.0	74.7	15.0	73.1	15.0	69.9	13.0	65.4	63.0	71.4	5	100.0
12/31/2006 01:45	4.0	76.3	11.0	74.5	13.0	72.1	12.0	70.3	11.0	65.9	51.0	71.2	5	100.0
12/31/2006 01:50	4.0	76.5	9.0	74.4	13.0	72.3	13.0	70.1	11.0	64.8	50.0	70.8	5	100.0
12/31/2006 01:55	5.0	76.6	11.0	74.5	14.0	72.4	16.0	70.5	13.0	65.7	59.0	71.2	5	100.0
12/31/2006 02:00	4.0	76.6	11.0	74.2	15.0	71.7	13.0	70.6	14.0	65.2	57.0	70.7	5	100.0
12/31/2006 02:05	1.0	77.0	6.0	73.9	7.0	72.1	7.0	70.4	5.0	64.9	26.0	70.9	5	100.0
12/31/2006 02:10	6.0	76.6	11.0	74.1	10.0	72.0	11.0	70.3	9.0	65.1	47.0	71.4	5	100.0
12/31/2006 02:15	5.0	76.4	13.0	74.4	15.0	72.5	14.0	70.0	12.0	65.1	59.0	71.2	5	100.0
12/31/2006 02:20	3.0	76.6	12.0	74.8	15.0	72.5	12.0	65.2	7.0	65.0	49.0	70.5	5	100.0
12/31/2006 02:25	5.0	76.7	14.0	74.8	14.0	73.0	15.0	68.7	9.0	65.2	57.0	71.4	5	100.0
12/31/2006 02:30	5.0	76.4	11.0	74.4	11.0	73.0	13.0	68.9	7.0	64.5	47.0	71.3	5	100.0
12/31/2006 02:35	2.0	76.5	9.0	74.4	10.0	72.5	9.0	69.7	9.0	65.0	39.0	70.8	5	100.0
12/31/2006 02:40	1.0	76.9	5.0	74.0	8.0	72.1	7.0	69.3	8.0	64.6	29.0	69.8	5	100.0
12/31/2006 02:45	2.0	76.7	7.0	74.4	10.0	72.0	10.0	69.0	10.0	63.7	39.0	69.8	5	100.0
12/31/2006 02:50	3.0	76.8	6.0	74.3	7.0	72.4	9.0	69.6	6.0	64.4	31.0	70.8	5	100.0
12/31/2006 02:55	3.0	76.8	6.0	74.5	8.0	72.5	7.0	69.7	9.0	65.1	33.0	70.6	5	100.0
12/31/2006 03:00	3.0	76.3	7.0	74.4	9.0	72.6	5.0	69.4	6.0	65.1	30.0	71.4	5	100.0
12/31/2006 03:05	1.0	76.2	5.0	74.2	8.0	72.6	7.0	70.1	4.0	65.0	25.0	71.1	5	100.0
12/31/2006 03:10	1.0	75.9	3.0	74.1	4.0	72.6	7.0	69.6	6.0	65.1	21.0	69.8	5	100.0
12/31/2006 03:15	0.0	75.9	4.0	74.3	4.0	72.3	6.0	69.8	6.0	64.4	20.0	69.6	5	100.0
12/31/2006 03:20	3.0	76.0	4.0	73.6	6.0	72.0	6.0	69.3	5.0	64.8	24.0	70.6	5	100.0
12/31/2006 03:25	1.0	76.6	6.0	74.0	6.0	71.8	6.0	69.0	6.0	64.8	25.0	70.2	5	100.0
12/31/2006 03:30	1.0	76.9	4.0	73.9	7.0	71.7	9.0	69.7	5.0	64.5	26.0	70.2	5	100.0
12/31/2006 03:35	1.0	77.0	5.0	74.0	5.0	71.5	7.0	69.8	3.0	64.8	21.0	70.8	5	100.0
12/31/2006 03:40	0.0	77.0	5.0	74.1	5.0	71.8	7.0	70.2	5.0	64.5	22.0	70.2	5	100.0
12/31/2006 03:45	1.0	76.5	4.0	73.9	4.0	72.1	5.0	70.2	6.0	64.9	20.0	70.0	5	100.0
12/31/2006 03:50	0.0	76.5	5.0	74.1	6.0	72.1	6.0	70.1	3.0	64.7	20.0	70.9	5	100.0
12/31/2006 03:55	0.0	76.5	2.0	74.1	7.0	70.8	2.0	70.0	3.0	64.6	14.0	69.8	5	100.0
12/31/2006 04:00	0.0	76.5	3.0	73.8	1.0	71.9	3.0	68.9	1.0	64.5	8.0	70.6	5	100.0
12/31/2006 04:05	0.0	76.5	1.0	73.5	5.0	71.9	6.0	69.2	5.0	64.9	17.0	69.0	5	100.0
12/31/2006 04:10	0.0	76.5	3.0	74.0	5.0	71.8	7.0	68.2	3.0	64.9	18.0	69.6	5	100.0
12/31/2006 04:15	1.0	76.7	2.0	74.1	5.0	72.3	3.0	69.0	4.0	64.5	15.0	70.1	5	100.0
12/31/2006 04:20	0.0	76.7	2.0	73.8	3.0	72.5	1.0	68.9	3.0	64.9	9.0	69.9	5	100.0
12/31/2006 04:25	0.0	76.7	2.0	74.0	4.0	72.5	4.0	69.2	1.0	64.7	11.0	70.9	5	100.0
12/31/2006 04:30	0.0	76.7	1.0	73.8	1.0	72.8	3.0	69.0	2.0	63.9	7.0	68.8	5	100.0
12/31/2006 04:35	1.0	76.8	1.0	73.8	3.0	72.5	4.0	68.8	4.0	64.2	13.0	69.2	5	100.0
12/31/2006 04:40	0.0	76.8	1.0	73.5	1.0	72.1	2.0	69.3	2.0	64.5	6.0	68.9	5	100.0
12/31/2006 04:45	0.0	76.8	4.0	73.9	5.0	72.0	4.0	69.9	3.0	64.9	16.0	70.6	5	100.0
12/31/2006 04:50	0.0	76.8	3.0	74.2	3.0	72.3	4.0	69.6	4.0	63.9	14.0	69.5	5	100.0
12/31/2006 04:55	0.0	76.8	3.0	74.1	4.0	72.0	5.0	70.1	4.0	63.6	16.0	69.7	5	100.0
12/31/2006 05:00	0.0	76.8	3.0	74.3	5.0	72.2	5.0	69.7	2.0	63.7	15.0	70.7	5	100.0
12/31/2006 05:05	0.0	76.8	1.0	74.0	5.0	72.1	3.0	69.4	3.0	64.6	12.0	69.7	5	100.0
12/31/2006 05:10	0.0	76.8	1.0	74.5	2.0	72.2	2.0	69.1	1.0	64.6	6.0	70.3	5	100.0
12/31/2006 05:15	0.0	76.8	2.0	74.4	4.0	71.8	4.0	68.5	5.0	64.4	15.0	68.8	5	100.0
12/31/2006 05:20	0.0	76.8	2.0	74.3	6.0	72.3	4.0	69.0	3.0	64.5	15.0	70.1	5	100.0
12/31/2006 05:25	0.0	76.8	1.0	74.0	2.0	72.0	4.0	68.5	1.0	64.3	8.0	69.5	5	100.0
12/31/2006 05:30	1.0	76.3	4.0	73.6	7.0	71.7	5.0	68.0	3.0	64.7	20.0	70.3	5	100.0
12/31/2006 05:35	0.0	76.3	4.0	74.0	6.0	72.0	5.0	68.4	4.0	64.1	19.0	69.8	5	100.0
12/31/2006 05:40	1.0	76.5	5.0	74.3	5.0	72.0	5.0	68.2	5.0	63.9	21.0	69.9	5	100.0
12/31/2006 05:45	1.0	76.2	6.0	74.0	5.0	72.2	4.0	68.9	7.0	64.7	23.0	70.0	5	100.0
12/31/2006 05:50	2.0	76.2	5.0	74.1	5.0	72.1	6.0	68.6	5.0	63.9	23.0	70.2	5	100.0
12/31/2006 05:55	1.0	76.5	5.0	74.2	6.0	72.1	5.0	69.5	8.0	62.9	25.0	69.2	5	100.0
12/31/2006 06:00	1.0	76.9	7.0	73.9	5.0	71.9	7.0	69.4	5.0	63.8	25.0	70.3	5	100.0
12/31/2006 06:05	1.0	77.1	2.0	73.8	6.0	72.0	5.0	69.5	3.0	64.2	17.0	70.4	5	100.0
12/31/2006 06:10	1.0	77.2	6.0	74.2	5.0	72.3	7.0	69.6	4.0	64.4	23.0	70.8	5	100.0
12/31/2006 06:15	2.0	76.8	5.0	74.1	7.0	71.6	8.0	69.0	3.0	64.6	25.0	70.8	5	100.0
12/31/2006 06:20	1.0	76.4	6.0	73.8	9.0	71.8	8.0	69.0	3.0	64.3	27.0	70.8	5	100.0
12/31/2006 06:25	2.0	76.5	9.0	73.8	7.0	71.5	5.0	68.7	5.0	64.3	28.0	70.8	5	100.0
12/31/2006 06:30	1.0	76.9	7.0	73.8	6.0	71.9	6.0	68.8	5.0	64.6	25.0	70.4	5	100.0
12/31/2006 06:35	1.0	77.1	7.0	74.3	8.0	72.3	8.0	69.3	8.0	64.3	32.0	70.1	5	100.0
12/31/2006 06:40	2.0	76.8	10.0	73.8	8.0	72.4	9.0	69.1	5.0	63.6	34.0	70.9	5	100.0
12/31/2006 06:45	1.0	77.0	7.0	74.1	7.0	71.8	10.0	69.0	7.0	63.6	32.0	69.8	5	100.0
12/31/2006 06:50	2.0	76.7	9.0	74.4	9.0	71.9	11.0	70.5	5.0	64.4	36.0	71.3	5	100.0
12/31/2006 06:55	3.0	76.8	9.0	74.5	7.0	72.2	10.0	69.8	8.0	64.9	37.0	70.9	5	100.0
12/31/2006 07:00	1.0	76.5	5.0	74.1	6.0	72.0	5.0	69.9	4.0	64.9	21.0	70.9	5	100.0
12/31/2006 07:05	2.0	76.3	7.0	73.9	11.0	72.4	13.0	70.8	9.0	65.2	42.0	70.8	5	100.0
12/31/2006 07:10	3.0	76.2	12.0	74.2	10.0	71.1	7.0	69.8	7.0	65.1	39.0	71.1	5	100.0
12/31/2006 07:15	5.0	76.0	9.0	73.9	12.0	70.1	8.0	68.6	7.0	64.6	41.0	70.4	5	100.0
12/31/2006 07:20	4.0	76.4	11.0	74.0	13.0	71.5	11.0	69.3	6.0	65.0	45.0	71.1	5	100.0
12/31/2006 07:25	3.0	76.2	13.0	74.0	11.0	71.7	11.0	69.6	9.0	65.1	47.0	70.9	5	100.0
12/31/2006 07:30	7.0	76.5	13.0	73.7	13.0	70.7	12.0	69.0	9.0	64.3	54.0	70.7	5	100.0
12/31/2006 07:35	4.0	76.5	8.0	73.2	9.0	71.3	7.0	68.9	5.0	64.7	33.0	70.9	5	100.0
12/31/2006 07:40	4.0	76.3	11.0	73.7	16.0	72.1	13.0	68.2	11.0	64.9	55.0	70.4	5	100.0
12/31/2006 07:45	6.0	76.2	11.0	74.2	13.0	69.5	13.0	69.7	14.0	64.9	57.0	70.0	5	100.0
12/31/2006 07:50	6.0	76.4	15.0	74.0	15.0	70.5	12.0	67.4	13.0	63.0	61.0	69.7	5	100.0
12/31/2006 07:55	4.0	76.6	13.0	74.5	17.0	70.4	13.0	67.9	10.0	64.2	57.0	70.1	5	100.0
12/31/2006 08:00	2.0	76.7	13.0	74.3	15.0	71.4	15.0	68.9	11.0	62.5	56.0	69.8	5	100.0
12/31/2006 08:05	5.0	76.3	15.0	74.1	11.0	70.3	19.0	71.5	13.0	63.9	63.0	70.7	5	100.0
12/31/2006 08:10	5.0	76.5	13.0	73.8	16.0	70.9	16.0	70.0	11.0	61.9	61.0	70.1	5	100.0
12/31/2006 08:15	6.0	76.8	17.0	72.7	12.0	72.0	16.0	67.5	11.0	62.1	62.0	69.7	5	100.0
12/31/2006 08:20	6.0	76.6	8.0	73.5	11.0	71.8	11.0	67.7	8.0	63.0	44.0	70.1	5	100.0
12/31/2006 08:25	5.0	76.5	13.0	73.5	15.0	71.7	15.0	69.5	10.0	63.0	58.0	70.4	5	100.0
12/31/2006 08:30	6.0	76.6	17.0	74.0	18.0	69.7	13.0	68.5	15.0	63.1	69.0	69.7	5	100.0
12/31/2006 08:35	7.0	76.9	17.0	75.0	17.0	71.4	17.0	68.1	16.0	61.9	74.0	69.9	5	100.0
12/31/2006 08:40	7.0	76.5	16.0	74.0	20.0	72.7	19.0	68.9	13.0	62.3	75.0	70.6	5	100.0
12/31/2006 08:45	6.0	76.5	15.0	74.9	17.0	71.1	19.0	70.3	17.0	63.3	74.0	70.3	5	100.0
12/31/2006 08:50	8.0	76.9	16.0	74.8	18.0	72.8	19.0	70.7	20.0	63.0	81.0	70.7	5	100.0
12/31/2006 08:55	9.0	77.0	17.0	75.7	21.0	70.9	21.0	68.2	17.0	63.6	85.0	70.4	5	100.0
12/31/2006 09:00	5.0	77.0	18.0	76.3	17.0	72.8	22.0	68.1	18.0	63.9	80.0	70.6	5	100.0
12/31/2006 09:05	11.0	77.1	21.0	75.3	24.0	72.1	23.0	69.2	20.0	64.7	99.0	71.2	5	100.0
12/31/2006 09:10	1.0	77.3	7.0	75.1	5.0	72.1	7.0	69.4	6.0	64.8	26.0	70.7	5	100.0
12/31/2006 09:15	6.0	77.2	15.0	74.2	15.0	72.6	19.0	70.9	15.0	64.3	70.0	71.1	5	100.0
12/31/2006 09:20	7.0	77.2	19.0	74.4	23.0	72.6	23.0	71.2	16.0	62.8	88.0	71.2	5	100.0
12/31/2006 09:25	9.0	76.9	18.0	72.6	22.0	73.6	22.0	71.2	19.0	62.1	90.0	70.7	5	100.0
12/31/2006 09:30	13.0	76.3	21.0	75.6	19.0	73.9	23.0	69.7	25.0	63.4	101.0	71.0	5	100.0
12/31/2006 09:35	12.0	76.4	24.0	74.8	26.0	73.0	26.0	68.7	29.0	66.5	117.0	71.2	5	100.0
12/31/2006 09:40	17.0	76.3	26.0	76.5	29.0	73.0	29.0	66.2	32.0	65.0	133.0	70.7	5	100.0
12/31/2006 09:45	15.0	76.4	22.0	75.4	26.0	72.8	30.0	68.2	25.0	64.4	118.0	70.8	5	100.0
12/31/2006 09:50	13.0	76.8	23.0	75.3	29.0	74.5	25.0	70.6	25.0	62.1	115.0	71.4	5	100.0
12/31/2006 09:55	17.0	76.1	27.0	76.1	29.0	73.6	27.0	69.2	31.0	63.1	131.0	71.0	5	100.0
12/31/2006 10:00	15.0	77.4	27.0	76.5	28.0	74.7	26.0	66.9	28.0	60.0	124.0	70.5	5	100.0
12/31/2006 10:05	19.0	78.4	30.0	77.2	28.0	73.2	29.0	64.3	32.0	56.8	138.0	69.1	5	100.0
12/31/2006 10:10	15.0	77.8	28.0	77.4	28.0	72.4	29.0	63.7	34.0	55.7	134.0	67.9	5	100.0
12/31/2006 10:15	16.0	77.1	26.0	75.8	28.0	73.7	29.0	64.3	29.0	55.6	128.0	68.3	5	100.0
12/31/2006 10:20	21.0	77.1	32.0	74.1	36.0	72.5	36.0	61.9	34.0	56.2	159.0	67.5	5	100.0
12/31/2006 10:25	19.0	77.0	30.0	74.6	32.0	71.7	33.0	61.8	31.0	55.2	145.0	67.2	5	100.0
12/31/2006 10:30	22.0	77.8	33.0	74.1	33.0	70.8	39.0	61.4	33.0	54.5	160.0	66.8	5	100.0
12/31/2006 10:35	25.0	77.4	32.0	75.7	31.0	72.5	34.0	65.2	34.0	55.7	156.0	68.7	5	100.0
12/31/2006 10:40	21.0	76.4	34.0	75.2	38.0	74.8	35.0	59.4	31.0	56.1	159.0	68.1	5	100.0
12/31/2006 10:45	24.0	76.9	39.0	72.7	34.0	71.1	38.0	61.9	34.0	54.9	169.0	67.0	5	100.0
12/31/2006 10:50	29.0	77.6	36.0	71.2	38.0	73.1	38.0	60.4	44.0	54.8	185.0	66.5	5	100.0
12/31/2006 10:55	25.0	78.0	32.0	73.0	36.0	71.7	36.0	61.6	39.0	55.9	168.0	67.1	5	100.0
12/31/2006 11:00	25.0	78.9	35.0	73.6	33.0	66.5	38.0	63.2	37.0	55.5	168.0	66.7	5	100.0
12/31/2006 11:05	16.0	76.8	29.0	74.1	30.0	65.4	26.0	61.0	36.0	56.2	137.0	65.3	5	100.0
12/31/2006 11:10	25.0	78.3	35.0	75.8	35.0	65.6	31.0	58.7	39.0	54.4	165.0	65.7	5	100.0
12/31/2006 11:15	26.0	79.0	33.0	76.1	33.0	63.4	37.0	62.9	33.0	54.8	162.0	66.6	5	100.0
12/31/2006 11:20	18.0	79.2	26.0	77.6	33.0	64.7	35.0	63.3	37.0	55.0	149.0	66.0	5	100.0
12/31/2006 11:25	25.0	78.9	35.0	76.9	36.0	64.3	39.0	64.0	39.0	53.2	174.0	66.4	5	100.0
12/31/2006 11:30	28.0	77.7	38.0	76.6	37.0	64.1	36.0	62.5	41.0	53.2	180.0	66.1	5	100.0
12/31/2006 11:35	23.0	77.7	34.0	76.5	34.0	61.0	43.0	61.7	37.0	51.5	171.0	64.4	5	100.0
12/31/2006 11:40	29.0	76.6	36.0	76.9	35.0	59.1	34.0	60.6	34.0	53.8	168.0	65.2	5	100.0
12/31/2006 11:45	29.0	77.4	40.0	76.9	37.0	59.4	41.0	60.3	39.0	53.2	186.0	64.9	5	100.0
12/31/2006 11:50	24.0	77.5	32.0	76.7	40.0	60.4	39.0	61.8	45.0	52.9	180.0	64.0	5	100.0
12/31/2006 11:55	27.0	77.7	37.0	77.2	41.0	60.7	41.0	61.9	36.0	55.7	182.0	65.9	5	100.0
12/31/2006 12:00	28.0	77.7	32.0	70.7	34.0	61.1	37.0	61.5	44.0	56.7	175.0	64.5	5	100.0
12/31/2006 12:05	26.0	76.5	35.0	67.7	39.0	61.8	40.0	61.4	43.0	53.7	183.0	63.0	5	100.0
12/31/2006 12:10	30.0	75.4	41.0	64.3	42.0	61.3	42.0	60.2	41.0	55.4	196.0	62.6	5	100.0
12/31/2006 12:15	28.0	75.0	37.0	63.1	39.0	60.9	44.0	60.7	43.0	54.9	191.0	62.0	5	100.0
12/31/2006 12:20	23.0	75.2	38.0	63.3	42.0	60.2	41.0	61.0	41.0	53.9	185.0	61.5	5	100.0
12/31/2006 12:25	29.0	75.4	40.0	62.5	39.0	59.0	42.0	61.2	43.0	53.1	193.0	61.4	5	100.0
12/31/2006 12:30	34.0	76.4	41.0	63.7	44.0	59.4	44.0	59.9	43.0	52.4	206.0	61.7	5	100.0
12/31/2006 12:35	27.0	76.2	38.0	64.0	41.0	60.8	42.0	60.1	46.0	52.1	194.0	61.4	5	100.0
12/31/2006 12:40	30.0	75.3	33.0	62.8	33.0	60.8	43.0	61.5	40.0	53.9	179.0	62.2	5	100.0
12/31/2006 12:45	23.0	75.9	37.0	63.1	37.0	60.7	38.0	61.6	42.0	53.0	177.0	61.5	5	100.0
12/31/2006 12:50	23.0	76.2	39.0	64.1	37.0	60.2	45.0	60.5	45.0	53.1	189.0	61.3	5	100.0
12/31/2006 12:55	29.0	77.2	39.0	62.9	37.0	62.0	45.0	61.5	43.0	53.7	193.0	62.5	5	100.0
12/31/2006 13:00	26.0	64.2	37.0	62.7	40.0	61.7	43.0	60.0	43.0	53.8	189.0	60.1	5	100.0
12/31/2006 13:05	37.0	57.2	45.0	62.5	41.0	60.9	44.0	59.4	41.0	54.5	208.0	59.0	5	100.0
12/31/2006 13:10	34.0	52.5	40.0	61.0	41.0	59.1	43.0	59.6	49.0	52.6	207.0	56.9	5	100.0
12/31/2006 13:15	28.0	52.4	39.0	60.8	40.0	60.4	41.0	60.5	48.0	53.0	196.0	57.5	5	100.0
12/31/2006 13:20	30.0	52.7	41.0	61.4	44.0	61.7	44.0	60.3	47.0	53.1	206.0	58.1	5	100.0
12/31/2006 13:25	37.0	50.7	42.0	61.9	41.0	61.2	43.0	60.6	46.0	53.5	209.0	57.7	5	100.0
12/31/2006 13:30	33.0	50.3	38.0	61.0	43.0	61.4	41.0	61.3	43.0	52.6	198.0	57.5	5	100.0
12/31/2006 13:35	40.0	49.2	44.0	61.3	45.0	59.5	42.0	61.7	44.0	52.8	215.0	57.0	5	100.0
12/31/2006 13:40	35.0	48.8	43.0	60.7	43.0	59.5	40.0	61.5	43.0	49.8	204.0	56.3	5	100.0
12/31/2006 13:45	36.0	49.0	44.0	61.2	41.0	59.5	45.0	62.2	49.0	50.9	215.0	56.7	5	100.0
12/31/2006 13:50	37.0	47.8	45.0	60.7	43.0	60.5	45.0	61.1	45.0	52.0	215.0	56.7	5	100.0
12/31/2006 13:55	35.0	47.7	43.0	61.9	39.0	59.8	43.0	61.4	41.0	53.9	201.0	57.3	5	100.0
12/31/2006 14:00	43.0	47.7	55.0	61.5	48.0	59.6	46.0	58.7	53.0	50.5	245.0	55.8	5	100.0
12/31/2006 14:05	34.0	50.4	38.0	61.6	41.0	58.5	45.0	59.1	44.0	50.2	202.0	56.0	5	100.0
12/31/2006 14:10	32.0	50.3	42.0	63.2	38.0	59.9	42.0	59.0	43.0	51.5	197.0	57.0	5	100.0
12/31/2006 14:15	41.0	49.1	41.0	61.3	47.0	60.2	45.0	60.1	42.0	51.0	216.0	56.5	5	100.0
12/31/2006 14:20	28.0	49.9	41.0	61.8	35.0	60.3	32.0	61.7	37.0	52.8	173.0	57.6	5	100.0
12/31/2006 14:25	42.0	48.9	43.0	60.7	47.0	60.4	45.0	60.3	44.0	51.9	221.0	56.6	5	100.0
12/31/2006 14:30	36.0	48.7	44.0	61.2	44.0	57.7	44.0	59.6	44.0	51.7	212.0	56.0	5	100.0
12/31/2006 14:35	40.0	48.1	44.0	61.8	49.0	58.8	46.0	60.2	46.0	51.7	225.0	56.3	5	100.0
12/31/2006 14:40	32.0	50.2	40.0	62.0	41.0	61.1	46.0	60.5	43.0	52.0	202.0	57.5	5	100.0
12/31/2006 14:45	40.0	48.9	45.0	61.8	44.0	58.3	41.0	60.6	41.0	52.7	211.0	56.6	5	100.0
12/31/2006 14:50	39.0	48.0	45.0	61.7	48.0	60.3	43.0	60.5	46.0	52.5	221.0	56.8	5	100.0
12/31/2006 14:55	39.0	48.1	43.0	61.7	41.0	60.5	44.0	62.8	45.0	53.9	212.0	57.5	5	100.0
12/31/2006 15:00	37.0	48.4	47.0	63.4	40.0	58.6	47.0	59.9	39.0	52.4	210.0	57.0	5	100.0
12/31/2006 15:05	39.0	47.4	43.0	63.2	47.0	60.5	43.0	60.4	35.0	54.0	207.0	57.5	5	100.0
12/31/2006 15:10	33.0	50.0	41.0	62.8	41.0	61.3	36.0	60.9	42.0	53.6	193.0	57.9	5	100.0
12/31/2006 15:15	30.0	48.8	38.0	61.8	36.0	60.9	37.0	59.5	40.0	53.7	181.0	57.2	5	100.0
12/31/2006 15:20	35.0	49.6	44.0	62.9	45.0	59.8	38.0	60.0	39.0	53.7	201.0	57.6	5	100.0
12/31/2006 15:25	33.0	49.7	39.0	63.1	38.0	60.4	44.0	62.2	40.0	54.0	194.0	58.2	5	100.0
12/31/2006 15:30	34.0	47.6	40.0	62.0	41.0	59.9	40.0	61.7	33.0	54.2	188.0	57.5	5	100.0
12/31/2006 15:35	35.0	49.2	39.0	61.8	42.0	61.8	38.0	61.3	39.0	54.2	193.0	57.9	5	100.0
12/31/2006 15:40	35.0	48.4	44.0	61.7	41.0	61.6	43.0	61.8	38.0	54.8	201.0	58.1	5	100.0
12/31/2006 15:45	39.0	48.3	40.0	61.3	47.0	61.6	45.0	61.2	39.0	53.1	210.0	57.4	5	100.0
12/31/2006 15:50	41.0	48.5	41.0	60.4	40.0	61.5	41.0	61.6	38.0	53.6	201.0	57.2	5	100.0
12/31/2006 15:55	35.0	47.7	42.0	59.6	37.0	59.2	42.0	61.5	35.0	54.2	191.0	56.8	5	100.0
12/31/2006 16:00	28.0	50.7	37.0	61.5	38.0	61.5	38.0	61.1	34.0	53.2	175.0	58.1	5	100.0
12/31/2006 16:05	38.0	48.2	42.0	59.5	46.0	60.8	41.0	59.8	41.0	54.5	208.0	56.8	5	100.0
12/31/2006 16:10	33.0	46.2	42.0	61.3	41.0	60.4	39.0	59.4	39.0	54.7	194.0	56.8	5	100.0
12/31/2006 16:15	41.0	47.3	45.0	60.7	43.0	58.8	45.0	59.9	44.0	53.6	218.0	56.2	5	100.0
12/31/2006 16:20	34.0	47.0	40.0	60.6	44.0	59.1	39.0	60.2	36.0	53.8	193.0	56.5	5	100.0
12/31/2006 16:25	43.0	47.1	37.0	59.6	45.0	59.4	38.0	60.2	44.0	52.4	207.0	55.5	5	100.0
12/31/2006 16:30	35.0	48.1	43.0	60.6	37.0	58.1	44.0	61.0	39.0	54.9	198.0	56.9	5	100.0
12/31/2006 16:35	39.0	47.1	47.0	61.7	55.0	59.4	45.0	60.7	45.0	53.7	231.0	56.9	5	100.0
12/31/2006 16:40	37.0	47.2	39.0	60.4	41.0	60.6	35.0	60.0	36.0	53.9	188.0	56.5	5	100.0
12/31/2006 16:45	41.0	46.9	45.0	60.6	45.0	60.0	44.0	60.4	40.0	52.6	215.0	56.3	5	100.0
12/31/2006 16:50	27.0	49.8	37.0	60.3	36.0	58.0	38.0	59.6	34.0	52.3	172.0	56.4	5	100.0
12/31/2006 16:55	31.0	49.8	39.0	60.9	40.0	57.3	39.0	61.2	35.0	51.8	184.0	56.6	5	100.0
12/31/2006 17:00	20.0	56.0	27.0	63.9	28.0	60.4	25.0	62.0	23.0	53.9	123.0	59.6	5	100.0
12/31/2006 17:05	24.0	56.0	39.0	63.2	39.0	59.9	38.0	60.1	30.0	54.5	170.0	59.2	5	100.0
12/31/2006 17:10	19.0	59.1	23.0	61.7	20.0	59.4	18.0	62.4	17.0	55.8	97.0	59.8	5	100.0
12/31/2006 17:15	36.0	54.6	40.0	60.4	42.0	59.4	46.0	61.3	36.0	54.2	200.0	58.2	5	100.0
12/31/2006 17:20	25.0	52.6	41.0	60.1	37.0	58.3	42.0	60.6	31.0	52.4	176.0	57.4	5	100.0
12/31/2006 17:25	34.0	49.1	37.0	60.1	39.0	58.7	42.0	60.7	35.0	52.7	187.0	56.6	5	100.0
12/31/2006 17:30	31.0	51.6	35.0	61.9	41.0	61.2	39.0	60.5	34.0	53.3	180.0	58.0	5	100.0
12/31/2006 17:35	27.0	51.0	36.0	61.0	38.0	60.1	41.0	59.9	37.0	52.7	179.0	57.3	5	100.0
12/31/2006 17:40	37.0	48.4	44.0	59.9	43.0	59.8	42.0	59.6	39.0	53.5	205.0	56.5	5	100.0
12/31/2006 17:45	30.0	49.9	35.0	60.5	38.0	59.1	34.0	61.2	37.0	53.4	174.0	57.0	5	100.0
12/31/2006 17:50	28.0	50.3	40.0	60.0	39.0	58.5	39.0	59.8	36.0	49.9	182.0	56.1	5	100.0
12/31/2006 17:55	31.0	49.6	43.0	61.1	37.0	59.5	42.0	60.6	37.0	50.7	190.0	56.8	5	100.0
12/31/2006 18:00	29.0	63.1	37.0	68.7	34.0	60.5	41.0	61.3	34.0	51.2	175.0	61.0	5	100.0
12/31/2006 18:05	25.0	69.8	36.0	71.0	37.0	60.1	38.0	59.1	35.0	51.4	171.0	61.8	5	100.0
12/31/2006 18:10	29.0	73.1	38.0	72.7	35.0	57.6	39.0	59.1	39.0	51.7	180.0	62.3	5	100.0
12/31/2006 18:15	34.0	76.1	41.0	73.3	34.0	58.2	44.0	60.6	36.0	52.5	189.0	64.2	5	100.0
12/31/2006 18:20	24.0	76.3	34.0	74.0	42.0	59.9	43.0	61.0	40.0	52.8	183.0	63.4	5	100.0
12/31/2006 18:25	25.0	78.8	30.0	73.5	38.0	59.2	39.0	61.4	33.0	50.7	165.0	63.6	5	100.0
12/31/2006 18:30	24.0	78.3	34.0	73.3	35.0	58.2	34.0	61.2	36.0	49.9	163.0	63.1	5	100.0
12/31/2006 18:35	24.0	78.6	39.0	76.3	39.0	58.8	42.0	61.3	36.0	52.3	180.0	64.5	5	100.0
12/31/2006 18:40	25.0	78.8	32.0	75.7	33.0	60.0	35.0	60.5	29.0	51.5	154.0	64.8	5	100.0
12/31/2006 18:45	25.0	79.4	32.0	74.1	38.0	60.1	36.0	58.2	34.0	52.3	165.0	63.7	5	100.0
12/31/2006 18:50	19.0	76.9	31.0	74.5	33.0	60.5	37.0	59.9	34.0	54.6	154.0	63.9	5	100.0
12/31/2006 18:55	25.0	77.2	30.0	74.8	29.0	62.0	34.0	60.9	36.0	53.0	154.0	64.6	5	100.0
12/31/2006 19:00	22.0	77.7	31.0	76.0	34.0	62.7	32.0	61.4	26.0	59.3	145.0	66.9	5	100.0
12/31/2006 19:05	30.0	78.2	39.0	74.8	36.0	60.7	33.0	60.7	35.0	60.8	173.0	66.9	5	100.0
12/31/2006 19:10	25.0	79.0	30.0	78.7	31.0	62.9	27.0	60.3	27.0	61.2	140.0	68.3	5	100.0
12/31/2006 19:15	16.0	77.6	31.0	77.4	29.0	61.6	36.0	59.9	35.0	62.6	147.0	66.5	5	100.0
12/31/2006 19:20	23.0	77.6	31.0	75.6	33.0	61.9	33.0	60.8	23.0	64.1	143.0	67.5	5	100.0
12/31/2006 19:25	16.0	77.7	26.0	75.6	30.0	60.5	31.0	62.3	31.0	62.8	134.0	66.4	5	100.0
12/31/2006 19:30	18.0	77.0	28.0	77.1	25.0	61.2	31.0	61.7	31.0	62.2	133.0	67.0	5	100.0
12/31/2006 19:35	20.0	77.2	27.0	75.1	26.0	62.9	29.0	62.3	30.0	62.2	132.0	67.3	5	100.0
12/31/2006 19:40	18.0	76.3	31.0	74.0	32.0	60.6	31.0	60.5	29.0	59.9	141.0	65.4	5	100.0
12/31/2006 19:45	19.0	75.0	29.0	76.2	31.0	61.4	31.0	61.8	29.0	63.1	139.0	66.8	5	100.0
12/31/2006 19:50	23.0	75.8	29.0	75.0	36.0	61.3	36.0	63.6	29.0	66.1	153.0	67.5	5	100.0
12/31/2006 19:55	19.0	76.6	25.0	74.2	29.0	60.3	31.0	63.2	25.0	66.9	129.0	67.4	5	100.0
12/31/2006 20:00	18.0	76.7	23.0	74.3	26.0	65.0	21.0	66.3	25.0	66.4	113.0	69.3	5	100.0
12/31/2006 20:05	18.0	76.4	24.0	73.0	31.0	67.6	36.0	70.0	31.0	65.2	140.0	69.7	5	100.0
12/31/2006 20:10	22.0	76.3	30.0	73.6	33.0	70.5	31.0	67.3	32.0	66.2	148.0	70.4	5	100.0
12/31/2006 20:15	19.0	76.8	25.0	73.4	25.0	70.8	26.0	68.8	29.0	65.7	124.0	70.6	5	100.0
12/31/2006 20:20	14.0	77.5	26.0	74.2	28.0	73.0	24.0	68.5	25.0	64.4	117.0	71.0	5	100.0
12/31/2006 20:25	11.0	77.4	24.0	72.9	28.0	73.4	30.0	69.0	24.0	65.9	117.0	71.0	5	100.0
12/31/2006 20:30	17.0	77.4	26.0	74.0	28.0	70.7	36.0	69.9	30.0	66.4	137.0	71.0	5	100.0
12/31/2006 20:35	16.0	77.8	24.0	76.4	24.0	72.5	26.0	69.1	29.0	65.6	119.0	71.6	5	100.0
12/31/2006 20:40	13.0	77.6	21.0	74.9	26.0	74.1	26.0	71.4	22.0	65.4	108.0	72.3	5	100.0
12/31/2006 20:45	15.0	77.6	29.0	72.9	29.0	73.3	20.0	66.1	28.0	64.5	121.0	70.5	5	100.0
12/31/2006 20:50	16.0	77.1	25.0	74.8	25.0	73.9	33.0	65.6	27.0	65.0	126.0	70.4	5	100.0
12/31/2006 20:55	9.0	76.7	24.0	73.0	26.0	72.3	25.0	67.7	20.0	64.7	104.0	70.3	5	100.0
12/31/2006 21:00	17.0	75.3	26.0	74.3	24.0	72.7	29.0	70.8	24.0	64.9	120.0	71.4	5	100.0
12/31/2006 21:05	12.0	76.2	23.0	74.9	26.0	72.4	25.0	70.9	24.0	67.1	110.0	71.8	5	100.0
12/31/2006 21:10	11.0	75.7	29.0	74.6	26.0	71.3	25.0	70.6	24.0	63.2	115.0	70.7	5	100.0
12/31/2006 21:15	17.0	77.0	29.0	74.0	28.0	74.6	32.0	69.6	22.0	62.3	128.0	71.4	5	100.0
12/31/2006 21:20	8.0	76.9	19.0	74.0	19.0	73.8	19.0	69.8	21.0	62.6	86.0	70.5	5	100.0
12/31/2006 21:25	13.0	76.6	22.0	73.1	23.0	75.0	23.0	69.6	19.0	65.0	100.0	71.6	5	100.0
12/31/2006 21:30	5.0	76.6	16.0	74.5	21.0	73.4	24.0	71.8	23.0	67.0	89.0	71.7	5	100.0
12/31/2006 21:35	10.0	76.1	25.0	76.1	21.0	74.1	29.0	73.9	25.0	67.2	110.0	73.1	5	100.0
12/31/2006 21:40	13.0	77.1	25.0	74.8	28.0	75.3	26.0	68.1	25.0	67.8	117.0	72.2	5	100.0
12/31/2006 21:45	11.0	76.8	22.0	74.6	23.0	76.3	25.0	71.7	23.0	68.4	104.0	73.1	5	100.0
12/31/2006 21:50	10.0	77.4	19.0	76.2	19.0	75.3	19.0	69.6	19.0	64.6	86.0	72.1	5	100.0
12/31/2006 21:55	12.0	76.8	24.0	77.5	23.0	74.1	20.0	72.2	19.0	64.2	98.0	73.0	5	100.0
12/31/2006 22:00	14.0	76.4	18.0	76.1	22.0	72.7	20.0	69.8	17.0	65.2	91.0	71.9	5	100.0
12/31/2006 22:05	11.0	77.1	20.0	73.4	25.0	70.8	25.0	71.3	19.0	65.8	100.0	71.2	5	100.0
12/31/2006 22:10	11.0	77.5	17.0	72.8	20.0	71.1	19.0	68.7	21.0	63.7	88.0	69.9	5	100.0
12/31/2006 22:15	10.0	77.3	21.0	73.1	20.0	71.7	21.0	68.6	21.0	65.2	93.0	70.5	5	100.0
12/31/2006 22:20	11.0	76.5	21.0	73.5	23.0	72.0	23.0	69.7	19.0	65.2	97.0	71.0	5	100.0
12/31/2006 22:25	12.0	76.6	23.0	71.5	22.0	72.2	21.0	67.9	19.0	64.2	97.0	70.1	5	100.0
12/31/2006 22:30	12.0	76.9	22.0	73.6	20.0	73.0	16.0	69.6	19.0	65.7	89.0	71.5	5	100.0
12/31/2006 22:35	9.0	77.2	18.0	72.8	21.0	72.7	24.0	70.8	21.0	66.2	93.0	71.2	5	100.0
12/31/2006 22:40	9.0	76.4	20.0	72.7	16.0	72.5	19.0	71.0	22.0	68.0	86.0	71.5	5	100.0
12/31/2006 22:45	7.0	76.6	17.0	73.7	18.0	72.4	18.0	70.5	19.0	67.4	79.0	71.4	5	100.0
12/31/2006 22:50	4.0	77.0	7.0	74.1	9.0	72.0	10.0	70.2	9.0	65.8	39.0	71.0	5	100.0
12/31/2006 22:55	7.0	77.1	19.0	74.8	20.0	72.1	19.0	71.5	16.0	66.2	81.0	71.9	5	100.0
12/31/2006 23:00	8.0	76.9	16.0	74.4	15.0	72.8	18.0	68.7	14.0	63.8	71.0	70.8	5	100.0
12/31/2006 23:05	6.0	76.8	8.0	74.4	10.0	72.3	10.0	68.7	11.0	64.0	45.0	70.4	5	100.0
12/31/2006 23:10	4.0	76.8	8.0	73.9	7.0	72.2	11.0	68.2	7.0	64.1	37.0	70.3	5	100.0
12/31/2006 23:15	9.0	76.6	15.0	74.0	17.0	72.2	20.0	69.4	15.0	63.7	76.0	70.7	5	100.0
12/31/2006 23:20	9.0	76.3	17.0	75.1	19.0	72.7	17.0	69.0	12.0	64.1	74.0	71.4	5	100.0
12/31/2006 23:25	7.0	76.6	14.0	74.3	14.0	70.8	21.0	69.5	17.0	63.7	73.0	70.0	5	100.0
12/31/2006 23:30	3.0	76.5	12.0	73.1	16.0	72.2	19.0	67.6	18.0	63.3	68.0	68.9	5	100.0
12/31/2006 23:35	7.0	76.8	15.0	74.2	16.0	72.9	19.0	68.1	12.0	63.9	69.0	70.7	5	100.0
12/31/2006 23:40	8.0	76.7	14.0	74.3	13.0	73.2	16.0	69.5	11.0	63.7	62.0	71.3	5	100.0
12/31/2006 23:45	7.0	76.5	14.0	74.2	13.0	72.3	15.0	69.0	12.0	64.6	61.0	70.9	5	100.0
12/31/2006 23:50	5.0	76.4	12.0	74.4	12.0	72.8	14.0	68.4	14.0	64.7	57.0	70.4	5	100.0
12/31/2006 23:55	1.0	76.3	5.0	74.2	7.0	72.6	6.0	68.5	8.0	64.6	27.0	69.8	5	100.0
